游戏地址,游戏名字
http://www.4399.com/flash/206621.htm,激光迷阵
http://www.4399.com/flash/206348.htm,萌犬找茬
http://www.4399.com/flash/195990.htm,兔宝宝打扫娃娃屋
http://www.4399.com/flash/205327.htm,超级盒帽连连看
http://www.4399.com/flash/205097.htm,消除数字挣金币
http://www.4399.com/flash/203231.htm,逗小猴开心之圣诞节
http://www.4399.com/flash/202574.htm,永恒之花
http://www.4399.com/flash/202617.htm,泡泡兔手工课
http://www.4399.com/flash/202386.htm,五彩对接
http://www.4399.com/flash/202149.htm,小熊与蜂蜜
http://www.4399.com/flash/201392.htm,新成语接龙
http://www.4399.com/flash/200715.htm,跑男回家
http://www.4399.com/flash/200129.htm,动词游戏
http://www.4399.com/flash/200043.htm,错别字大追捕
http://www.4399.com/flash/199688.htm,水果益智对对碰
http://www.4399.com/flash/199752.htm,乐儿魔法速算
http://www.4399.com/flash/199769.htm,消灭怪物大作战
http://www.4399.com/flash/199044.htm,滑动蓝色方块
http://www.4399.com/flash/199535.htm,瑞德的冒险之旅中文版
http://www.4399.com/flash/198913.htm,逗小猴开心之四个世界4
http://www.4399.com/flash/199049.htm,史上最贱小游戏之足球
http://www.4399.com/flash/199037.htm,探探猫拼图
http://www.4399.com/flash/198901.htm,TFboys陪你做暑假作业
http://www.4399.com/flash/197968.htm,拼字悬浮岛
http://www.4399.com/flash/197713.htm,谜之电梯
http://www.4399.com/flash/197532.htm,象形字连连看
http://www.4399.com/flash/197685.htm,太极阴阳球
http://www.4399.com/flash/197275.htm,猫狗大作战中文版
http://www.4399.com/flash/197089.htm,逗小猴开心之四个世界3
http://www.4399.com/flash/195768.htm,奔跑吧兄弟6
http://www.4399.com/flash/195668.htm,拯救红球大作战5
http://www.4399.com/flash/195653.htm,正确的道路
http://www.4399.com/flash/195627.htm,美妙的音符
http://www.4399.com/flash/195581.htm,被设计的火柴人2
http://www.4399.com/flash/195795.htm,逗小猴开心之四个世界2
http://www.4399.com/flash/195757.htm,史上最贱小游戏之电动2
http://www.4399.com/flash/195117.htm,丑小鸭找妈妈
http://www.4399.com/flash/195372.htm,一口气通关
http://www.4399.com/flash/195119.htm,整蛊邻居
http://www.4399.com/flash/195204.htm,逗小猴开心之四个世界
http://www.4399.com/flash/194911.htm,西蒙中文版
http://www.4399.com/flash/194875.htm,狗笼逃生
http://www.4399.com/flash/194477.htm,蜡笔小新魔术表演
http://www.4399.com/flash/194692.htm,外星人的秘密任务2中文版
http://www.4399.com/flash/194339.htm,最后的交响中文版
http://www.4399.com/flash/194167.htm,豆娃爱糖果
http://www.4399.com/flash/194124.htm,怪兽炸飞上天
http://www.4399.com/flash/194201.htm,涂鸦对对碰
http://www.4399.com/flash/193965.htm,阿兹台克之石中文版
http://www.4399.com/flash/194051.htm,逗小猴开心之恶魔黄金
http://www.4399.com/flash/194027.htm,维京人的复仇中文版
http://www.4399.com/flash/193784.htm,超级警探抓小偷
http://www.4399.com/flash/193448.htm,奔跑吧兄弟第五季
http://www.4399.com/flash/193626.htm,麦当劳大叔爱汉堡
http://www.4399.com/flash/193673.htm,五彩光束连接
http://www.4399.com/flash/193570.htm,爱钻石的盒子先生
http://www.4399.com/flash/1382.htm,宠物连连看2.5版
http://www.4399.com/flash/12669.htm,果蔬连连看
http://www.4399.com/flash/17801.htm,宠物连连看3.1
http://www.4399.com/flash/20660.htm,森林冰火人中文版
http://www.4399.com/flash/93551.htm,小鳄鱼爱洗澡中文版
http://www.4399.com/flash/113377.htm,森林冰火人4无敌版
http://www.4399.com/flash/10393.htm,石头连连看
http://www.4399.com/flash/79068.htm,高楼爆破3无敌版
http://www.4399.com/flash/853.htm,五子连珠
http://www.4399.com/flash/17403.htm,青蛙祖玛
http://www.4399.com/flash/57474.htm,蝴蝶连连看
http://www.4399.com/flash/4781.htm,花花连连看
http://www.4399.com/flash/136516.htm,消灭星星豪华版
http://www.4399.com/flash/54423.htm,4399打豆豆
http://www.4399.com/flash/2231.htm,宠物连连看2.6
http://www.4399.com/flash/63033.htm,森林冰火人双人迷宫
http://www.4399.com/flash/68259.htm,河马饲养员
http://www.4399.com/flash/106202.htm,消灭星星中文版
http://www.4399.com/flash/62002.htm,疯狂过山车2
http://www.4399.com/flash/100125.htm,装载卡车4
http://www.4399.com/flash/131178.htm,帮鸟儿解冻3
http://www.4399.com/flash/106933.htm,坏蛋冰淇淋2无敌版
http://www.4399.com/flash/171900.htm,装载卡车5
http://www.4399.com/flash/147327.htm,亚当找夏娃3
http://www.4399.com/flash/10919.htm,宠物连连看3.0版
http://www.4399.com/flash/71760.htm,小婴儿逃出系列3
http://www.4399.com/flash/156918.htm,坏小孩回家4
http://www.4399.com/flash/37529.htm,小火车过隧道无敌版
http://www.4399.com/flash/50350.htm,唤醒嗜睡的小人
http://www.4399.com/flash/41285.htm,朵拉的迷你高尔夫
http://www.4399.com/flash/130836.htm,消你妹
http://www.4399.com/flash/128302.htm,消灭星星3电脑版
http://www.4399.com/flash/103266.htm,炮兵突击
http://www.4399.com/flash/96689.htm,愤怒的小鸟太空版HD
http://www.4399.com/flash/57317.htm,激光炮轰小怪2
http://www.4399.com/flash/4782.htm,汽车标志连连看
http://www.4399.com/flash/89614.htm,托马斯过河
http://www.4399.com/flash/88882.htm,海绵宝宝3D大富翁2
http://www.4399.com/flash/138881.htm,激光炮轰小怪3加强版
http://www.4399.com/flash/21223.htm,小球进洞
http://www.4399.com/flash/89107.htm,黑太狼吃羊2
http://www.4399.com/flash/152489.htm,史上最贱小游戏之体育
http://www.4399.com/flash/80211.htm,中国熊猫2无敌版
http://www.4399.com/flash/92102.htm,连连看3.1原版
http://www.4399.com/flash/76887.htm,宠物连连看可爱版
http://www.4399.com/flash/66922.htm,亚当找夏娃中文版
http://www.4399.com/flash/65959.htm,高楼爆破无敌版
http://www.4399.com/flash/34726.htm,4399水果连连看
http://www.4399.com/flash/47634.htm,让子弹飞
http://www.4399.com/flash/122189.htm,史上最贱小游戏3
http://www.4399.com/flash/184591.htm,捣蛋猪HD8.0
http://www.4399.com/flash/50306.htm,奇妙水世界
http://www.4399.com/flash/143168.htm,手纸没有了
http://www.4399.com/flash/79452.htm,森林冰火人3
http://www.4399.com/flash/73311.htm,破蛋专家
http://www.4399.com/flash/92953.htm,逗小猴开心7
http://www.4399.com/flash/132546.htm,亚当找夏娃2
http://www.4399.com/flash/80972.htm,宠物连连看经典版2
http://www.4399.com/flash/138976.htm,盗金父子
http://www.4399.com/flash/69774.htm,高楼爆破2无敌版
http://www.4399.com/flash/42075.htm,光头小子找出口
http://www.4399.com/flash/86544.htm,鸡蛋大逃亡2
http://www.4399.com/flash/30543.htm,小婴儿逃出系列1
http://www.4399.com/flash/63828.htm,红球与绿球
http://www.4399.com/flash/106849.htm,坏蛋冰淇淋2
http://www.4399.com/flash/41483.htm,装载卡车
http://www.4399.com/flash/16395.htm,小婴儿逃出系列2
http://www.4399.com/flash/158011.htm,小汽车的英雄梦
http://www.4399.com/flash/73122.htm,装载卡车3
http://www.4399.com/flash/102581.htm,帮鸟儿解冻
http://www.4399.com/flash/33249.htm,帮小狗取手绢
http://www.4399.com/flash/9840.htm,在线弹钢琴
http://www.4399.com/flash/78828.htm,益智乐高2中文版
http://www.4399.com/flash/35965.htm,直升机打气球
http://www.4399.com/flash/92108.htm,连连看原版
http://www.4399.com/flash/97275.htm,3D旋转麻将连连看
http://www.4399.com/flash/46428.htm,空姐阿Sue
http://www.4399.com/flash/24571.htm,宠物连连看3.1无敌版
http://www.4399.com/flash/8670.htm,宠物连连看特别版
http://www.4399.com/flash/50909.htm,植物战僵尸3D连连看
http://www.4399.com/flash/27265.htm,火柴人逃狱记
http://www.4399.com/flash/157666.htm,史上最贱小游戏13
http://www.4399.com/flash/113790.htm,找你妹正式版
http://www.4399.com/flash/123789.htm,恐龙觅食
http://www.4399.com/flash/128952.htm,坏蛋冰淇淋3
http://www.4399.com/flash/48349.htm,爱吃水果的虫子
http://www.4399.com/flash/1244.htm,红孩儿连连看
http://www.4399.com/flash/152162.htm,盗金父子2
http://www.4399.com/flash/8954.htm,阿sue家做客
http://www.4399.com/flash/142569.htm,一把火
http://www.4399.com/flash/91402.htm,保护橙子增强版3
http://www.4399.com/flash/56745.htm,动画师和动画
http://www.4399.com/flash/117146.htm,火柴人智闯飞艇
http://www.4399.com/flash/1287.htm,新麻雀连连看
http://www.4399.com/flash/134715.htm,捣蛋猪HD3.8
http://www.4399.com/flash/62725.htm,蜗牛鲍勃2中文版
http://www.4399.com/flash/123611.htm,小汽车的爱情梦
http://www.4399.com/flash/135633.htm,糖果去哪儿了2
http://www.4399.com/flash/151340.htm,熊猫逃生记之日本
http://www.4399.com/flash/193147.htm,探索光物理学
http://www.4399.com/flash/193223.htm,逗小猴开心之迷宫
http://www.4399.com/flash/193129.htm,爆兽猎人我爱拼图
http://www.4399.com/flash/192508.htm,忍者灭僵尸
http://www.4399.com/flash/192563.htm,阻止狼人逃生2中文版
http://www.4399.com/flash/192455.htm,探险活宝营救行动
http://www.4399.com/flash/192142.htm,奔跑吧兄弟第四季
http://www.4399.com/flash/191267.htm,王子与公主冒险
http://www.4399.com/flash/191897.htm,保护冰火人
http://www.4399.com/flash/192175.htm,史上最贱小游戏之网络
http://www.4399.com/flash/191637.htm,河马宝宝要洗澡
http://www.4399.com/flash/191997.htm,滤出小瑕疵
http://www.4399.com/flash/191608.htm,泡泡鸟历险记
http://www.4399.com/flash/191338.htm,火娃找冰娃
http://www.4399.com/flash/191068.htm,填满方格
http://www.4399.com/flash/190212.htm,看图填成语
http://www.4399.com/flash/190630.htm,拯救兄弟
http://www.4399.com/flash/190583.htm,短路的灯泡
http://www.4399.com/flash/190482.htm,逗小猴开心之魔法城镇
http://www.4399.com/flash/190429.htm,爱情大冒险中文版
http://www.4399.com/flash/189851.htm,金币快到怀里来
http://www.4399.com/flash/190285.htm,炸弹专家
http://www.4399.com/flash/189637.htm,小球请进洞
http://www.4399.com/flash/189645.htm,天降雷兵
http://www.4399.com/flash/189544.htm,铺满方块
http://www.4399.com/flash/189452.htm,家里的故事中文版
http://www.4399.com/flash/189348.htm,地牢逃脱记
http://www.4399.com/flash/189216.htm,恐龙丛林
http://www.4399.com/flash/188908.htm,云上的波利
http://www.4399.com/flash/188731.htm,你被禁足了中文版
http://www.4399.com/flash/188765.htm,逗小猴开心之小木屋
http://www.4399.com/flash/188673.htm,小猪的金币
http://www.4399.com/flash/188680.htm,方块吃豆豆
http://www.4399.com/flash/188422.htm,填满黄色
http://www.4399.com/flash/188421.htm,地牢小勇者
http://www.4399.com/flash/188264.htm,奔跑吧兄弟5
http://www.4399.com/flash/188260.htm,小白兔的影分身
http://www.4399.com/flash/188154.htm,饥饿的小蛇
http://www.4399.com/flash/187943.htm,点亮方块格
http://www.4399.com/flash/187947.htm,按点连线
http://www.4399.com/flash/187914.htm,逗小猴开心之快乐星球
http://www.4399.com/flash/187786.htm,消除分裂瓷砖
http://www.4399.com/flash/187654.htm,开门吧，少年
http://www.4399.com/flash/187519.htm,消灭深海怪物
http://www.4399.com/flash/187596.htm,受困的西红柿
http://www.4399.com/flash/187516.htm,火柴人VS贱鬼脸
http://www.4399.com/flash/187438.htm,邪恶怪物群
http://www.4399.com/flash/187097.htm,拯救米乐米可
http://www.4399.com/flash/186863.htm,萌新水果连连看
http://www.4399.com/flash/187057.htm,逗小猴开心寻找巧克力
http://www.4399.com/flash/186977.htm,蔬果对对碰
http://www.4399.com/flash/186972.htm,梦想水果农场
http://www.4399.com/flash/186933.htm,组装机械武士水龙
http://www.4399.com/flash/186924.htm,泰迪熊逃脱2
http://www.4399.com/flash/186923.htm,邮差逃脱
http://www.4399.com/flash/186784.htm,受伤的宇航员
http://www.4399.com/flash/1382.htm,宠物连连看2.5版
http://www.4399.com/flash/12669.htm,果蔬连连看
http://www.4399.com/flash/17801.htm,宠物连连看3.1
http://www.4399.com/flash/20660.htm,森林冰火人中文版
http://www.4399.com/flash/93551.htm,小鳄鱼爱洗澡中文版
http://www.4399.com/flash/113377.htm,森林冰火人4无敌版
http://www.4399.com/flash/10393.htm,石头连连看
http://www.4399.com/flash/79068.htm,高楼爆破3无敌版
http://www.4399.com/flash/853.htm,五子连珠
http://www.4399.com/flash/17403.htm,青蛙祖玛
http://www.4399.com/flash/57474.htm,蝴蝶连连看
http://www.4399.com/flash/4781.htm,花花连连看
http://www.4399.com/flash/136516.htm,消灭星星豪华版
http://www.4399.com/flash/54423.htm,4399打豆豆
http://www.4399.com/flash/2231.htm,宠物连连看2.6
http://www.4399.com/flash/63033.htm,森林冰火人双人迷宫
http://www.4399.com/flash/68259.htm,河马饲养员
http://www.4399.com/flash/106202.htm,消灭星星中文版
http://www.4399.com/flash/62002.htm,疯狂过山车2
http://www.4399.com/flash/100125.htm,装载卡车4
http://www.4399.com/flash/131178.htm,帮鸟儿解冻3
http://www.4399.com/flash/106933.htm,坏蛋冰淇淋2无敌版
http://www.4399.com/flash/171900.htm,装载卡车5
http://www.4399.com/flash/147327.htm,亚当找夏娃3
http://www.4399.com/flash/10919.htm,宠物连连看3.0版
http://www.4399.com/flash/71760.htm,小婴儿逃出系列3
http://www.4399.com/flash/156918.htm,坏小孩回家4
http://www.4399.com/flash/37529.htm,小火车过隧道无敌版
http://www.4399.com/flash/50350.htm,唤醒嗜睡的小人
http://www.4399.com/flash/41285.htm,朵拉的迷你高尔夫
http://www.4399.com/flash/130836.htm,消你妹
http://www.4399.com/flash/128302.htm,消灭星星3电脑版
http://www.4399.com/flash/103266.htm,炮兵突击
http://www.4399.com/flash/96689.htm,愤怒的小鸟太空版HD
http://www.4399.com/flash/57317.htm,激光炮轰小怪2
http://www.4399.com/flash/4782.htm,汽车标志连连看
http://www.4399.com/flash/89614.htm,托马斯过河
http://www.4399.com/flash/88882.htm,海绵宝宝3D大富翁2
http://www.4399.com/flash/138881.htm,激光炮轰小怪3加强版
http://www.4399.com/flash/21223.htm,小球进洞
http://www.4399.com/flash/89107.htm,黑太狼吃羊2
http://www.4399.com/flash/152489.htm,史上最贱小游戏之体育
http://www.4399.com/flash/80211.htm,中国熊猫2无敌版
http://www.4399.com/flash/92102.htm,连连看3.1原版
http://www.4399.com/flash/76887.htm,宠物连连看可爱版
http://www.4399.com/flash/66922.htm,亚当找夏娃中文版
http://www.4399.com/flash/65959.htm,高楼爆破无敌版
http://www.4399.com/flash/34726.htm,4399水果连连看
http://www.4399.com/flash/47634.htm,让子弹飞
http://www.4399.com/flash/122189.htm,史上最贱小游戏3
http://www.4399.com/flash/184591.htm,捣蛋猪HD8.0
http://www.4399.com/flash/50306.htm,奇妙水世界
http://www.4399.com/flash/143168.htm,手纸没有了
http://www.4399.com/flash/79452.htm,森林冰火人3
http://www.4399.com/flash/73311.htm,破蛋专家
http://www.4399.com/flash/92953.htm,逗小猴开心7
http://www.4399.com/flash/132546.htm,亚当找夏娃2
http://www.4399.com/flash/80972.htm,宠物连连看经典版2
http://www.4399.com/flash/138976.htm,盗金父子
http://www.4399.com/flash/69774.htm,高楼爆破2无敌版
http://www.4399.com/flash/42075.htm,光头小子找出口
http://www.4399.com/flash/86544.htm,鸡蛋大逃亡2
http://www.4399.com/flash/30543.htm,小婴儿逃出系列1
http://www.4399.com/flash/63828.htm,红球与绿球
http://www.4399.com/flash/106849.htm,坏蛋冰淇淋2
http://www.4399.com/flash/41483.htm,装载卡车
http://www.4399.com/flash/16395.htm,小婴儿逃出系列2
http://www.4399.com/flash/158011.htm,小汽车的英雄梦
http://www.4399.com/flash/73122.htm,装载卡车3
http://www.4399.com/flash/102581.htm,帮鸟儿解冻
http://www.4399.com/flash/33249.htm,帮小狗取手绢
http://www.4399.com/flash/9840.htm,在线弹钢琴
http://www.4399.com/flash/78828.htm,益智乐高2中文版
http://www.4399.com/flash/35965.htm,直升机打气球
http://www.4399.com/flash/92108.htm,连连看原版
http://www.4399.com/flash/97275.htm,3D旋转麻将连连看
http://www.4399.com/flash/46428.htm,空姐阿Sue
http://www.4399.com/flash/24571.htm,宠物连连看3.1无敌版
http://www.4399.com/flash/8670.htm,宠物连连看特别版
http://www.4399.com/flash/50909.htm,植物战僵尸3D连连看
http://www.4399.com/flash/27265.htm,火柴人逃狱记
http://www.4399.com/flash/157666.htm,史上最贱小游戏13
http://www.4399.com/flash/113790.htm,找你妹正式版
http://www.4399.com/flash/123789.htm,恐龙觅食
http://www.4399.com/flash/128952.htm,坏蛋冰淇淋3
http://www.4399.com/flash/48349.htm,爱吃水果的虫子
http://www.4399.com/flash/1244.htm,红孩儿连连看
http://www.4399.com/flash/152162.htm,盗金父子2
http://www.4399.com/flash/8954.htm,阿sue家做客
http://www.4399.com/flash/142569.htm,一把火
http://www.4399.com/flash/91402.htm,保护橙子增强版3
http://www.4399.com/flash/56745.htm,动画师和动画
http://www.4399.com/flash/117146.htm,火柴人智闯飞艇
http://www.4399.com/flash/1287.htm,新麻雀连连看
http://www.4399.com/flash/134715.htm,捣蛋猪HD3.8
http://www.4399.com/flash/62725.htm,蜗牛鲍勃2中文版
http://www.4399.com/flash/123611.htm,小汽车的爱情梦
http://www.4399.com/flash/135633.htm,糖果去哪儿了2
http://www.4399.com/flash/151340.htm,熊猫逃生记之日本
http://www.4399.com/flash/186638.htm,逃出地下密室
http://www.4399.com/flash/186590.htm,美味的路程
http://www.4399.com/flash/186214.htm,青蛙魔术师
http://www.4399.com/flash/186460.htm,组装机械挖掘长颈龙
http://www.4399.com/flash/186264.htm,萌宠连连看
http://www.4399.com/flash/186082.htm,果果大作战
http://www.4399.com/flash/186151.htm,泡泡美人鱼选关版
http://www.4399.com/flash/185915.htm,泡泡美人鱼
http://www.4399.com/flash/185940.htm,新超级切割
http://www.4399.com/flash/186021.htm,逗小猴开心之金字塔
http://www.4399.com/flash/185918.htm,拯救小红兵
http://www.4399.com/flash/185675.htm,恐龙大侠
http://www.4399.com/flash/185815.htm,史上最贱小游戏之TV秀
http://www.4399.com/flash/185638.htm,逃出农家马舍
http://www.4399.com/flash/185473.htm,缤纷糖果消消乐
http://www.4399.com/flash/185395.htm,一路向北
http://www.4399.com/flash/185403.htm,迷失的婴儿鹿
http://www.4399.com/flash/185402.htm,神秘小镇逃脱
http://www.4399.com/flash/185258.htm,跳出生产车间
http://www.4399.com/flash/185245.htm,原野逃生记
http://www.4399.com/flash/184913.htm,蜡笔小新炸年兽
http://www.4399.com/flash/184967.htm,组装机械水龙
http://www.4399.com/flash/184829.htm,逗小猴开心之黑暗城堡
http://www.4399.com/flash/184825.htm,新维京的复仇加强版
http://www.4399.com/flash/184334.htm,小乌龟逃亡记
http://www.4399.com/flash/184569.htm,春节赶火车
http://www.4399.com/flash/184591.htm,捣蛋猪HD8.0
http://www.4399.com/flash/184489.htm,财神送元宝
http://www.4399.com/flash/184821.htm,贪吃饼干的小怪物
http://www.4399.com/flash/184281.htm,史小坑的爆笑生活12
http://www.4399.com/flash/184448.htm,蚂蚁搬家过春节
http://www.4399.com/flash/184452.htm,新糖果怪物
http://www.4399.com/flash/184810.htm,遗失的红宝石
http://www.4399.com/flash/184373.htm,过年坐火车回家
http://www.4399.com/flash/184179.htm,小狗爱骨头
http://www.4399.com/flash/184375.htm,GMC汽车找不同
http://www.4399.com/flash/184357.htm,救援受困的雪貂
http://www.4399.com/flash/184204.htm,激光折射2
http://www.4399.com/flash/184173.htm,两个世界
http://www.4399.com/flash/184167.htm,牛角勇士2
http://www.4399.com/flash/184152.htm,逗小猴开心魔法世界
http://www.4399.com/flash/184146.htm,六角拼图
http://www.4399.com/flash/184119.htm,小怪推方块
http://www.4399.com/flash/184057.htm,松动的管道
http://www.4399.com/flash/183925.htm,萌宠大连接
http://www.4399.com/flash/183698.htm,史小坑的爆笑生活11
http://www.4399.com/flash/183864.htm,圣诞老人疯狂送礼
http://www.4399.com/flash/183337.htm,小勇士救公主
http://www.4399.com/flash/183667.htm,疯狂方块圣诞节
http://www.4399.com/flash/183287.htm,蝴蝶消消乐
http://www.4399.com/flash/183430.htm,小浣熊爱洗衣
http://www.4399.com/flash/183374.htm,圣诞之夜对对碰
http://www.4399.com/flash/183300.htm,逗小猴开心之圣诞之夜
http://www.4399.com/flash/183258.htm,逃出宾夕法尼亚
http://www.4399.com/flash/183250.htm,巨魔的数学测验
http://www.4399.com/flash/183123.htm,小球进黑洞
http://www.4399.com/flash/1382.htm,宠物连连看2.5版
http://www.4399.com/flash/12669.htm,果蔬连连看
http://www.4399.com/flash/17801.htm,宠物连连看3.1
http://www.4399.com/flash/20660.htm,森林冰火人中文版
http://www.4399.com/flash/93551.htm,小鳄鱼爱洗澡中文版
http://www.4399.com/flash/113377.htm,森林冰火人4无敌版
http://www.4399.com/flash/10393.htm,石头连连看
http://www.4399.com/flash/79068.htm,高楼爆破3无敌版
http://www.4399.com/flash/853.htm,五子连珠
http://www.4399.com/flash/17403.htm,青蛙祖玛
http://www.4399.com/flash/57474.htm,蝴蝶连连看
http://www.4399.com/flash/4781.htm,花花连连看
http://www.4399.com/flash/136516.htm,消灭星星豪华版
http://www.4399.com/flash/54423.htm,4399打豆豆
http://www.4399.com/flash/2231.htm,宠物连连看2.6
http://www.4399.com/flash/63033.htm,森林冰火人双人迷宫
http://www.4399.com/flash/68259.htm,河马饲养员
http://www.4399.com/flash/106202.htm,消灭星星中文版
http://www.4399.com/flash/62002.htm,疯狂过山车2
http://www.4399.com/flash/100125.htm,装载卡车4
http://www.4399.com/flash/131178.htm,帮鸟儿解冻3
http://www.4399.com/flash/106933.htm,坏蛋冰淇淋2无敌版
http://www.4399.com/flash/171900.htm,装载卡车5
http://www.4399.com/flash/147327.htm,亚当找夏娃3
http://www.4399.com/flash/10919.htm,宠物连连看3.0版
http://www.4399.com/flash/71760.htm,小婴儿逃出系列3
http://www.4399.com/flash/156918.htm,坏小孩回家4
http://www.4399.com/flash/37529.htm,小火车过隧道无敌版
http://www.4399.com/flash/50350.htm,唤醒嗜睡的小人
http://www.4399.com/flash/41285.htm,朵拉的迷你高尔夫
http://www.4399.com/flash/130836.htm,消你妹
http://www.4399.com/flash/128302.htm,消灭星星3电脑版
http://www.4399.com/flash/103266.htm,炮兵突击
http://www.4399.com/flash/96689.htm,愤怒的小鸟太空版HD
http://www.4399.com/flash/57317.htm,激光炮轰小怪2
http://www.4399.com/flash/4782.htm,汽车标志连连看
http://www.4399.com/flash/89614.htm,托马斯过河
http://www.4399.com/flash/88882.htm,海绵宝宝3D大富翁2
http://www.4399.com/flash/138881.htm,激光炮轰小怪3加强版
http://www.4399.com/flash/21223.htm,小球进洞
http://www.4399.com/flash/89107.htm,黑太狼吃羊2
http://www.4399.com/flash/152489.htm,史上最贱小游戏之体育
http://www.4399.com/flash/80211.htm,中国熊猫2无敌版
http://www.4399.com/flash/92102.htm,连连看3.1原版
http://www.4399.com/flash/76887.htm,宠物连连看可爱版
http://www.4399.com/flash/66922.htm,亚当找夏娃中文版
http://www.4399.com/flash/65959.htm,高楼爆破无敌版
http://www.4399.com/flash/34726.htm,4399水果连连看
http://www.4399.com/flash/47634.htm,让子弹飞
http://www.4399.com/flash/122189.htm,史上最贱小游戏3
http://www.4399.com/flash/184591.htm,捣蛋猪HD8.0
http://www.4399.com/flash/50306.htm,奇妙水世界
http://www.4399.com/flash/143168.htm,手纸没有了
http://www.4399.com/flash/79452.htm,森林冰火人3
http://www.4399.com/flash/73311.htm,破蛋专家
http://www.4399.com/flash/92953.htm,逗小猴开心7
http://www.4399.com/flash/132546.htm,亚当找夏娃2
http://www.4399.com/flash/80972.htm,宠物连连看经典版2
http://www.4399.com/flash/138976.htm,盗金父子
http://www.4399.com/flash/69774.htm,高楼爆破2无敌版
http://www.4399.com/flash/42075.htm,光头小子找出口
http://www.4399.com/flash/86544.htm,鸡蛋大逃亡2
http://www.4399.com/flash/30543.htm,小婴儿逃出系列1
http://www.4399.com/flash/63828.htm,红球与绿球
http://www.4399.com/flash/106849.htm,坏蛋冰淇淋2
http://www.4399.com/flash/41483.htm,装载卡车
http://www.4399.com/flash/16395.htm,小婴儿逃出系列2
http://www.4399.com/flash/158011.htm,小汽车的英雄梦
http://www.4399.com/flash/73122.htm,装载卡车3
http://www.4399.com/flash/102581.htm,帮鸟儿解冻
http://www.4399.com/flash/33249.htm,帮小狗取手绢
http://www.4399.com/flash/9840.htm,在线弹钢琴
http://www.4399.com/flash/78828.htm,益智乐高2中文版
http://www.4399.com/flash/35965.htm,直升机打气球
http://www.4399.com/flash/92108.htm,连连看原版
http://www.4399.com/flash/97275.htm,3D旋转麻将连连看
http://www.4399.com/flash/46428.htm,空姐阿Sue
http://www.4399.com/flash/24571.htm,宠物连连看3.1无敌版
http://www.4399.com/flash/8670.htm,宠物连连看特别版
http://www.4399.com/flash/50909.htm,植物战僵尸3D连连看
http://www.4399.com/flash/27265.htm,火柴人逃狱记
http://www.4399.com/flash/157666.htm,史上最贱小游戏13
http://www.4399.com/flash/113790.htm,找你妹正式版
http://www.4399.com/flash/123789.htm,恐龙觅食
http://www.4399.com/flash/128952.htm,坏蛋冰淇淋3
http://www.4399.com/flash/48349.htm,爱吃水果的虫子
http://www.4399.com/flash/1244.htm,红孩儿连连看
http://www.4399.com/flash/152162.htm,盗金父子2
http://www.4399.com/flash/8954.htm,阿sue家做客
http://www.4399.com/flash/142569.htm,一把火
http://www.4399.com/flash/91402.htm,保护橙子增强版3
http://www.4399.com/flash/56745.htm,动画师和动画
http://www.4399.com/flash/117146.htm,火柴人智闯飞艇
http://www.4399.com/flash/1287.htm,新麻雀连连看
http://www.4399.com/flash/134715.htm,捣蛋猪HD3.8
http://www.4399.com/flash/62725.htm,蜗牛鲍勃2中文版
http://www.4399.com/flash/123611.htm,小汽车的爱情梦
http://www.4399.com/flash/135633.htm,糖果去哪儿了2
http://www.4399.com/flash/151340.htm,熊猫逃生记之日本
http://www.4399.com/flash/182546.htm,帮外星人回家
http://www.4399.com/flash/182832.htm,外星球体进黑洞
http://www.4399.com/flash/182577.htm,送鱼上门
http://www.4399.com/flash/182634.htm,逃离感恩节主题小屋
http://www.4399.com/flash/182601.htm,逃出野人寨
http://www.4399.com/flash/182414.htm,飞空艇逃脱
http://www.4399.com/flash/182251.htm,千瑞炮击龙兽
http://www.4399.com/flash/182307.htm,逗小猴开心之陆军基地
http://www.4399.com/flash/182050.htm,北极熊爱吃鱼
http://www.4399.com/flash/182018.htm,国王升空记
http://www.4399.com/flash/181923.htm,小鸡要回家
http://www.4399.com/flash/181746.htm,画线逃生2
http://www.4399.com/flash/181534.htm,怪物手牵手
http://www.4399.com/flash/181491.htm,密室逃脱3之办公大厦
http://www.4399.com/flash/181454.htm,投射万圣节南瓜
http://www.4399.com/flash/181071.htm,除虫大师
http://www.4399.com/flash/181321.htm,调皮的小龙
http://www.4399.com/flash/181273.htm,沙漠冒险家
http://www.4399.com/flash/181271.htm,神石之谜
http://www.4399.com/flash/180486.htm,史小坑的爆笑生活10
http://www.4399.com/flash/180863.htm,水泡工坊
http://www.4399.com/flash/180814.htm,消灭星星3D版
http://www.4399.com/flash/180753.htm,小猪仔要回家
http://www.4399.com/flash/180504.htm,密室逃脱2之古堡迷城
http://www.4399.com/flash/180498.htm,野人的晚餐
http://www.4399.com/flash/180403.htm,诱捕小浣熊
http://www.4399.com/flash/180340.htm,小汽车的太空梦
http://www.4399.com/flash/180447.htm,乌诺叠叠乐加强版
http://www.4399.com/flash/180442.htm,猫咪夜空找星星
http://www.4399.com/flash/180221.htm,被囚禁的爱
http://www.4399.com/flash/180138.htm,连接电灯
http://www.4399.com/flash/179971.htm,深海炸弹
http://www.4399.com/flash/179815.htm,密室逃脱任务
http://www.4399.com/flash/179951.htm,史上最贱小游戏之电动
http://www.4399.com/flash/179866.htm,小马宝莉过河
http://www.4399.com/flash/179741.htm,愤怒的小鸟VS捣蛋猪2
http://www.4399.com/flash/179482.htm,喂食恐龙
http://www.4399.com/flash/179587.htm,古堡婚礼
http://www.4399.com/flash/179285.htm,牛郎织女鹊桥相会
http://www.4399.com/flash/179334.htm,他在嘲讽我
http://www.4399.com/flash/179270.htm,疏通道路
http://www.4399.com/flash/179267.htm,叮叮叮！开学啦
http://www.4399.com/flash/179209.htm,消灭小毛球4
http://www.4399.com/flash/179172.htm,泡泡升空记8
http://www.4399.com/flash/178965.htm,植物大战僵尸家族2
http://www.4399.com/flash/179013.htm,美味甜点岛
http://www.4399.com/flash/179011.htm,怪盗肥猫2
http://www.4399.com/flash/178952.htm,唤醒沉睡的大头
http://www.4399.com/flash/178543.htm,王子逃婚
http://www.4399.com/flash/178660.htm,救星大大
http://www.4399.com/flash/178652.htm,机械蜗牛载燃料
http://www.4399.com/flash/178331.htm,史莱姆冒险
http://www.4399.com/flash/178389.htm,奶酪神偷
http://www.4399.com/flash/178378.htm,小矮怪挖金矿
http://www.4399.com/flash/177546.htm,坑爹密室逃脱
http://www.4399.com/flash/178008.htm,野蛮人踢足球
http://www.4399.com/flash/1382.htm,宠物连连看2.5版
http://www.4399.com/flash/12669.htm,果蔬连连看
http://www.4399.com/flash/17801.htm,宠物连连看3.1
http://www.4399.com/flash/20660.htm,森林冰火人中文版
http://www.4399.com/flash/93551.htm,小鳄鱼爱洗澡中文版
http://www.4399.com/flash/113377.htm,森林冰火人4无敌版
http://www.4399.com/flash/10393.htm,石头连连看
http://www.4399.com/flash/79068.htm,高楼爆破3无敌版
http://www.4399.com/flash/853.htm,五子连珠
http://www.4399.com/flash/17403.htm,青蛙祖玛
http://www.4399.com/flash/57474.htm,蝴蝶连连看
http://www.4399.com/flash/4781.htm,花花连连看
http://www.4399.com/flash/136516.htm,消灭星星豪华版
http://www.4399.com/flash/54423.htm,4399打豆豆
http://www.4399.com/flash/2231.htm,宠物连连看2.6
http://www.4399.com/flash/63033.htm,森林冰火人双人迷宫
http://www.4399.com/flash/68259.htm,河马饲养员
http://www.4399.com/flash/106202.htm,消灭星星中文版
http://www.4399.com/flash/62002.htm,疯狂过山车2
http://www.4399.com/flash/100125.htm,装载卡车4
http://www.4399.com/flash/131178.htm,帮鸟儿解冻3
http://www.4399.com/flash/106933.htm,坏蛋冰淇淋2无敌版
http://www.4399.com/flash/171900.htm,装载卡车5
http://www.4399.com/flash/147327.htm,亚当找夏娃3
http://www.4399.com/flash/10919.htm,宠物连连看3.0版
http://www.4399.com/flash/71760.htm,小婴儿逃出系列3
http://www.4399.com/flash/156918.htm,坏小孩回家4
http://www.4399.com/flash/37529.htm,小火车过隧道无敌版
http://www.4399.com/flash/50350.htm,唤醒嗜睡的小人
http://www.4399.com/flash/41285.htm,朵拉的迷你高尔夫
http://www.4399.com/flash/130836.htm,消你妹
http://www.4399.com/flash/128302.htm,消灭星星3电脑版
http://www.4399.com/flash/103266.htm,炮兵突击
http://www.4399.com/flash/96689.htm,愤怒的小鸟太空版HD
http://www.4399.com/flash/57317.htm,激光炮轰小怪2
http://www.4399.com/flash/4782.htm,汽车标志连连看
http://www.4399.com/flash/89614.htm,托马斯过河
http://www.4399.com/flash/88882.htm,海绵宝宝3D大富翁2
http://www.4399.com/flash/138881.htm,激光炮轰小怪3加强版
http://www.4399.com/flash/21223.htm,小球进洞
http://www.4399.com/flash/89107.htm,黑太狼吃羊2
http://www.4399.com/flash/152489.htm,史上最贱小游戏之体育
http://www.4399.com/flash/80211.htm,中国熊猫2无敌版
http://www.4399.com/flash/92102.htm,连连看3.1原版
http://www.4399.com/flash/76887.htm,宠物连连看可爱版
http://www.4399.com/flash/66922.htm,亚当找夏娃中文版
http://www.4399.com/flash/65959.htm,高楼爆破无敌版
http://www.4399.com/flash/34726.htm,4399水果连连看
http://www.4399.com/flash/47634.htm,让子弹飞
http://www.4399.com/flash/122189.htm,史上最贱小游戏3
http://www.4399.com/flash/184591.htm,捣蛋猪HD8.0
http://www.4399.com/flash/50306.htm,奇妙水世界
http://www.4399.com/flash/143168.htm,手纸没有了
http://www.4399.com/flash/79452.htm,森林冰火人3
http://www.4399.com/flash/73311.htm,破蛋专家
http://www.4399.com/flash/92953.htm,逗小猴开心7
http://www.4399.com/flash/132546.htm,亚当找夏娃2
http://www.4399.com/flash/80972.htm,宠物连连看经典版2
http://www.4399.com/flash/138976.htm,盗金父子
http://www.4399.com/flash/69774.htm,高楼爆破2无敌版
http://www.4399.com/flash/42075.htm,光头小子找出口
http://www.4399.com/flash/86544.htm,鸡蛋大逃亡2
http://www.4399.com/flash/30543.htm,小婴儿逃出系列1
http://www.4399.com/flash/63828.htm,红球与绿球
http://www.4399.com/flash/106849.htm,坏蛋冰淇淋2
http://www.4399.com/flash/41483.htm,装载卡车
http://www.4399.com/flash/16395.htm,小婴儿逃出系列2
http://www.4399.com/flash/158011.htm,小汽车的英雄梦
http://www.4399.com/flash/73122.htm,装载卡车3
http://www.4399.com/flash/102581.htm,帮鸟儿解冻
http://www.4399.com/flash/33249.htm,帮小狗取手绢
http://www.4399.com/flash/9840.htm,在线弹钢琴
http://www.4399.com/flash/78828.htm,益智乐高2中文版
http://www.4399.com/flash/35965.htm,直升机打气球
http://www.4399.com/flash/92108.htm,连连看原版
http://www.4399.com/flash/97275.htm,3D旋转麻将连连看
http://www.4399.com/flash/46428.htm,空姐阿Sue
http://www.4399.com/flash/24571.htm,宠物连连看3.1无敌版
http://www.4399.com/flash/8670.htm,宠物连连看特别版
http://www.4399.com/flash/50909.htm,植物战僵尸3D连连看
http://www.4399.com/flash/27265.htm,火柴人逃狱记
http://www.4399.com/flash/157666.htm,史上最贱小游戏13
http://www.4399.com/flash/113790.htm,找你妹正式版
http://www.4399.com/flash/123789.htm,恐龙觅食
http://www.4399.com/flash/128952.htm,坏蛋冰淇淋3
http://www.4399.com/flash/48349.htm,爱吃水果的虫子
http://www.4399.com/flash/1244.htm,红孩儿连连看
http://www.4399.com/flash/152162.htm,盗金父子2
http://www.4399.com/flash/8954.htm,阿sue家做客
http://www.4399.com/flash/142569.htm,一把火
http://www.4399.com/flash/91402.htm,保护橙子增强版3
http://www.4399.com/flash/56745.htm,动画师和动画
http://www.4399.com/flash/117146.htm,火柴人智闯飞艇
http://www.4399.com/flash/1287.htm,新麻雀连连看
http://www.4399.com/flash/134715.htm,捣蛋猪HD3.8
http://www.4399.com/flash/62725.htm,蜗牛鲍勃2中文版
http://www.4399.com/flash/123611.htm,小汽车的爱情梦
http://www.4399.com/flash/135633.htm,糖果去哪儿了2
http://www.4399.com/flash/151340.htm,熊猫逃生记之日本
http://www.4399.com/flash/178262.htm,拯救心爱的公主
http://www.4399.com/flash/178202.htm,小树快长大
http://www.4399.com/flash/178085.htm,受困的忍者
http://www.4399.com/flash/178062.htm,逗小猴开心集结篇
http://www.4399.com/flash/177900.htm,豌豆公主拼图故事书
http://www.4399.com/flash/177816.htm,女孩找风筝逃脱2
http://www.4399.com/flash/177806.htm,谜途
http://www.4399.com/flash/177541.htm,泞之翼2完整版
http://www.4399.com/flash/177607.htm,松鼠找食物
http://www.4399.com/flash/177402.htm,狂消连连看
http://www.4399.com/flash/177611.htm,时间教授
http://www.4399.com/flash/177383.htm,史上最坑爹的游戏9电脑版
http://www.4399.com/flash/177479.htm,神秘代码2
http://www.4399.com/flash/177478.htm,鼹鼠寻宝
http://www.4399.com/flash/177466.htm,灾难来临时7
http://www.4399.com/flash/177465.htm,独眼萌怪的爱情
http://www.4399.com/flash/177159.htm,树懒要回家
http://www.4399.com/flash/177291.htm,糖果轨道4
http://www.4399.com/flash/177231.htm,灵魂的解脱
http://www.4399.com/flash/177178.htm,1010
http://www.4399.com/flash/177149.htm,组装装甲机器人
http://www.4399.com/flash/175840.htm,青蛙历险记
http://www.4399.com/flash/176627.htm,水果甜心经典版
http://www.4399.com/flash/176737.htm,恐龙守护使者
http://www.4399.com/flash/176835.htm,小圆球进箱子
http://www.4399.com/flash/176804.htm,一击致命
http://www.4399.com/flash/176658.htm,铁路指挥员
http://www.4399.com/flash/176572.htm,史上最坑爹的游戏
http://www.4399.com/flash/176498.htm,逃出马布尔溶洞
http://www.4399.com/flash/176495.htm,一二三天黑了
http://www.4399.com/flash/176259.htm,泞之翼2
http://www.4399.com/flash/176166.htm,兔朱迪找狐尼克
http://www.4399.com/flash/176418.htm,粉色套房逃脱
http://www.4399.com/flash/176407.htm,绿方块归位
http://www.4399.com/flash/176375.htm,忍者的希望
http://www.4399.com/flash/176177.htm,云团争夺战4
http://www.4399.com/flash/176061.htm,僵尸的爱情故事2
http://www.4399.com/flash/175933.htm,海格特公墓逃脱
http://www.4399.com/flash/175736.htm,木头人诺比
http://www.4399.com/flash/175725.htm,水果碰碰车2
http://www.4399.com/flash/175588.htm,美味的甜品
http://www.4399.com/flash/175330.htm,翻转地下城
http://www.4399.com/flash/175265.htm,企鹅帝国的灾难
http://www.4399.com/flash/174867.htm,胖公主去相亲
http://www.4399.com/flash/175150.htm,太空小狗2
http://www.4399.com/flash/175148.htm,最佳射门欧洲杯
http://www.4399.com/flash/175015.htm,跳出台球洞
http://www.4399.com/flash/175013.htm,色彩搬运工
http://www.4399.com/flash/174962.htm,果冻兄弟逃生
http://www.4399.com/flash/174910.htm,新魔法森林
http://www.4399.com/flash/174852.htm,拯救来自星星的它
http://www.4399.com/flash/174792.htm,灭鼠能手3
http://www.4399.com/flash/174791.htm,熊猫采蜂蜜
http://www.4399.com/flash/174571.htm,消除战争
http://www.4399.com/flash/174595.htm,最强平衡力2
http://www.4399.com/flash/174522.htm,超级推土机
http://www.4399.com/flash/1382.htm,宠物连连看2.5版
http://www.4399.com/flash/12669.htm,果蔬连连看
http://www.4399.com/flash/17801.htm,宠物连连看3.1
http://www.4399.com/flash/20660.htm,森林冰火人中文版
http://www.4399.com/flash/93551.htm,小鳄鱼爱洗澡中文版
http://www.4399.com/flash/113377.htm,森林冰火人4无敌版
http://www.4399.com/flash/10393.htm,石头连连看
http://www.4399.com/flash/79068.htm,高楼爆破3无敌版
http://www.4399.com/flash/853.htm,五子连珠
http://www.4399.com/flash/17403.htm,青蛙祖玛
http://www.4399.com/flash/57474.htm,蝴蝶连连看
http://www.4399.com/flash/4781.htm,花花连连看
http://www.4399.com/flash/136516.htm,消灭星星豪华版
http://www.4399.com/flash/54423.htm,4399打豆豆
http://www.4399.com/flash/2231.htm,宠物连连看2.6
http://www.4399.com/flash/63033.htm,森林冰火人双人迷宫
http://www.4399.com/flash/68259.htm,河马饲养员
http://www.4399.com/flash/106202.htm,消灭星星中文版
http://www.4399.com/flash/62002.htm,疯狂过山车2
http://www.4399.com/flash/100125.htm,装载卡车4
http://www.4399.com/flash/131178.htm,帮鸟儿解冻3
http://www.4399.com/flash/106933.htm,坏蛋冰淇淋2无敌版
http://www.4399.com/flash/171900.htm,装载卡车5
http://www.4399.com/flash/147327.htm,亚当找夏娃3
http://www.4399.com/flash/10919.htm,宠物连连看3.0版
http://www.4399.com/flash/71760.htm,小婴儿逃出系列3
http://www.4399.com/flash/156918.htm,坏小孩回家4
http://www.4399.com/flash/37529.htm,小火车过隧道无敌版
http://www.4399.com/flash/50350.htm,唤醒嗜睡的小人
http://www.4399.com/flash/41285.htm,朵拉的迷你高尔夫
http://www.4399.com/flash/130836.htm,消你妹
http://www.4399.com/flash/128302.htm,消灭星星3电脑版
http://www.4399.com/flash/103266.htm,炮兵突击
http://www.4399.com/flash/96689.htm,愤怒的小鸟太空版HD
http://www.4399.com/flash/57317.htm,激光炮轰小怪2
http://www.4399.com/flash/4782.htm,汽车标志连连看
http://www.4399.com/flash/89614.htm,托马斯过河
http://www.4399.com/flash/88882.htm,海绵宝宝3D大富翁2
http://www.4399.com/flash/138881.htm,激光炮轰小怪3加强版
http://www.4399.com/flash/21223.htm,小球进洞
http://www.4399.com/flash/89107.htm,黑太狼吃羊2
http://www.4399.com/flash/152489.htm,史上最贱小游戏之体育
http://www.4399.com/flash/80211.htm,中国熊猫2无敌版
http://www.4399.com/flash/92102.htm,连连看3.1原版
http://www.4399.com/flash/76887.htm,宠物连连看可爱版
http://www.4399.com/flash/66922.htm,亚当找夏娃中文版
http://www.4399.com/flash/65959.htm,高楼爆破无敌版
http://www.4399.com/flash/34726.htm,4399水果连连看
http://www.4399.com/flash/47634.htm,让子弹飞
http://www.4399.com/flash/122189.htm,史上最贱小游戏3
http://www.4399.com/flash/184591.htm,捣蛋猪HD8.0
http://www.4399.com/flash/50306.htm,奇妙水世界
http://www.4399.com/flash/143168.htm,手纸没有了
http://www.4399.com/flash/79452.htm,森林冰火人3
http://www.4399.com/flash/73311.htm,破蛋专家
http://www.4399.com/flash/92953.htm,逗小猴开心7
http://www.4399.com/flash/132546.htm,亚当找夏娃2
http://www.4399.com/flash/80972.htm,宠物连连看经典版2
http://www.4399.com/flash/138976.htm,盗金父子
http://www.4399.com/flash/69774.htm,高楼爆破2无敌版
http://www.4399.com/flash/42075.htm,光头小子找出口
http://www.4399.com/flash/86544.htm,鸡蛋大逃亡2
http://www.4399.com/flash/30543.htm,小婴儿逃出系列1
http://www.4399.com/flash/63828.htm,红球与绿球
http://www.4399.com/flash/106849.htm,坏蛋冰淇淋2
http://www.4399.com/flash/41483.htm,装载卡车
http://www.4399.com/flash/16395.htm,小婴儿逃出系列2
http://www.4399.com/flash/158011.htm,小汽车的英雄梦
http://www.4399.com/flash/73122.htm,装载卡车3
http://www.4399.com/flash/102581.htm,帮鸟儿解冻
http://www.4399.com/flash/33249.htm,帮小狗取手绢
http://www.4399.com/flash/9840.htm,在线弹钢琴
http://www.4399.com/flash/78828.htm,益智乐高2中文版
http://www.4399.com/flash/35965.htm,直升机打气球
http://www.4399.com/flash/92108.htm,连连看原版
http://www.4399.com/flash/97275.htm,3D旋转麻将连连看
http://www.4399.com/flash/46428.htm,空姐阿Sue
http://www.4399.com/flash/24571.htm,宠物连连看3.1无敌版
http://www.4399.com/flash/8670.htm,宠物连连看特别版
http://www.4399.com/flash/50909.htm,植物战僵尸3D连连看
http://www.4399.com/flash/27265.htm,火柴人逃狱记
http://www.4399.com/flash/157666.htm,史上最贱小游戏13
http://www.4399.com/flash/113790.htm,找你妹正式版
http://www.4399.com/flash/123789.htm,恐龙觅食
http://www.4399.com/flash/128952.htm,坏蛋冰淇淋3
http://www.4399.com/flash/48349.htm,爱吃水果的虫子
http://www.4399.com/flash/1244.htm,红孩儿连连看
http://www.4399.com/flash/152162.htm,盗金父子2
http://www.4399.com/flash/8954.htm,阿sue家做客
http://www.4399.com/flash/142569.htm,一把火
http://www.4399.com/flash/91402.htm,保护橙子增强版3
http://www.4399.com/flash/56745.htm,动画师和动画
http://www.4399.com/flash/117146.htm,火柴人智闯飞艇
http://www.4399.com/flash/1287.htm,新麻雀连连看
http://www.4399.com/flash/134715.htm,捣蛋猪HD3.8
http://www.4399.com/flash/62725.htm,蜗牛鲍勃2中文版
http://www.4399.com/flash/123611.htm,小汽车的爱情梦
http://www.4399.com/flash/135633.htm,糖果去哪儿了2
http://www.4399.com/flash/151340.htm,熊猫逃生记之日本
http://www.4399.com/flash/174361.htm,颜色传染2
http://www.4399.com/flash/174352.htm,消灭外来生物
http://www.4399.com/flash/174297.htm,幼儿园大逃脱
http://www.4399.com/flash/174184.htm,时光机器4
http://www.4399.com/flash/174059.htm,勤劳的工兵机器人
http://www.4399.com/flash/174060.htm,危情极速
http://www.4399.com/flash/173992.htm,匆忙的外星人2
http://www.4399.com/flash/173927.htm,牛角勇士
http://www.4399.com/flash/172834.htm,捣蛋猪HD7.0
http://www.4399.com/flash/173526.htm,史上最坑爹的游戏精选上集
http://www.4399.com/flash/173700.htm,连接数据块
http://www.4399.com/flash/173634.htm,最佳拍档
http://www.4399.com/flash/173595.htm,魔幻几何
http://www.4399.com/flash/173564.htm,腊肠怪回家记
http://www.4399.com/flash/173349.htm,上帝之手
http://www.4399.com/flash/173319.htm,建立平衡2
http://www.4399.com/flash/173127.htm,贪吃的圆脸
http://www.4399.com/flash/172982.htm,星球探险家
http://www.4399.com/flash/172960.htm,攻占中世纪城堡2加强版
http://www.4399.com/flash/172894.htm,搁浅的金鱼
http://www.4399.com/flash/172804.htm,迷宫之眼
http://www.4399.com/flash/172555.htm,植物大战僵尸家族
http://www.4399.com/flash/172861.htm,魔晶猎人2048
http://www.4399.com/flash/172681.htm,除草大叔
http://www.4399.com/flash/172675.htm,歌剧院逃脱
http://www.4399.com/flash/172431.htm,变异的棉花糖
http://www.4399.com/flash/171900.htm,装载卡车5
http://www.4399.com/flash/172274.htm,铺路搭桥
http://www.4399.com/flash/172143.htm,史上最坑爹的游戏8电脑版
http://www.4399.com/flash/172171.htm,海盗王国投石车
http://www.4399.com/flash/172050.htm,守护冰块
http://www.4399.com/flash/172049.htm,不凡的游戏
http://www.4399.com/flash/171340.htm,吐司面包2
http://www.4399.com/flash/171593.htm,复活节兔子取彩蛋
http://www.4399.com/flash/171591.htm,小球互换
http://www.4399.com/flash/171588.htm,超时空间谍
http://www.4399.com/flash/171512.htm,果冻大碰撞
http://www.4399.com/flash/171511.htm,小猫环游阿尔卑斯湖
http://www.4399.com/flash/171440.htm,兽人的末日
http://www.4399.com/flash/171438.htm,保护橙子太空旅行
http://www.4399.com/flash/171171.htm,拜托了英雄
http://www.4399.com/flash/171123.htm,神奇克隆枪
http://www.4399.com/flash/170973.htm,恐龙妈妈找恐龙蛋
http://www.4399.com/flash/170969.htm,森林冰火人回家记
http://www.4399.com/flash/171029.htm,大眼方块
http://www.4399.com/flash/170930.htm,师傅去哪儿了
http://www.4399.com/flash/170997.htm,逗小猴开心之捉忍者
http://www.4399.com/flash/170853.htm,时光机器3
http://www.4399.com/flash/170524.htm,逗小猴开心生存挑战
http://www.4399.com/flash/170409.htm,生日派对逃脱
http://www.4399.com/flash/170404.htm,红球与绿球4
http://www.4399.com/flash/169997.htm,猫和老鼠爱吃鱼
http://www.4399.com/flash/170224.htm,捣蛋猪HD6.0
http://www.4399.com/flash/170255.htm,奇妙的数字连线
http://www.4399.com/flash/170152.htm,方块匹配大师
http://www.4399.com/flash/169999.htm,雨滴连连看
http://www.4399.com/flash/1382.htm,宠物连连看2.5版
http://www.4399.com/flash/12669.htm,果蔬连连看
http://www.4399.com/flash/17801.htm,宠物连连看3.1
http://www.4399.com/flash/20660.htm,森林冰火人中文版
http://www.4399.com/flash/93551.htm,小鳄鱼爱洗澡中文版
http://www.4399.com/flash/113377.htm,森林冰火人4无敌版
http://www.4399.com/flash/10393.htm,石头连连看
http://www.4399.com/flash/79068.htm,高楼爆破3无敌版
http://www.4399.com/flash/853.htm,五子连珠
http://www.4399.com/flash/17403.htm,青蛙祖玛
http://www.4399.com/flash/57474.htm,蝴蝶连连看
http://www.4399.com/flash/4781.htm,花花连连看
http://www.4399.com/flash/136516.htm,消灭星星豪华版
http://www.4399.com/flash/54423.htm,4399打豆豆
http://www.4399.com/flash/2231.htm,宠物连连看2.6
http://www.4399.com/flash/63033.htm,森林冰火人双人迷宫
http://www.4399.com/flash/68259.htm,河马饲养员
http://www.4399.com/flash/106202.htm,消灭星星中文版
http://www.4399.com/flash/62002.htm,疯狂过山车2
http://www.4399.com/flash/100125.htm,装载卡车4
http://www.4399.com/flash/131178.htm,帮鸟儿解冻3
http://www.4399.com/flash/106933.htm,坏蛋冰淇淋2无敌版
http://www.4399.com/flash/171900.htm,装载卡车5
http://www.4399.com/flash/147327.htm,亚当找夏娃3
http://www.4399.com/flash/10919.htm,宠物连连看3.0版
http://www.4399.com/flash/71760.htm,小婴儿逃出系列3
http://www.4399.com/flash/156918.htm,坏小孩回家4
http://www.4399.com/flash/37529.htm,小火车过隧道无敌版
http://www.4399.com/flash/50350.htm,唤醒嗜睡的小人
http://www.4399.com/flash/41285.htm,朵拉的迷你高尔夫
http://www.4399.com/flash/130836.htm,消你妹
http://www.4399.com/flash/128302.htm,消灭星星3电脑版
http://www.4399.com/flash/103266.htm,炮兵突击
http://www.4399.com/flash/96689.htm,愤怒的小鸟太空版HD
http://www.4399.com/flash/57317.htm,激光炮轰小怪2
http://www.4399.com/flash/4782.htm,汽车标志连连看
http://www.4399.com/flash/89614.htm,托马斯过河
http://www.4399.com/flash/88882.htm,海绵宝宝3D大富翁2
http://www.4399.com/flash/138881.htm,激光炮轰小怪3加强版
http://www.4399.com/flash/21223.htm,小球进洞
http://www.4399.com/flash/89107.htm,黑太狼吃羊2
http://www.4399.com/flash/152489.htm,史上最贱小游戏之体育
http://www.4399.com/flash/80211.htm,中国熊猫2无敌版
http://www.4399.com/flash/92102.htm,连连看3.1原版
http://www.4399.com/flash/76887.htm,宠物连连看可爱版
http://www.4399.com/flash/66922.htm,亚当找夏娃中文版
http://www.4399.com/flash/65959.htm,高楼爆破无敌版
http://www.4399.com/flash/34726.htm,4399水果连连看
http://www.4399.com/flash/47634.htm,让子弹飞
http://www.4399.com/flash/122189.htm,史上最贱小游戏3
http://www.4399.com/flash/184591.htm,捣蛋猪HD8.0
http://www.4399.com/flash/50306.htm,奇妙水世界
http://www.4399.com/flash/143168.htm,手纸没有了
http://www.4399.com/flash/79452.htm,森林冰火人3
http://www.4399.com/flash/73311.htm,破蛋专家
http://www.4399.com/flash/92953.htm,逗小猴开心7
http://www.4399.com/flash/132546.htm,亚当找夏娃2
http://www.4399.com/flash/80972.htm,宠物连连看经典版2
http://www.4399.com/flash/138976.htm,盗金父子
http://www.4399.com/flash/69774.htm,高楼爆破2无敌版
http://www.4399.com/flash/42075.htm,光头小子找出口
http://www.4399.com/flash/86544.htm,鸡蛋大逃亡2
http://www.4399.com/flash/30543.htm,小婴儿逃出系列1
http://www.4399.com/flash/63828.htm,红球与绿球
http://www.4399.com/flash/106849.htm,坏蛋冰淇淋2
http://www.4399.com/flash/41483.htm,装载卡车
http://www.4399.com/flash/16395.htm,小婴儿逃出系列2
http://www.4399.com/flash/158011.htm,小汽车的英雄梦
http://www.4399.com/flash/73122.htm,装载卡车3
http://www.4399.com/flash/102581.htm,帮鸟儿解冻
http://www.4399.com/flash/33249.htm,帮小狗取手绢
http://www.4399.com/flash/9840.htm,在线弹钢琴
http://www.4399.com/flash/78828.htm,益智乐高2中文版
http://www.4399.com/flash/35965.htm,直升机打气球
http://www.4399.com/flash/92108.htm,连连看原版
http://www.4399.com/flash/97275.htm,3D旋转麻将连连看
http://www.4399.com/flash/46428.htm,空姐阿Sue
http://www.4399.com/flash/24571.htm,宠物连连看3.1无敌版
http://www.4399.com/flash/8670.htm,宠物连连看特别版
http://www.4399.com/flash/50909.htm,植物战僵尸3D连连看
http://www.4399.com/flash/27265.htm,火柴人逃狱记
http://www.4399.com/flash/157666.htm,史上最贱小游戏13
http://www.4399.com/flash/113790.htm,找你妹正式版
http://www.4399.com/flash/123789.htm,恐龙觅食
http://www.4399.com/flash/128952.htm,坏蛋冰淇淋3
http://www.4399.com/flash/48349.htm,爱吃水果的虫子
http://www.4399.com/flash/1244.htm,红孩儿连连看
http://www.4399.com/flash/152162.htm,盗金父子2
http://www.4399.com/flash/8954.htm,阿sue家做客
http://www.4399.com/flash/142569.htm,一把火
http://www.4399.com/flash/91402.htm,保护橙子增强版3
http://www.4399.com/flash/56745.htm,动画师和动画
http://www.4399.com/flash/117146.htm,火柴人智闯飞艇
http://www.4399.com/flash/1287.htm,新麻雀连连看
http://www.4399.com/flash/134715.htm,捣蛋猪HD3.8
http://www.4399.com/flash/62725.htm,蜗牛鲍勃2中文版
http://www.4399.com/flash/123611.htm,小汽车的爱情梦
http://www.4399.com/flash/135633.htm,糖果去哪儿了2
http://www.4399.com/flash/151340.htm,熊猫逃生记之日本
http://www.4399.com/flash/170082.htm,番茄怪物
http://www.4399.com/flash/170028.htm,把车开回家
http://www.4399.com/flash/170025.htm,逗小猴开心情人节篇
http://www.4399.com/flash/170022.htm,受困的小海龟
http://www.4399.com/flash/170020.htm,滑行勇士
http://www.4399.com/flash/169258.htm,石像的诅咒
http://www.4399.com/flash/170019.htm,拆迁建筑2
http://www.4399.com/flash/169268.htm,史上最坑爹的游戏7电脑版
http://www.4399.com/flash/170002.htm,球形忍者的钻石
http://www.4399.com/flash/169900.htm,射击小能手2
http://www.4399.com/flash/169789.htm,迷失的外星小怪
http://www.4399.com/flash/169810.htm,趣味果冻
http://www.4399.com/flash/169730.htm,勇闯神庙
http://www.4399.com/flash/169707.htm,外星人运输车
http://www.4399.com/flash/169693.htm,贪吃的猪头4
http://www.4399.com/flash/169659.htm,小汽车的侦探梦
http://www.4399.com/flash/169617.htm,饥饿的男孩寒冬逃脱
http://www.4399.com/flash/169567.htm,矿洞救援
http://www.4399.com/flash/169329.htm,幻境魔方
http://www.4399.com/flash/169324.htm,没人过得去
http://www.4399.com/flash/169157.htm,小小机器人闯天关
http://www.4399.com/flash/169131.htm,灯塔之下
http://www.4399.com/flash/169065.htm,方块小怪大合并
http://www.4399.com/flash/168958.htm,可爱糖果消消看
http://www.4399.com/flash/168789.htm,芈月传找找看
http://www.4399.com/flash/168809.htm,小猪下泥坑3
http://www.4399.com/flash/168718.htm,炉石英雄对对碰
http://www.4399.com/flash/168555.htm,芈月外传2
http://www.4399.com/flash/168531.htm,新年动漫女孩找星星
http://www.4399.com/flash/168491.htm,神奇的传送枪
http://www.4399.com/flash/168354.htm,忍者的愿望
http://www.4399.com/flash/168353.htm,传送小猫咪
http://www.4399.com/flash/168252.htm,史上最坑爹的游戏6电脑版
http://www.4399.com/flash/168190.htm,攻占中世纪城堡3
http://www.4399.com/flash/168045.htm,芈月外传
http://www.4399.com/flash/168044.htm,双猫回家记
http://www.4399.com/flash/168014.htm,斑马开车2
http://www.4399.com/flash/167970.htm,移动彩色方块
http://www.4399.com/flash/167883.htm,土著居民消灭外星人
http://www.4399.com/flash/167785.htm,几何图形堆一堆
http://www.4399.com/flash/167752.htm,朵拉的新年礼物
http://www.4399.com/flash/167745.htm,消失的礼物
http://www.4399.com/flash/167710.htm,乔伊看世界4
http://www.4399.com/flash/167707.htm,逗小猴开心之圣诞精灵
http://www.4399.com/flash/167706.htm,怪盗肥猫
http://www.4399.com/flash/167704.htm,王室保卫战
http://www.4399.com/flash/167667.htm,圣诞擒贼记
http://www.4399.com/flash/167644.htm,太空男孩找芯片
http://www.4399.com/flash/167598.htm,忍者的使命
http://www.4399.com/flash/167571.htm,云团争夺战3
http://www.4399.com/flash/167516.htm,超能盒子先生3
http://www.4399.com/flash/167481.htm,圣诞节炸弹
http://www.4399.com/flash/167465.htm,泡泡升空记7
http://www.4399.com/flash/167333.htm,洪水来了圣诞版4
http://www.4399.com/flash/167370.htm,机器人恋爱了
http://www.4399.com/flash/167355.htm,法海不懂爱
http://www.4399.com/flash/1382.htm,宠物连连看2.5版
http://www.4399.com/flash/12669.htm,果蔬连连看
http://www.4399.com/flash/17801.htm,宠物连连看3.1
http://www.4399.com/flash/20660.htm,森林冰火人中文版
http://www.4399.com/flash/93551.htm,小鳄鱼爱洗澡中文版
http://www.4399.com/flash/113377.htm,森林冰火人4无敌版
http://www.4399.com/flash/10393.htm,石头连连看
http://www.4399.com/flash/79068.htm,高楼爆破3无敌版
http://www.4399.com/flash/853.htm,五子连珠
http://www.4399.com/flash/17403.htm,青蛙祖玛
http://www.4399.com/flash/57474.htm,蝴蝶连连看
http://www.4399.com/flash/4781.htm,花花连连看
http://www.4399.com/flash/136516.htm,消灭星星豪华版
http://www.4399.com/flash/54423.htm,4399打豆豆
http://www.4399.com/flash/2231.htm,宠物连连看2.6
http://www.4399.com/flash/63033.htm,森林冰火人双人迷宫
http://www.4399.com/flash/68259.htm,河马饲养员
http://www.4399.com/flash/106202.htm,消灭星星中文版
http://www.4399.com/flash/62002.htm,疯狂过山车2
http://www.4399.com/flash/100125.htm,装载卡车4
http://www.4399.com/flash/131178.htm,帮鸟儿解冻3
http://www.4399.com/flash/106933.htm,坏蛋冰淇淋2无敌版
http://www.4399.com/flash/171900.htm,装载卡车5
http://www.4399.com/flash/147327.htm,亚当找夏娃3
http://www.4399.com/flash/10919.htm,宠物连连看3.0版
http://www.4399.com/flash/71760.htm,小婴儿逃出系列3
http://www.4399.com/flash/156918.htm,坏小孩回家4
http://www.4399.com/flash/37529.htm,小火车过隧道无敌版
http://www.4399.com/flash/50350.htm,唤醒嗜睡的小人
http://www.4399.com/flash/41285.htm,朵拉的迷你高尔夫
http://www.4399.com/flash/130836.htm,消你妹
http://www.4399.com/flash/128302.htm,消灭星星3电脑版
http://www.4399.com/flash/103266.htm,炮兵突击
http://www.4399.com/flash/96689.htm,愤怒的小鸟太空版HD
http://www.4399.com/flash/57317.htm,激光炮轰小怪2
http://www.4399.com/flash/4782.htm,汽车标志连连看
http://www.4399.com/flash/89614.htm,托马斯过河
http://www.4399.com/flash/88882.htm,海绵宝宝3D大富翁2
http://www.4399.com/flash/138881.htm,激光炮轰小怪3加强版
http://www.4399.com/flash/21223.htm,小球进洞
http://www.4399.com/flash/89107.htm,黑太狼吃羊2
http://www.4399.com/flash/152489.htm,史上最贱小游戏之体育
http://www.4399.com/flash/80211.htm,中国熊猫2无敌版
http://www.4399.com/flash/92102.htm,连连看3.1原版
http://www.4399.com/flash/76887.htm,宠物连连看可爱版
http://www.4399.com/flash/66922.htm,亚当找夏娃中文版
http://www.4399.com/flash/65959.htm,高楼爆破无敌版
http://www.4399.com/flash/34726.htm,4399水果连连看
http://www.4399.com/flash/47634.htm,让子弹飞
http://www.4399.com/flash/122189.htm,史上最贱小游戏3
http://www.4399.com/flash/184591.htm,捣蛋猪HD8.0
http://www.4399.com/flash/50306.htm,奇妙水世界
http://www.4399.com/flash/143168.htm,手纸没有了
http://www.4399.com/flash/79452.htm,森林冰火人3
http://www.4399.com/flash/73311.htm,破蛋专家
http://www.4399.com/flash/92953.htm,逗小猴开心7
http://www.4399.com/flash/132546.htm,亚当找夏娃2
http://www.4399.com/flash/80972.htm,宠物连连看经典版2
http://www.4399.com/flash/138976.htm,盗金父子
http://www.4399.com/flash/69774.htm,高楼爆破2无敌版
http://www.4399.com/flash/42075.htm,光头小子找出口
http://www.4399.com/flash/86544.htm,鸡蛋大逃亡2
http://www.4399.com/flash/30543.htm,小婴儿逃出系列1
http://www.4399.com/flash/63828.htm,红球与绿球
http://www.4399.com/flash/106849.htm,坏蛋冰淇淋2
http://www.4399.com/flash/41483.htm,装载卡车
http://www.4399.com/flash/16395.htm,小婴儿逃出系列2
http://www.4399.com/flash/158011.htm,小汽车的英雄梦
http://www.4399.com/flash/73122.htm,装载卡车3
http://www.4399.com/flash/102581.htm,帮鸟儿解冻
http://www.4399.com/flash/33249.htm,帮小狗取手绢
http://www.4399.com/flash/9840.htm,在线弹钢琴
http://www.4399.com/flash/78828.htm,益智乐高2中文版
http://www.4399.com/flash/35965.htm,直升机打气球
http://www.4399.com/flash/92108.htm,连连看原版
http://www.4399.com/flash/97275.htm,3D旋转麻将连连看
http://www.4399.com/flash/46428.htm,空姐阿Sue
http://www.4399.com/flash/24571.htm,宠物连连看3.1无敌版
http://www.4399.com/flash/8670.htm,宠物连连看特别版
http://www.4399.com/flash/50909.htm,植物战僵尸3D连连看
http://www.4399.com/flash/27265.htm,火柴人逃狱记
http://www.4399.com/flash/157666.htm,史上最贱小游戏13
http://www.4399.com/flash/113790.htm,找你妹正式版
http://www.4399.com/flash/123789.htm,恐龙觅食
http://www.4399.com/flash/128952.htm,坏蛋冰淇淋3
http://www.4399.com/flash/48349.htm,爱吃水果的虫子
http://www.4399.com/flash/1244.htm,红孩儿连连看
http://www.4399.com/flash/152162.htm,盗金父子2
http://www.4399.com/flash/8954.htm,阿sue家做客
http://www.4399.com/flash/142569.htm,一把火
http://www.4399.com/flash/91402.htm,保护橙子增强版3
http://www.4399.com/flash/56745.htm,动画师和动画
http://www.4399.com/flash/117146.htm,火柴人智闯飞艇
http://www.4399.com/flash/1287.htm,新麻雀连连看
http://www.4399.com/flash/134715.htm,捣蛋猪HD3.8
http://www.4399.com/flash/62725.htm,蜗牛鲍勃2中文版
http://www.4399.com/flash/123611.htm,小汽车的爱情梦
http://www.4399.com/flash/135633.htm,糖果去哪儿了2
http://www.4399.com/flash/151340.htm,熊猫逃生记之日本
http://www.4399.com/flash/167263.htm,神奇的牧场
http://www.4399.com/flash/167196.htm,特技高尔夫
http://www.4399.com/flash/167057.htm,等位旋转
http://www.4399.com/flash/167012.htm,史上最贱小游戏之穿越
http://www.4399.com/flash/166984.htm,逗小猴开心圣诞节篇
http://www.4399.com/flash/166914.htm,小鸡爱自由2
http://www.4399.com/flash/166906.htm,冰火神奇宝贝
http://www.4399.com/flash/166858.htm,熊猫之恋2
http://www.4399.com/flash/166855.htm,熊猫之恋
http://www.4399.com/flash/166747.htm,宝藏炸弹
http://www.4399.com/flash/166681.htm,互斥的果冻小怪
http://www.4399.com/flash/166563.htm,盗金父子3
http://www.4399.com/flash/166561.htm,咖啡糖果对对碰
http://www.4399.com/flash/166530.htm,狡猾的强盗2
http://www.4399.com/flash/166282.htm,星座战士
http://www.4399.com/flash/166229.htm,倒霉的宇航员2
http://www.4399.com/flash/166227.htm,海中救援行动
http://www.4399.com/flash/166164.htm,逗小猴开心找火鸡
http://www.4399.com/flash/166106.htm,算数大考验2
http://www.4399.com/flash/165925.htm,新大头儿子小头爸爸
http://www.4399.com/flash/165878.htm,熊猫逃生记之奇幻世界
http://www.4399.com/flash/165805.htm,怒炸海盗猪
http://www.4399.com/flash/165743.htm,弹性大炮
http://www.4399.com/flash/165657.htm,盗墓笔记前传
http://www.4399.com/flash/165651.htm,外星哥们儿
http://www.4399.com/flash/165443.htm,保护橙子之伟大旅程
http://www.4399.com/flash/165382.htm,愤怒的猪仔
http://www.4399.com/flash/165137.htm,灾难来临时6
http://www.4399.com/flash/165085.htm,大头外星人回家2
http://www.4399.com/flash/165043.htm,小猫咪咪
http://www.4399.com/flash/164800.htm,捕捉幽灵行动2
http://www.4399.com/flash/164591.htm,逗小猴开心万圣节篇
http://www.4399.com/flash/164342.htm,乌诺叠叠乐
http://www.4399.com/flash/164243.htm,咖啡杯接糖
http://www.4399.com/flash/164176.htm,冰冻的绵羊
http://www.4399.com/flash/163933.htm,外星人收集能量石3
http://www.4399.com/flash/163827.htm,外星人玩篮球
http://www.4399.com/flash/163725.htm,俄罗斯方块异空间
http://www.4399.com/flash/163634.htm,糖果轨道3
http://www.4399.com/flash/163632.htm,毛球乐园
http://www.4399.com/flash/163627.htm,钢铁球机器人
http://www.4399.com/flash/163363.htm,捣蛋猪HD5.0
http://www.4399.com/flash/163548.htm,争夺皇冠
http://www.4399.com/flash/162677.htm,鸣人找分身
http://www.4399.com/flash/163483.htm,水果的战争2
http://www.4399.com/flash/163051.htm,小汽车的童话梦
http://www.4399.com/flash/163411.htm,电源与灯泡
http://www.4399.com/flash/163312.htm,大头外星人
http://www.4399.com/flash/163052.htm,刺猬找苹果2
http://www.4399.com/flash/162978.htm,忍者青蛙
http://www.4399.com/flash/162811.htm,神奇的魔法方块
http://www.4399.com/flash/162681.htm,原始人保护恐龙蛋
http://www.4399.com/flash/162639.htm,木乃伊找石棺
http://www.4399.com/flash/162592.htm,农夫的反击
http://www.4399.com/flash/162326.htm,给大白充电
http://www.4399.com/flash/162476.htm,迷失的方块
http://www.4399.com/flash/1382.htm,宠物连连看2.5版
http://www.4399.com/flash/12669.htm,果蔬连连看
http://www.4399.com/flash/17801.htm,宠物连连看3.1
http://www.4399.com/flash/20660.htm,森林冰火人中文版
http://www.4399.com/flash/93551.htm,小鳄鱼爱洗澡中文版
http://www.4399.com/flash/113377.htm,森林冰火人4无敌版
http://www.4399.com/flash/10393.htm,石头连连看
http://www.4399.com/flash/79068.htm,高楼爆破3无敌版
http://www.4399.com/flash/853.htm,五子连珠
http://www.4399.com/flash/17403.htm,青蛙祖玛
http://www.4399.com/flash/57474.htm,蝴蝶连连看
http://www.4399.com/flash/4781.htm,花花连连看
http://www.4399.com/flash/136516.htm,消灭星星豪华版
http://www.4399.com/flash/54423.htm,4399打豆豆
http://www.4399.com/flash/2231.htm,宠物连连看2.6
http://www.4399.com/flash/63033.htm,森林冰火人双人迷宫
http://www.4399.com/flash/68259.htm,河马饲养员
http://www.4399.com/flash/106202.htm,消灭星星中文版
http://www.4399.com/flash/62002.htm,疯狂过山车2
http://www.4399.com/flash/100125.htm,装载卡车4
http://www.4399.com/flash/131178.htm,帮鸟儿解冻3
http://www.4399.com/flash/106933.htm,坏蛋冰淇淋2无敌版
http://www.4399.com/flash/171900.htm,装载卡车5
http://www.4399.com/flash/147327.htm,亚当找夏娃3
http://www.4399.com/flash/10919.htm,宠物连连看3.0版
http://www.4399.com/flash/71760.htm,小婴儿逃出系列3
http://www.4399.com/flash/156918.htm,坏小孩回家4
http://www.4399.com/flash/37529.htm,小火车过隧道无敌版
http://www.4399.com/flash/50350.htm,唤醒嗜睡的小人
http://www.4399.com/flash/41285.htm,朵拉的迷你高尔夫
http://www.4399.com/flash/130836.htm,消你妹
http://www.4399.com/flash/128302.htm,消灭星星3电脑版
http://www.4399.com/flash/103266.htm,炮兵突击
http://www.4399.com/flash/96689.htm,愤怒的小鸟太空版HD
http://www.4399.com/flash/57317.htm,激光炮轰小怪2
http://www.4399.com/flash/4782.htm,汽车标志连连看
http://www.4399.com/flash/89614.htm,托马斯过河
http://www.4399.com/flash/88882.htm,海绵宝宝3D大富翁2
http://www.4399.com/flash/138881.htm,激光炮轰小怪3加强版
http://www.4399.com/flash/21223.htm,小球进洞
http://www.4399.com/flash/89107.htm,黑太狼吃羊2
http://www.4399.com/flash/152489.htm,史上最贱小游戏之体育
http://www.4399.com/flash/80211.htm,中国熊猫2无敌版
http://www.4399.com/flash/92102.htm,连连看3.1原版
http://www.4399.com/flash/76887.htm,宠物连连看可爱版
http://www.4399.com/flash/66922.htm,亚当找夏娃中文版
http://www.4399.com/flash/65959.htm,高楼爆破无敌版
http://www.4399.com/flash/34726.htm,4399水果连连看
http://www.4399.com/flash/47634.htm,让子弹飞
http://www.4399.com/flash/122189.htm,史上最贱小游戏3
http://www.4399.com/flash/184591.htm,捣蛋猪HD8.0
http://www.4399.com/flash/50306.htm,奇妙水世界
http://www.4399.com/flash/143168.htm,手纸没有了
http://www.4399.com/flash/79452.htm,森林冰火人3
http://www.4399.com/flash/73311.htm,破蛋专家
http://www.4399.com/flash/92953.htm,逗小猴开心7
http://www.4399.com/flash/132546.htm,亚当找夏娃2
http://www.4399.com/flash/80972.htm,宠物连连看经典版2
http://www.4399.com/flash/138976.htm,盗金父子
http://www.4399.com/flash/69774.htm,高楼爆破2无敌版
http://www.4399.com/flash/42075.htm,光头小子找出口
http://www.4399.com/flash/86544.htm,鸡蛋大逃亡2
http://www.4399.com/flash/30543.htm,小婴儿逃出系列1
http://www.4399.com/flash/63828.htm,红球与绿球
http://www.4399.com/flash/106849.htm,坏蛋冰淇淋2
http://www.4399.com/flash/41483.htm,装载卡车
http://www.4399.com/flash/16395.htm,小婴儿逃出系列2
http://www.4399.com/flash/158011.htm,小汽车的英雄梦
http://www.4399.com/flash/73122.htm,装载卡车3
http://www.4399.com/flash/102581.htm,帮鸟儿解冻
http://www.4399.com/flash/33249.htm,帮小狗取手绢
http://www.4399.com/flash/9840.htm,在线弹钢琴
http://www.4399.com/flash/78828.htm,益智乐高2中文版
http://www.4399.com/flash/35965.htm,直升机打气球
http://www.4399.com/flash/92108.htm,连连看原版
http://www.4399.com/flash/97275.htm,3D旋转麻将连连看
http://www.4399.com/flash/46428.htm,空姐阿Sue
http://www.4399.com/flash/24571.htm,宠物连连看3.1无敌版
http://www.4399.com/flash/8670.htm,宠物连连看特别版
http://www.4399.com/flash/50909.htm,植物战僵尸3D连连看
http://www.4399.com/flash/27265.htm,火柴人逃狱记
http://www.4399.com/flash/157666.htm,史上最贱小游戏13
http://www.4399.com/flash/113790.htm,找你妹正式版
http://www.4399.com/flash/123789.htm,恐龙觅食
http://www.4399.com/flash/128952.htm,坏蛋冰淇淋3
http://www.4399.com/flash/48349.htm,爱吃水果的虫子
http://www.4399.com/flash/1244.htm,红孩儿连连看
http://www.4399.com/flash/152162.htm,盗金父子2
http://www.4399.com/flash/8954.htm,阿sue家做客
http://www.4399.com/flash/142569.htm,一把火
http://www.4399.com/flash/91402.htm,保护橙子增强版3
http://www.4399.com/flash/56745.htm,动画师和动画
http://www.4399.com/flash/117146.htm,火柴人智闯飞艇
http://www.4399.com/flash/1287.htm,新麻雀连连看
http://www.4399.com/flash/134715.htm,捣蛋猪HD3.8
http://www.4399.com/flash/62725.htm,蜗牛鲍勃2中文版
http://www.4399.com/flash/123611.htm,小汽车的爱情梦
http://www.4399.com/flash/135633.htm,糖果去哪儿了2
http://www.4399.com/flash/151340.htm,熊猫逃生记之日本
http://www.4399.com/flash/162399.htm,气球勇者
http://www.4399.com/flash/162334.htm,吐司面包
http://www.4399.com/flash/162267.htm,大炮轰海盗
http://www.4399.com/flash/162265.htm,书中冒险之旅2电脑版
http://www.4399.com/flash/162180.htm,豆娃疯狂组词
http://www.4399.com/flash/162093.htm,风车磨坊逃脱
http://www.4399.com/flash/162062.htm,跳出机箱
http://www.4399.com/flash/162049.htm,海盗的灾难
http://www.4399.com/flash/162045.htm,接水管养金鱼2
http://www.4399.com/flash/162006.htm,逃离机械工厂
http://www.4399.com/flash/161517.htm,白兔的抗战
http://www.4399.com/flash/161936.htm,太空小狗
http://www.4399.com/flash/161860.htm,弹珠超人
http://www.4399.com/flash/161711.htm,木板切割加强版
http://www.4399.com/flash/161698.htm,吃货爱糖果3
http://www.4399.com/flash/161623.htm,冲吧机器人2
http://www.4399.com/flash/161329.htm,愤怒的小鸟爱洗澡2
http://www.4399.com/flash/161373.htm,绅士计划
http://www.4399.com/flash/161249.htm,奔跑吧小鸟
http://www.4399.com/flash/161215.htm,西游白骨传
http://www.4399.com/flash/161165.htm,逗小猴开心武士部落
http://www.4399.com/flash/161149.htm,我的幻想乐园
http://www.4399.com/flash/160995.htm,糖果乌托邦
http://www.4399.com/flash/160896.htm,泡泡奇缘
http://www.4399.com/flash/160832.htm,萌怪的爱情2
http://www.4399.com/flash/160795.htm,积木姐妹回娘家
http://www.4399.com/flash/160759.htm,熊猫的世界
http://www.4399.com/flash/160684.htm,糖果轨道2
http://www.4399.com/flash/160668.htm,银河历险记
http://www.4399.com/flash/160667.htm,潜行盗宝
http://www.4399.com/flash/160530.htm,二战坦克军
http://www.4399.com/flash/160573.htm,亚马逊森林的隐藏靶子
http://www.4399.com/flash/160566.htm,贝壳大冲击
http://www.4399.com/flash/160231.htm,吹蛋蛋
http://www.4399.com/flash/160424.htm,萌小怪吃甜甜圈2
http://www.4399.com/flash/160240.htm,解谜23号悬案
http://www.4399.com/flash/160178.htm,逗小猴开心疯狂旅行
http://www.4399.com/flash/160176.htm,饥饿三巨头
http://www.4399.com/flash/159927.htm,藏匿的宝藏
http://www.4399.com/flash/159919.htm,野外救援
http://www.4399.com/flash/159752.htm,小方块闯冰洞
http://www.4399.com/flash/159709.htm,冰娃火娃2太空漫步
http://www.4399.com/flash/159487.htm,牛牛和小水珠
http://www.4399.com/flash/159332.htm,毛球兄弟
http://www.4399.com/flash/159307.htm,小样儿去哪儿
http://www.4399.com/flash/159287.htm,移动之谜
http://www.4399.com/flash/159074.htm,蛋蛋小天使2
http://www.4399.com/flash/158853.htm,奔跑吧兄弟大闯关
http://www.4399.com/flash/158962.htm,灾难来临时5
http://www.4399.com/flash/158870.htm,射击小能手
http://www.4399.com/flash/158727.htm,果园闯关
http://www.4399.com/flash/158710.htm,消灭病毒计划
http://www.4399.com/flash/158660.htm,油漆小球大碰撞
http://www.4399.com/flash/158575.htm,逗小猴开心忍者世界3
http://www.4399.com/flash/158537.htm,技工学校哪家强
http://www.4399.com/flash/158507.htm,仲夏梦之夜2
http://www.4399.com/flash/1382.htm,宠物连连看2.5版
http://www.4399.com/flash/12669.htm,果蔬连连看
http://www.4399.com/flash/17801.htm,宠物连连看3.1
http://www.4399.com/flash/20660.htm,森林冰火人中文版
http://www.4399.com/flash/93551.htm,小鳄鱼爱洗澡中文版
http://www.4399.com/flash/113377.htm,森林冰火人4无敌版
http://www.4399.com/flash/10393.htm,石头连连看
http://www.4399.com/flash/79068.htm,高楼爆破3无敌版
http://www.4399.com/flash/853.htm,五子连珠
http://www.4399.com/flash/17403.htm,青蛙祖玛
http://www.4399.com/flash/57474.htm,蝴蝶连连看
http://www.4399.com/flash/4781.htm,花花连连看
http://www.4399.com/flash/136516.htm,消灭星星豪华版
http://www.4399.com/flash/54423.htm,4399打豆豆
http://www.4399.com/flash/2231.htm,宠物连连看2.6
http://www.4399.com/flash/63033.htm,森林冰火人双人迷宫
http://www.4399.com/flash/68259.htm,河马饲养员
http://www.4399.com/flash/106202.htm,消灭星星中文版
http://www.4399.com/flash/62002.htm,疯狂过山车2
http://www.4399.com/flash/100125.htm,装载卡车4
http://www.4399.com/flash/131178.htm,帮鸟儿解冻3
http://www.4399.com/flash/106933.htm,坏蛋冰淇淋2无敌版
http://www.4399.com/flash/171900.htm,装载卡车5
http://www.4399.com/flash/147327.htm,亚当找夏娃3
http://www.4399.com/flash/10919.htm,宠物连连看3.0版
http://www.4399.com/flash/71760.htm,小婴儿逃出系列3
http://www.4399.com/flash/156918.htm,坏小孩回家4
http://www.4399.com/flash/37529.htm,小火车过隧道无敌版
http://www.4399.com/flash/50350.htm,唤醒嗜睡的小人
http://www.4399.com/flash/41285.htm,朵拉的迷你高尔夫
http://www.4399.com/flash/130836.htm,消你妹
http://www.4399.com/flash/128302.htm,消灭星星3电脑版
http://www.4399.com/flash/103266.htm,炮兵突击
http://www.4399.com/flash/96689.htm,愤怒的小鸟太空版HD
http://www.4399.com/flash/57317.htm,激光炮轰小怪2
http://www.4399.com/flash/4782.htm,汽车标志连连看
http://www.4399.com/flash/89614.htm,托马斯过河
http://www.4399.com/flash/88882.htm,海绵宝宝3D大富翁2
http://www.4399.com/flash/138881.htm,激光炮轰小怪3加强版
http://www.4399.com/flash/21223.htm,小球进洞
http://www.4399.com/flash/89107.htm,黑太狼吃羊2
http://www.4399.com/flash/152489.htm,史上最贱小游戏之体育
http://www.4399.com/flash/80211.htm,中国熊猫2无敌版
http://www.4399.com/flash/92102.htm,连连看3.1原版
http://www.4399.com/flash/76887.htm,宠物连连看可爱版
http://www.4399.com/flash/66922.htm,亚当找夏娃中文版
http://www.4399.com/flash/65959.htm,高楼爆破无敌版
http://www.4399.com/flash/34726.htm,4399水果连连看
http://www.4399.com/flash/47634.htm,让子弹飞
http://www.4399.com/flash/122189.htm,史上最贱小游戏3
http://www.4399.com/flash/184591.htm,捣蛋猪HD8.0
http://www.4399.com/flash/50306.htm,奇妙水世界
http://www.4399.com/flash/143168.htm,手纸没有了
http://www.4399.com/flash/79452.htm,森林冰火人3
http://www.4399.com/flash/73311.htm,破蛋专家
http://www.4399.com/flash/92953.htm,逗小猴开心7
http://www.4399.com/flash/132546.htm,亚当找夏娃2
http://www.4399.com/flash/80972.htm,宠物连连看经典版2
http://www.4399.com/flash/138976.htm,盗金父子
http://www.4399.com/flash/69774.htm,高楼爆破2无敌版
http://www.4399.com/flash/42075.htm,光头小子找出口
http://www.4399.com/flash/86544.htm,鸡蛋大逃亡2
http://www.4399.com/flash/30543.htm,小婴儿逃出系列1
http://www.4399.com/flash/63828.htm,红球与绿球
http://www.4399.com/flash/106849.htm,坏蛋冰淇淋2
http://www.4399.com/flash/41483.htm,装载卡车
http://www.4399.com/flash/16395.htm,小婴儿逃出系列2
http://www.4399.com/flash/158011.htm,小汽车的英雄梦
http://www.4399.com/flash/73122.htm,装载卡车3
http://www.4399.com/flash/102581.htm,帮鸟儿解冻
http://www.4399.com/flash/33249.htm,帮小狗取手绢
http://www.4399.com/flash/9840.htm,在线弹钢琴
http://www.4399.com/flash/78828.htm,益智乐高2中文版
http://www.4399.com/flash/35965.htm,直升机打气球
http://www.4399.com/flash/92108.htm,连连看原版
http://www.4399.com/flash/97275.htm,3D旋转麻将连连看
http://www.4399.com/flash/46428.htm,空姐阿Sue
http://www.4399.com/flash/24571.htm,宠物连连看3.1无敌版
http://www.4399.com/flash/8670.htm,宠物连连看特别版
http://www.4399.com/flash/50909.htm,植物战僵尸3D连连看
http://www.4399.com/flash/27265.htm,火柴人逃狱记
http://www.4399.com/flash/157666.htm,史上最贱小游戏13
http://www.4399.com/flash/113790.htm,找你妹正式版
http://www.4399.com/flash/123789.htm,恐龙觅食
http://www.4399.com/flash/128952.htm,坏蛋冰淇淋3
http://www.4399.com/flash/48349.htm,爱吃水果的虫子
http://www.4399.com/flash/1244.htm,红孩儿连连看
http://www.4399.com/flash/152162.htm,盗金父子2
http://www.4399.com/flash/8954.htm,阿sue家做客
http://www.4399.com/flash/142569.htm,一把火
http://www.4399.com/flash/91402.htm,保护橙子增强版3
http://www.4399.com/flash/56745.htm,动画师和动画
http://www.4399.com/flash/117146.htm,火柴人智闯飞艇
http://www.4399.com/flash/1287.htm,新麻雀连连看
http://www.4399.com/flash/134715.htm,捣蛋猪HD3.8
http://www.4399.com/flash/62725.htm,蜗牛鲍勃2中文版
http://www.4399.com/flash/123611.htm,小汽车的爱情梦
http://www.4399.com/flash/135633.htm,糖果去哪儿了2
http://www.4399.com/flash/151340.htm,熊猫逃生记之日本
http://www.4399.com/flash/158469.htm,捣蛋猪豪华版
http://www.4399.com/flash/158386.htm,哈维之屋逃脱
http://www.4399.com/flash/158382.htm,脑力方块大作战2
http://www.4399.com/flash/158357.htm,紧张的机器人
http://www.4399.com/flash/158320.htm,朵拉玛雅夺宝
http://www.4399.com/flash/158258.htm,糖果去哪儿了3
http://www.4399.com/flash/158167.htm,丘比特爱冒险
http://www.4399.com/flash/158136.htm,大鳄鱼爱小黄鸭3
http://www.4399.com/flash/158127.htm,森林危机2
http://www.4399.com/flash/158011.htm,小汽车的英雄梦
http://www.4399.com/flash/158049.htm,冰火人双重挑战
http://www.4399.com/flash/158014.htm,泡泡升空记6
http://www.4399.com/flash/157995.htm,小熊找真爱2
http://www.4399.com/flash/157853.htm,我的年龄我做主2
http://www.4399.com/flash/157836.htm,绿野奇踪
http://www.4399.com/flash/157666.htm,史上最贱小游戏13
http://www.4399.com/flash/157493.htm,梵高之屋逃脱
http://www.4399.com/flash/157488.htm,木乃伊找身体加强版
http://www.4399.com/flash/157477.htm,导弹轰炸外星人
http://www.4399.com/flash/157453.htm,愤怒的小鸟爱洗澡
http://www.4399.com/flash/157432.htm,贪财的绿皮怪
http://www.4399.com/flash/157415.htm,划线接糖3
http://www.4399.com/flash/157281.htm,让我出去电脑版
http://www.4399.com/flash/157321.htm,小果冻的爱之岛
http://www.4399.com/flash/157080.htm,逗小猴开心忍者世界2
http://www.4399.com/flash/157015.htm,小猫咪睡觉觉
http://www.4399.com/flash/156918.htm,坏小孩回家4
http://www.4399.com/flash/156840.htm,误闯陷阱高塔
http://www.4399.com/flash/156812.htm,大头外星人回家
http://www.4399.com/flash/156677.htm,覆灭的城堡
http://www.4399.com/flash/156668.htm,反重力小猫咪
http://www.4399.com/flash/156653.htm,球形忍者
http://www.4399.com/flash/156554.htm,超级立方体
http://www.4399.com/flash/156536.htm,消灭会说话的机器人
http://www.4399.com/flash/156491.htm,王子相会公主2
http://www.4399.com/flash/156452.htm,可爱果冻对对碰
http://www.4399.com/flash/156224.htm,消灭果蔬
http://www.4399.com/flash/156152.htm,切割小怪物3
http://www.4399.com/flash/156078.htm,小汽车滴滴滴
http://www.4399.com/flash/156014.htm,差评快递
http://www.4399.com/flash/155927.htm,超能盒子先生2
http://www.4399.com/flash/155898.htm,叫醒小猫咪
http://www.4399.com/flash/155872.htm,四季之屋逃脱
http://www.4399.com/flash/155748.htm,湖中小屋逃脱
http://www.4399.com/flash/155690.htm,逗小猴开心闯天关
http://www.4399.com/flash/155530.htm,野人连萌
http://www.4399.com/flash/155476.htm,消灭水晶方块
http://www.4399.com/flash/155449.htm,炮轰变异外星人
http://www.4399.com/flash/155204.htm,大鳄鱼爱小黄鸭2
http://www.4399.com/flash/155330.htm,自然元素灭小怪2
http://www.4399.com/flash/155263.htm,神奇七侠2
http://www.4399.com/flash/155173.htm,伐木巨人的故事
http://www.4399.com/flash/155076.htm,修复赛车道
http://www.4399.com/flash/154998.htm,算数大考验
http://www.4399.com/flash/154694.htm,逐鹿神箭手
http://www.4399.com/flash/154638.htm,大头爸爸回家
http://www.4399.com/flash/1382.htm,宠物连连看2.5版
http://www.4399.com/flash/12669.htm,果蔬连连看
http://www.4399.com/flash/17801.htm,宠物连连看3.1
http://www.4399.com/flash/20660.htm,森林冰火人中文版
http://www.4399.com/flash/93551.htm,小鳄鱼爱洗澡中文版
http://www.4399.com/flash/113377.htm,森林冰火人4无敌版
http://www.4399.com/flash/10393.htm,石头连连看
http://www.4399.com/flash/79068.htm,高楼爆破3无敌版
http://www.4399.com/flash/853.htm,五子连珠
http://www.4399.com/flash/17403.htm,青蛙祖玛
http://www.4399.com/flash/57474.htm,蝴蝶连连看
http://www.4399.com/flash/4781.htm,花花连连看
http://www.4399.com/flash/136516.htm,消灭星星豪华版
http://www.4399.com/flash/54423.htm,4399打豆豆
http://www.4399.com/flash/2231.htm,宠物连连看2.6
http://www.4399.com/flash/63033.htm,森林冰火人双人迷宫
http://www.4399.com/flash/68259.htm,河马饲养员
http://www.4399.com/flash/106202.htm,消灭星星中文版
http://www.4399.com/flash/62002.htm,疯狂过山车2
http://www.4399.com/flash/100125.htm,装载卡车4
http://www.4399.com/flash/131178.htm,帮鸟儿解冻3
http://www.4399.com/flash/106933.htm,坏蛋冰淇淋2无敌版
http://www.4399.com/flash/171900.htm,装载卡车5
http://www.4399.com/flash/147327.htm,亚当找夏娃3
http://www.4399.com/flash/10919.htm,宠物连连看3.0版
http://www.4399.com/flash/71760.htm,小婴儿逃出系列3
http://www.4399.com/flash/156918.htm,坏小孩回家4
http://www.4399.com/flash/37529.htm,小火车过隧道无敌版
http://www.4399.com/flash/50350.htm,唤醒嗜睡的小人
http://www.4399.com/flash/41285.htm,朵拉的迷你高尔夫
http://www.4399.com/flash/130836.htm,消你妹
http://www.4399.com/flash/128302.htm,消灭星星3电脑版
http://www.4399.com/flash/103266.htm,炮兵突击
http://www.4399.com/flash/96689.htm,愤怒的小鸟太空版HD
http://www.4399.com/flash/57317.htm,激光炮轰小怪2
http://www.4399.com/flash/4782.htm,汽车标志连连看
http://www.4399.com/flash/89614.htm,托马斯过河
http://www.4399.com/flash/88882.htm,海绵宝宝3D大富翁2
http://www.4399.com/flash/138881.htm,激光炮轰小怪3加强版
http://www.4399.com/flash/21223.htm,小球进洞
http://www.4399.com/flash/89107.htm,黑太狼吃羊2
http://www.4399.com/flash/152489.htm,史上最贱小游戏之体育
http://www.4399.com/flash/80211.htm,中国熊猫2无敌版
http://www.4399.com/flash/92102.htm,连连看3.1原版
http://www.4399.com/flash/76887.htm,宠物连连看可爱版
http://www.4399.com/flash/66922.htm,亚当找夏娃中文版
http://www.4399.com/flash/65959.htm,高楼爆破无敌版
http://www.4399.com/flash/34726.htm,4399水果连连看
http://www.4399.com/flash/47634.htm,让子弹飞
http://www.4399.com/flash/122189.htm,史上最贱小游戏3
http://www.4399.com/flash/184591.htm,捣蛋猪HD8.0
http://www.4399.com/flash/50306.htm,奇妙水世界
http://www.4399.com/flash/143168.htm,手纸没有了
http://www.4399.com/flash/79452.htm,森林冰火人3
http://www.4399.com/flash/73311.htm,破蛋专家
http://www.4399.com/flash/92953.htm,逗小猴开心7
http://www.4399.com/flash/132546.htm,亚当找夏娃2
http://www.4399.com/flash/80972.htm,宠物连连看经典版2
http://www.4399.com/flash/138976.htm,盗金父子
http://www.4399.com/flash/69774.htm,高楼爆破2无敌版
http://www.4399.com/flash/42075.htm,光头小子找出口
http://www.4399.com/flash/86544.htm,鸡蛋大逃亡2
http://www.4399.com/flash/30543.htm,小婴儿逃出系列1
http://www.4399.com/flash/63828.htm,红球与绿球
http://www.4399.com/flash/106849.htm,坏蛋冰淇淋2
http://www.4399.com/flash/41483.htm,装载卡车
http://www.4399.com/flash/16395.htm,小婴儿逃出系列2
http://www.4399.com/flash/158011.htm,小汽车的英雄梦
http://www.4399.com/flash/73122.htm,装载卡车3
http://www.4399.com/flash/102581.htm,帮鸟儿解冻
http://www.4399.com/flash/33249.htm,帮小狗取手绢
http://www.4399.com/flash/9840.htm,在线弹钢琴
http://www.4399.com/flash/78828.htm,益智乐高2中文版
http://www.4399.com/flash/35965.htm,直升机打气球
http://www.4399.com/flash/92108.htm,连连看原版
http://www.4399.com/flash/97275.htm,3D旋转麻将连连看
http://www.4399.com/flash/46428.htm,空姐阿Sue
http://www.4399.com/flash/24571.htm,宠物连连看3.1无敌版
http://www.4399.com/flash/8670.htm,宠物连连看特别版
http://www.4399.com/flash/50909.htm,植物战僵尸3D连连看
http://www.4399.com/flash/27265.htm,火柴人逃狱记
http://www.4399.com/flash/157666.htm,史上最贱小游戏13
http://www.4399.com/flash/113790.htm,找你妹正式版
http://www.4399.com/flash/123789.htm,恐龙觅食
http://www.4399.com/flash/128952.htm,坏蛋冰淇淋3
http://www.4399.com/flash/48349.htm,爱吃水果的虫子
http://www.4399.com/flash/1244.htm,红孩儿连连看
http://www.4399.com/flash/152162.htm,盗金父子2
http://www.4399.com/flash/8954.htm,阿sue家做客
http://www.4399.com/flash/142569.htm,一把火
http://www.4399.com/flash/91402.htm,保护橙子增强版3
http://www.4399.com/flash/56745.htm,动画师和动画
http://www.4399.com/flash/117146.htm,火柴人智闯飞艇
http://www.4399.com/flash/1287.htm,新麻雀连连看
http://www.4399.com/flash/134715.htm,捣蛋猪HD3.8
http://www.4399.com/flash/62725.htm,蜗牛鲍勃2中文版
http://www.4399.com/flash/123611.htm,小汽车的爱情梦
http://www.4399.com/flash/135633.htm,糖果去哪儿了2
http://www.4399.com/flash/151340.htm,熊猫逃生记之日本
http://www.4399.com/flash/154630.htm,可爱动物七巧板
http://www.4399.com/flash/154572.htm,魔法胡萝卜3
http://www.4399.com/flash/154568.htm,共筑爱巢
http://www.4399.com/flash/154567.htm,几何变变变
http://www.4399.com/flash/154404.htm,超能陆战队动态拼图
http://www.4399.com/flash/154374.htm,逗小猴开心小鸡咕咕
http://www.4399.com/flash/154137.htm,糖果碰碰乐
http://www.4399.com/flash/154075.htm,逗小猴开心忍者世界
http://www.4399.com/flash/153955.htm,木工建造师
http://www.4399.com/flash/153945.htm,一个都别想跑
http://www.4399.com/flash/153869.htm,王子相会公主
http://www.4399.com/flash/153750.htm,消除专家
http://www.4399.com/flash/153701.htm,24道门逃脱
http://www.4399.com/flash/153713.htm,嘴馋的企鹅
http://www.4399.com/flash/153700.htm,老奶奶追王子
http://www.4399.com/flash/153565.htm,饥饿的小猪甜甜圈电脑版
http://www.4399.com/flash/153618.htm,大白回家之旅
http://www.4399.com/flash/153435.htm,小泥怪大逃生
http://www.4399.com/flash/153465.htm,勇闯海岛
http://www.4399.com/flash/153327.htm,逗小猴开心妖精森林
http://www.4399.com/flash/153326.htm,坚固的城墙
http://www.4399.com/flash/153290.htm,愤怒的小鸟思黛拉
http://www.4399.com/flash/153279.htm,混乱的玩具工厂
http://www.4399.com/flash/153175.htm,三头龙逃脱
http://www.4399.com/flash/152978.htm,逗小猴开心之护身法宝
http://www.4399.com/flash/152938.htm,一起来锄草
http://www.4399.com/flash/152906.htm,百变萌宠2
http://www.4399.com/flash/152846.htm,忍者密令
http://www.4399.com/flash/152831.htm,小斑马爱吃草
http://www.4399.com/flash/152699.htm,猫咪叠叠乐加强版
http://www.4399.com/flash/152687.htm,最佳射门加强版
http://www.4399.com/flash/152608.htm,TFBOYS四叶草消消看
http://www.4399.com/flash/152484.htm,河马大厨
http://www.4399.com/flash/152541.htm,我要坐车
http://www.4399.com/flash/152489.htm,史上最贱小游戏之体育
http://www.4399.com/flash/152416.htm,爱情农场的故事
http://www.4399.com/flash/152392.htm,贪吃的猪头3
http://www.4399.com/flash/152297.htm,史上最坑爹的游戏5
http://www.4399.com/flash/152379.htm,狡猾的强盗
http://www.4399.com/flash/152294.htm,泡泡升空记5
http://www.4399.com/flash/152291.htm,逗小猴开心之情人节
http://www.4399.com/flash/152162.htm,盗金父子2
http://www.4399.com/flash/152099.htm,潘多拉元素之力
http://www.4399.com/flash/152092.htm,机智的管道工
http://www.4399.com/flash/152085.htm,辛勤的图书馆长2
http://www.4399.com/flash/151635.htm,史上最坑爹的游戏4
http://www.4399.com/flash/151936.htm,逗小猴开心西部历险2
http://www.4399.com/flash/151822.htm,解救三角龙一家
http://www.4399.com/flash/151818.htm,坑爹么么答
http://www.4399.com/flash/151737.htm,糖果世界的危机
http://www.4399.com/flash/151717.htm,小汽车的旅行梦
http://www.4399.com/flash/151716.htm,魔法胡萝卜2
http://www.4399.com/flash/151502.htm,朵拉拯救小恐龙
http://www.4399.com/flash/151582.htm,走出魔幻盒子2
http://www.4399.com/flash/151542.htm,灾难来临时4
http://www.4399.com/flash/151474.htm,泡沫爆破电脑版
http://www.4399.com/flash/1382.htm,宠物连连看2.5版
http://www.4399.com/flash/12669.htm,果蔬连连看
http://www.4399.com/flash/17801.htm,宠物连连看3.1
http://www.4399.com/flash/20660.htm,森林冰火人中文版
http://www.4399.com/flash/93551.htm,小鳄鱼爱洗澡中文版
http://www.4399.com/flash/113377.htm,森林冰火人4无敌版
http://www.4399.com/flash/10393.htm,石头连连看
http://www.4399.com/flash/79068.htm,高楼爆破3无敌版
http://www.4399.com/flash/853.htm,五子连珠
http://www.4399.com/flash/17403.htm,青蛙祖玛
http://www.4399.com/flash/57474.htm,蝴蝶连连看
http://www.4399.com/flash/4781.htm,花花连连看
http://www.4399.com/flash/136516.htm,消灭星星豪华版
http://www.4399.com/flash/54423.htm,4399打豆豆
http://www.4399.com/flash/2231.htm,宠物连连看2.6
http://www.4399.com/flash/63033.htm,森林冰火人双人迷宫
http://www.4399.com/flash/68259.htm,河马饲养员
http://www.4399.com/flash/106202.htm,消灭星星中文版
http://www.4399.com/flash/62002.htm,疯狂过山车2
http://www.4399.com/flash/100125.htm,装载卡车4
http://www.4399.com/flash/131178.htm,帮鸟儿解冻3
http://www.4399.com/flash/106933.htm,坏蛋冰淇淋2无敌版
http://www.4399.com/flash/171900.htm,装载卡车5
http://www.4399.com/flash/147327.htm,亚当找夏娃3
http://www.4399.com/flash/10919.htm,宠物连连看3.0版
http://www.4399.com/flash/71760.htm,小婴儿逃出系列3
http://www.4399.com/flash/156918.htm,坏小孩回家4
http://www.4399.com/flash/37529.htm,小火车过隧道无敌版
http://www.4399.com/flash/50350.htm,唤醒嗜睡的小人
http://www.4399.com/flash/41285.htm,朵拉的迷你高尔夫
http://www.4399.com/flash/130836.htm,消你妹
http://www.4399.com/flash/128302.htm,消灭星星3电脑版
http://www.4399.com/flash/103266.htm,炮兵突击
http://www.4399.com/flash/96689.htm,愤怒的小鸟太空版HD
http://www.4399.com/flash/57317.htm,激光炮轰小怪2
http://www.4399.com/flash/4782.htm,汽车标志连连看
http://www.4399.com/flash/89614.htm,托马斯过河
http://www.4399.com/flash/88882.htm,海绵宝宝3D大富翁2
http://www.4399.com/flash/138881.htm,激光炮轰小怪3加强版
http://www.4399.com/flash/21223.htm,小球进洞
http://www.4399.com/flash/89107.htm,黑太狼吃羊2
http://www.4399.com/flash/152489.htm,史上最贱小游戏之体育
http://www.4399.com/flash/80211.htm,中国熊猫2无敌版
http://www.4399.com/flash/92102.htm,连连看3.1原版
http://www.4399.com/flash/76887.htm,宠物连连看可爱版
http://www.4399.com/flash/66922.htm,亚当找夏娃中文版
http://www.4399.com/flash/65959.htm,高楼爆破无敌版
http://www.4399.com/flash/34726.htm,4399水果连连看
http://www.4399.com/flash/47634.htm,让子弹飞
http://www.4399.com/flash/122189.htm,史上最贱小游戏3
http://www.4399.com/flash/184591.htm,捣蛋猪HD8.0
http://www.4399.com/flash/50306.htm,奇妙水世界
http://www.4399.com/flash/143168.htm,手纸没有了
http://www.4399.com/flash/79452.htm,森林冰火人3
http://www.4399.com/flash/73311.htm,破蛋专家
http://www.4399.com/flash/92953.htm,逗小猴开心7
http://www.4399.com/flash/132546.htm,亚当找夏娃2
http://www.4399.com/flash/80972.htm,宠物连连看经典版2
http://www.4399.com/flash/138976.htm,盗金父子
http://www.4399.com/flash/69774.htm,高楼爆破2无敌版
http://www.4399.com/flash/42075.htm,光头小子找出口
http://www.4399.com/flash/86544.htm,鸡蛋大逃亡2
http://www.4399.com/flash/30543.htm,小婴儿逃出系列1
http://www.4399.com/flash/63828.htm,红球与绿球
http://www.4399.com/flash/106849.htm,坏蛋冰淇淋2
http://www.4399.com/flash/41483.htm,装载卡车
http://www.4399.com/flash/16395.htm,小婴儿逃出系列2
http://www.4399.com/flash/158011.htm,小汽车的英雄梦
http://www.4399.com/flash/73122.htm,装载卡车3
http://www.4399.com/flash/102581.htm,帮鸟儿解冻
http://www.4399.com/flash/33249.htm,帮小狗取手绢
http://www.4399.com/flash/9840.htm,在线弹钢琴
http://www.4399.com/flash/78828.htm,益智乐高2中文版
http://www.4399.com/flash/35965.htm,直升机打气球
http://www.4399.com/flash/92108.htm,连连看原版
http://www.4399.com/flash/97275.htm,3D旋转麻将连连看
http://www.4399.com/flash/46428.htm,空姐阿Sue
http://www.4399.com/flash/24571.htm,宠物连连看3.1无敌版
http://www.4399.com/flash/8670.htm,宠物连连看特别版
http://www.4399.com/flash/50909.htm,植物战僵尸3D连连看
http://www.4399.com/flash/27265.htm,火柴人逃狱记
http://www.4399.com/flash/157666.htm,史上最贱小游戏13
http://www.4399.com/flash/113790.htm,找你妹正式版
http://www.4399.com/flash/123789.htm,恐龙觅食
http://www.4399.com/flash/128952.htm,坏蛋冰淇淋3
http://www.4399.com/flash/48349.htm,爱吃水果的虫子
http://www.4399.com/flash/1244.htm,红孩儿连连看
http://www.4399.com/flash/152162.htm,盗金父子2
http://www.4399.com/flash/8954.htm,阿sue家做客
http://www.4399.com/flash/142569.htm,一把火
http://www.4399.com/flash/91402.htm,保护橙子增强版3
http://www.4399.com/flash/56745.htm,动画师和动画
http://www.4399.com/flash/117146.htm,火柴人智闯飞艇
http://www.4399.com/flash/1287.htm,新麻雀连连看
http://www.4399.com/flash/134715.htm,捣蛋猪HD3.8
http://www.4399.com/flash/62725.htm,蜗牛鲍勃2中文版
http://www.4399.com/flash/123611.htm,小汽车的爱情梦
http://www.4399.com/flash/135633.htm,糖果去哪儿了2
http://www.4399.com/flash/151340.htm,熊猫逃生记之日本
http://www.4399.com/flash/151340.htm,熊猫逃生记之日本
http://www.4399.com/flash/151147.htm,小猪下泥坑2
http://www.4399.com/flash/151044.htm,皮克占位子
http://www.4399.com/flash/150853.htm,乾坤大挪移
http://www.4399.com/flash/150811.htm,2015开门见喜
http://www.4399.com/flash/150686.htm,小猫救援队2
http://www.4399.com/flash/150661.htm,灭鼠能手2
http://www.4399.com/flash/150546.htm,逗小猴开心西部历险
http://www.4399.com/flash/150432.htm,神秘忍者的试炼
http://www.4399.com/flash/150171.htm,冰球入网加强版2
http://www.4399.com/flash/150114.htm,麦奇的一天
http://www.4399.com/flash/150094.htm,五彩方块转转乐
http://www.4399.com/flash/149918.htm,危险蛇洞逃脱
http://www.4399.com/flash/149840.htm,萌怪的爱情
http://www.4399.com/flash/149785.htm,爱的齿轮
http://www.4399.com/flash/149815.htm,逃离老式豪宅
http://www.4399.com/flash/149713.htm,原来是这货2
http://www.4399.com/flash/149562.htm,圣诞节逃离森林
http://www.4399.com/flash/149512.htm,蜗牛鲍勃8
http://www.4399.com/flash/149466.htm,机器人归途之旅
http://www.4399.com/flash/149511.htm,星探3之星的赠礼
http://www.4399.com/flash/149489.htm,城市街道逃脱
http://www.4399.com/flash/149488.htm,雨中救小狗
http://www.4399.com/flash/149475.htm,猫鼠神偷
http://www.4399.com/flash/149417.htm,云端的萝卜怪
http://www.4399.com/flash/149407.htm,逃出圣诞城堡
http://www.4399.com/flash/149368.htm,红方块快走开
http://www.4399.com/flash/149249.htm,勇闯水晶岛
http://www.4399.com/flash/149286.htm,登山者逃脱
http://www.4399.com/flash/149271.htm,老乡村的秘密
http://www.4399.com/flash/149257.htm,炸弹神偷
http://www.4399.com/flash/149245.htm,疯狂撞击
http://www.4399.com/flash/149208.htm,温暖的圣诞礼物
http://www.4399.com/flash/149127.htm,攻占中世纪城堡2
http://www.4399.com/flash/149069.htm,圣诞精灵的逃脱
http://www.4399.com/flash/149035.htm,夺回圣诞礼物
http://www.4399.com/flash/149030.htm,令人头疼的派对
http://www.4399.com/flash/148977.htm,敏捷的骑士
http://www.4399.com/flash/148969.htm,回忆岛
http://www.4399.com/flash/148912.htm,厨房整修
http://www.4399.com/flash/148855.htm,彩虹的约定
http://www.4399.com/flash/148851.htm,逗小猴开心圣诞篇
http://www.4399.com/flash/148850.htm,乔伊看世界3
http://www.4399.com/flash/148804.htm,愤怒的拖鞋
http://www.4399.com/flash/148782.htm,抵御维京海盗的复仇2掠夺
http://www.4399.com/flash/148721.htm,胡子先生
http://www.4399.com/flash/148690.htm,简陋车库逃脱
http://www.4399.com/flash/148665.htm,属于龙的年代
http://www.4399.com/flash/148658.htm,看图猜成语
http://www.4399.com/flash/148655.htm,高考作弊风波
http://www.4399.com/flash/148651.htm,消灭小毛球3
http://www.4399.com/flash/148603.htm,慵懒的小猫2
http://www.4399.com/flash/148613.htm,石洞逃脱
http://www.4399.com/flash/148595.htm,废弃纸箱的归途
http://www.4399.com/flash/148574.htm,爱苹果的虫宝宝
http://www.4399.com/flash/148572.htm,逃出失落的森林
http://www.4399.com/flash/1382.htm,宠物连连看2.5版
http://www.4399.com/flash/12669.htm,果蔬连连看
http://www.4399.com/flash/17801.htm,宠物连连看3.1
http://www.4399.com/flash/20660.htm,森林冰火人中文版
http://www.4399.com/flash/93551.htm,小鳄鱼爱洗澡中文版
http://www.4399.com/flash/113377.htm,森林冰火人4无敌版
http://www.4399.com/flash/10393.htm,石头连连看
http://www.4399.com/flash/79068.htm,高楼爆破3无敌版
http://www.4399.com/flash/853.htm,五子连珠
http://www.4399.com/flash/17403.htm,青蛙祖玛
http://www.4399.com/flash/57474.htm,蝴蝶连连看
http://www.4399.com/flash/4781.htm,花花连连看
http://www.4399.com/flash/136516.htm,消灭星星豪华版
http://www.4399.com/flash/54423.htm,4399打豆豆
http://www.4399.com/flash/2231.htm,宠物连连看2.6
http://www.4399.com/flash/63033.htm,森林冰火人双人迷宫
http://www.4399.com/flash/68259.htm,河马饲养员
http://www.4399.com/flash/106202.htm,消灭星星中文版
http://www.4399.com/flash/62002.htm,疯狂过山车2
http://www.4399.com/flash/100125.htm,装载卡车4
http://www.4399.com/flash/131178.htm,帮鸟儿解冻3
http://www.4399.com/flash/106933.htm,坏蛋冰淇淋2无敌版
http://www.4399.com/flash/171900.htm,装载卡车5
http://www.4399.com/flash/147327.htm,亚当找夏娃3
http://www.4399.com/flash/10919.htm,宠物连连看3.0版
http://www.4399.com/flash/71760.htm,小婴儿逃出系列3
http://www.4399.com/flash/156918.htm,坏小孩回家4
http://www.4399.com/flash/37529.htm,小火车过隧道无敌版
http://www.4399.com/flash/50350.htm,唤醒嗜睡的小人
http://www.4399.com/flash/41285.htm,朵拉的迷你高尔夫
http://www.4399.com/flash/130836.htm,消你妹
http://www.4399.com/flash/128302.htm,消灭星星3电脑版
http://www.4399.com/flash/103266.htm,炮兵突击
http://www.4399.com/flash/96689.htm,愤怒的小鸟太空版HD
http://www.4399.com/flash/57317.htm,激光炮轰小怪2
http://www.4399.com/flash/4782.htm,汽车标志连连看
http://www.4399.com/flash/89614.htm,托马斯过河
http://www.4399.com/flash/88882.htm,海绵宝宝3D大富翁2
http://www.4399.com/flash/138881.htm,激光炮轰小怪3加强版
http://www.4399.com/flash/21223.htm,小球进洞
http://www.4399.com/flash/89107.htm,黑太狼吃羊2
http://www.4399.com/flash/152489.htm,史上最贱小游戏之体育
http://www.4399.com/flash/80211.htm,中国熊猫2无敌版
http://www.4399.com/flash/92102.htm,连连看3.1原版
http://www.4399.com/flash/76887.htm,宠物连连看可爱版
http://www.4399.com/flash/66922.htm,亚当找夏娃中文版
http://www.4399.com/flash/65959.htm,高楼爆破无敌版
http://www.4399.com/flash/34726.htm,4399水果连连看
http://www.4399.com/flash/47634.htm,让子弹飞
http://www.4399.com/flash/122189.htm,史上最贱小游戏3
http://www.4399.com/flash/184591.htm,捣蛋猪HD8.0
http://www.4399.com/flash/50306.htm,奇妙水世界
http://www.4399.com/flash/143168.htm,手纸没有了
http://www.4399.com/flash/79452.htm,森林冰火人3
http://www.4399.com/flash/73311.htm,破蛋专家
http://www.4399.com/flash/92953.htm,逗小猴开心7
http://www.4399.com/flash/132546.htm,亚当找夏娃2
http://www.4399.com/flash/80972.htm,宠物连连看经典版2
http://www.4399.com/flash/138976.htm,盗金父子
http://www.4399.com/flash/69774.htm,高楼爆破2无敌版
http://www.4399.com/flash/42075.htm,光头小子找出口
http://www.4399.com/flash/86544.htm,鸡蛋大逃亡2
http://www.4399.com/flash/30543.htm,小婴儿逃出系列1
http://www.4399.com/flash/63828.htm,红球与绿球
http://www.4399.com/flash/106849.htm,坏蛋冰淇淋2
http://www.4399.com/flash/41483.htm,装载卡车
http://www.4399.com/flash/16395.htm,小婴儿逃出系列2
http://www.4399.com/flash/158011.htm,小汽车的英雄梦
http://www.4399.com/flash/73122.htm,装载卡车3
http://www.4399.com/flash/102581.htm,帮鸟儿解冻
http://www.4399.com/flash/33249.htm,帮小狗取手绢
http://www.4399.com/flash/9840.htm,在线弹钢琴
http://www.4399.com/flash/78828.htm,益智乐高2中文版
http://www.4399.com/flash/35965.htm,直升机打气球
http://www.4399.com/flash/92108.htm,连连看原版
http://www.4399.com/flash/97275.htm,3D旋转麻将连连看
http://www.4399.com/flash/46428.htm,空姐阿Sue
http://www.4399.com/flash/24571.htm,宠物连连看3.1无敌版
http://www.4399.com/flash/8670.htm,宠物连连看特别版
http://www.4399.com/flash/50909.htm,植物战僵尸3D连连看
http://www.4399.com/flash/27265.htm,火柴人逃狱记
http://www.4399.com/flash/157666.htm,史上最贱小游戏13
http://www.4399.com/flash/113790.htm,找你妹正式版
http://www.4399.com/flash/123789.htm,恐龙觅食
http://www.4399.com/flash/128952.htm,坏蛋冰淇淋3
http://www.4399.com/flash/48349.htm,爱吃水果的虫子
http://www.4399.com/flash/1244.htm,红孩儿连连看
http://www.4399.com/flash/152162.htm,盗金父子2
http://www.4399.com/flash/8954.htm,阿sue家做客
http://www.4399.com/flash/142569.htm,一把火
http://www.4399.com/flash/91402.htm,保护橙子增强版3
http://www.4399.com/flash/56745.htm,动画师和动画
http://www.4399.com/flash/117146.htm,火柴人智闯飞艇
http://www.4399.com/flash/1287.htm,新麻雀连连看
http://www.4399.com/flash/134715.htm,捣蛋猪HD3.8
http://www.4399.com/flash/62725.htm,蜗牛鲍勃2中文版
http://www.4399.com/flash/123611.htm,小汽车的爱情梦
http://www.4399.com/flash/135633.htm,糖果去哪儿了2
http://www.4399.com/flash/151340.htm,熊猫逃生记之日本
http://www.4399.com/flash/148546.htm,危险地下室惊魂
http://www.4399.com/flash/148529.htm,属于自己的家
http://www.4399.com/flash/148490.htm,新年快乐维京人
http://www.4399.com/flash/148486.htm,积木堆叠塔加强版
http://www.4399.com/flash/148484.htm,洪水来了圣诞版3
http://www.4399.com/flash/148447.htm,会移动的电源
http://www.4399.com/flash/148449.htm,牛仔对战外星人
http://www.4399.com/flash/148448.htm,黑板上的游戏2
http://www.4399.com/flash/148446.htm,融合的小球2
http://www.4399.com/flash/148291.htm,麦琪拯救家人
http://www.4399.com/flash/148286.htm,朵拉做好事
http://www.4399.com/flash/148281.htm,老虎逃脱
http://www.4399.com/flash/148239.htm,外来袭击
http://www.4399.com/flash/148214.htm,蘑菇森林逃脱
http://www.4399.com/flash/148098.htm,小恶魔大逃亡3
http://www.4399.com/flash/148025.htm,失去的记忆
http://www.4399.com/flash/148013.htm,逗小猴开心感恩节版
http://www.4399.com/flash/147854.htm,超级切割
http://www.4399.com/flash/147833.htm,你是饼干我是酱2
http://www.4399.com/flash/147830.htm,密码锁房屋逃脱
http://www.4399.com/flash/147795.htm,小蜜蜂回家记
http://www.4399.com/flash/147772.htm,黑白猫冒险记2
http://www.4399.com/flash/147762.htm,感恩节火鸡逃出笼
http://www.4399.com/flash/147538.htm,坑爹超人
http://www.4399.com/flash/147465.htm,吃货熊历险记
http://www.4399.com/flash/147433.htm,反重力小兔
http://www.4399.com/flash/147348.htm,偷香蕉的贼
http://www.4399.com/flash/147327.htm,亚当找夏娃3
http://www.4399.com/flash/147311.htm,原始洞穴逃生
http://www.4399.com/flash/147284.htm,僵尸木屋逃脱
http://www.4399.com/flash/147272.htm,宇宙飞鸡
http://www.4399.com/flash/147115.htm,会发光的灯泡
http://www.4399.com/flash/147006.htm,绑架逃脱
http://www.4399.com/flash/146963.htm,最佳射门
http://www.4399.com/flash/146890.htm,猫咪去哪儿了
http://www.4399.com/flash/146797.htm,红方块你走开
http://www.4399.com/flash/146738.htm,遗弃大楼救援逃生
http://www.4399.com/flash/146699.htm,方块进门3
http://www.4399.com/flash/146588.htm,深海宝藏之谜
http://www.4399.com/flash/146572.htm,部落小屋逃生
http://www.4399.com/flash/146394.htm,你是我的盘中餐2
http://www.4399.com/flash/146343.htm,拯救森林动物
http://www.4399.com/flash/146249.htm,巧取精灵菇
http://www.4399.com/flash/146264.htm,狼人地牢逃生
http://www.4399.com/flash/146248.htm,逗小猴开心快乐万圣节
http://www.4399.com/flash/146223.htm,数学头脑风暴
http://www.4399.com/flash/146207.htm,彩色的小怪
http://www.4399.com/flash/146108.htm,我的年龄我做主
http://www.4399.com/flash/146150.htm,洞穴宫殿逃生
http://www.4399.com/flash/146098.htm,心星之旅
http://www.4399.com/flash/146082.htm,女巫格尼玛试玩版
http://www.4399.com/flash/146027.htm,龙岛逃生
http://www.4399.com/flash/146011.htm,囚犯逃出监狱
http://www.4399.com/flash/145976.htm,恐龙觅食3番外篇
http://www.4399.com/flash/145834.htm,燃烧吧稻草人
http://www.4399.com/flash/145794.htm,小国王寻糕记
http://www.4399.com/flash/1382.htm,宠物连连看2.5版
http://www.4399.com/flash/12669.htm,果蔬连连看
http://www.4399.com/flash/17801.htm,宠物连连看3.1
http://www.4399.com/flash/20660.htm,森林冰火人中文版
http://www.4399.com/flash/93551.htm,小鳄鱼爱洗澡中文版
http://www.4399.com/flash/113377.htm,森林冰火人4无敌版
http://www.4399.com/flash/10393.htm,石头连连看
http://www.4399.com/flash/79068.htm,高楼爆破3无敌版
http://www.4399.com/flash/853.htm,五子连珠
http://www.4399.com/flash/17403.htm,青蛙祖玛
http://www.4399.com/flash/57474.htm,蝴蝶连连看
http://www.4399.com/flash/4781.htm,花花连连看
http://www.4399.com/flash/136516.htm,消灭星星豪华版
http://www.4399.com/flash/54423.htm,4399打豆豆
http://www.4399.com/flash/2231.htm,宠物连连看2.6
http://www.4399.com/flash/63033.htm,森林冰火人双人迷宫
http://www.4399.com/flash/68259.htm,河马饲养员
http://www.4399.com/flash/106202.htm,消灭星星中文版
http://www.4399.com/flash/62002.htm,疯狂过山车2
http://www.4399.com/flash/100125.htm,装载卡车4
http://www.4399.com/flash/131178.htm,帮鸟儿解冻3
http://www.4399.com/flash/106933.htm,坏蛋冰淇淋2无敌版
http://www.4399.com/flash/171900.htm,装载卡车5
http://www.4399.com/flash/147327.htm,亚当找夏娃3
http://www.4399.com/flash/10919.htm,宠物连连看3.0版
http://www.4399.com/flash/71760.htm,小婴儿逃出系列3
http://www.4399.com/flash/156918.htm,坏小孩回家4
http://www.4399.com/flash/37529.htm,小火车过隧道无敌版
http://www.4399.com/flash/50350.htm,唤醒嗜睡的小人
http://www.4399.com/flash/41285.htm,朵拉的迷你高尔夫
http://www.4399.com/flash/130836.htm,消你妹
http://www.4399.com/flash/128302.htm,消灭星星3电脑版
http://www.4399.com/flash/103266.htm,炮兵突击
http://www.4399.com/flash/96689.htm,愤怒的小鸟太空版HD
http://www.4399.com/flash/57317.htm,激光炮轰小怪2
http://www.4399.com/flash/4782.htm,汽车标志连连看
http://www.4399.com/flash/89614.htm,托马斯过河
http://www.4399.com/flash/88882.htm,海绵宝宝3D大富翁2
http://www.4399.com/flash/138881.htm,激光炮轰小怪3加强版
http://www.4399.com/flash/21223.htm,小球进洞
http://www.4399.com/flash/89107.htm,黑太狼吃羊2
http://www.4399.com/flash/152489.htm,史上最贱小游戏之体育
http://www.4399.com/flash/80211.htm,中国熊猫2无敌版
http://www.4399.com/flash/92102.htm,连连看3.1原版
http://www.4399.com/flash/76887.htm,宠物连连看可爱版
http://www.4399.com/flash/66922.htm,亚当找夏娃中文版
http://www.4399.com/flash/65959.htm,高楼爆破无敌版
http://www.4399.com/flash/34726.htm,4399水果连连看
http://www.4399.com/flash/47634.htm,让子弹飞
http://www.4399.com/flash/122189.htm,史上最贱小游戏3
http://www.4399.com/flash/184591.htm,捣蛋猪HD8.0
http://www.4399.com/flash/50306.htm,奇妙水世界
http://www.4399.com/flash/143168.htm,手纸没有了
http://www.4399.com/flash/79452.htm,森林冰火人3
http://www.4399.com/flash/73311.htm,破蛋专家
http://www.4399.com/flash/92953.htm,逗小猴开心7
http://www.4399.com/flash/132546.htm,亚当找夏娃2
http://www.4399.com/flash/80972.htm,宠物连连看经典版2
http://www.4399.com/flash/138976.htm,盗金父子
http://www.4399.com/flash/69774.htm,高楼爆破2无敌版
http://www.4399.com/flash/42075.htm,光头小子找出口
http://www.4399.com/flash/86544.htm,鸡蛋大逃亡2
http://www.4399.com/flash/30543.htm,小婴儿逃出系列1
http://www.4399.com/flash/63828.htm,红球与绿球
http://www.4399.com/flash/106849.htm,坏蛋冰淇淋2
http://www.4399.com/flash/41483.htm,装载卡车
http://www.4399.com/flash/16395.htm,小婴儿逃出系列2
http://www.4399.com/flash/158011.htm,小汽车的英雄梦
http://www.4399.com/flash/73122.htm,装载卡车3
http://www.4399.com/flash/102581.htm,帮鸟儿解冻
http://www.4399.com/flash/33249.htm,帮小狗取手绢
http://www.4399.com/flash/9840.htm,在线弹钢琴
http://www.4399.com/flash/78828.htm,益智乐高2中文版
http://www.4399.com/flash/35965.htm,直升机打气球
http://www.4399.com/flash/92108.htm,连连看原版
http://www.4399.com/flash/97275.htm,3D旋转麻将连连看
http://www.4399.com/flash/46428.htm,空姐阿Sue
http://www.4399.com/flash/24571.htm,宠物连连看3.1无敌版
http://www.4399.com/flash/8670.htm,宠物连连看特别版
http://www.4399.com/flash/50909.htm,植物战僵尸3D连连看
http://www.4399.com/flash/27265.htm,火柴人逃狱记
http://www.4399.com/flash/157666.htm,史上最贱小游戏13
http://www.4399.com/flash/113790.htm,找你妹正式版
http://www.4399.com/flash/123789.htm,恐龙觅食
http://www.4399.com/flash/128952.htm,坏蛋冰淇淋3
http://www.4399.com/flash/48349.htm,爱吃水果的虫子
http://www.4399.com/flash/1244.htm,红孩儿连连看
http://www.4399.com/flash/152162.htm,盗金父子2
http://www.4399.com/flash/8954.htm,阿sue家做客
http://www.4399.com/flash/142569.htm,一把火
http://www.4399.com/flash/91402.htm,保护橙子增强版3
http://www.4399.com/flash/56745.htm,动画师和动画
http://www.4399.com/flash/117146.htm,火柴人智闯飞艇
http://www.4399.com/flash/1287.htm,新麻雀连连看
http://www.4399.com/flash/134715.htm,捣蛋猪HD3.8
http://www.4399.com/flash/62725.htm,蜗牛鲍勃2中文版
http://www.4399.com/flash/123611.htm,小汽车的爱情梦
http://www.4399.com/flash/135633.htm,糖果去哪儿了2
http://www.4399.com/flash/151340.htm,熊猫逃生记之日本
http://www.4399.com/flash/145786.htm,可爱小刺猬
http://www.4399.com/flash/145756.htm,幸存的忍者2
http://www.4399.com/flash/145703.htm,可爱宝贝找星星
http://www.4399.com/flash/145689.htm,三个小伙伴
http://www.4399.com/flash/145620.htm,破碎的指南针
http://www.4399.com/flash/145524.htm,朵拉找猫咪
http://www.4399.com/flash/145496.htm,解救被困的老爷爷
http://www.4399.com/flash/145487.htm,外星人爱水果
http://www.4399.com/flash/145471.htm,逃离惊悚的花园
http://www.4399.com/flash/145374.htm,最强平衡力
http://www.4399.com/flash/145326.htm,天天数钱玩
http://www.4399.com/flash/145337.htm,眼睛之门逃脱
http://www.4399.com/flash/145329.htm,设计顺序5
http://www.4399.com/flash/145322.htm,大脑改造
http://www.4399.com/flash/145286.htm,杰克找帽子2
http://www.4399.com/flash/145148.htm,埃及图腾球2
http://www.4399.com/flash/145190.htm,逃出小酒吧
http://www.4399.com/flash/145189.htm,幽灵岛生存记2
http://www.4399.com/flash/145152.htm,卢卡斯喂鳄鱼
http://www.4399.com/flash/145144.htm,解救小八爪
http://www.4399.com/flash/145087.htm,朵拉布茨找宝藏
http://www.4399.com/flash/145082.htm,梦游的朵拉
http://www.4399.com/flash/144954.htm,科技球
http://www.4399.com/flash/144910.htm,趣味僵尸圈圈乐
http://www.4399.com/flash/144908.htm,名人堂楼逃生
http://www.4399.com/flash/144904.htm,变换小动物
http://www.4399.com/flash/144903.htm,外星人去哪儿
http://www.4399.com/flash/144878.htm,神奇的魔柱
http://www.4399.com/flash/144887.htm,古巴比伦的智慧
http://www.4399.com/flash/144810.htm,来自星星的旅行者
http://www.4399.com/flash/144532.htm,心探
http://www.4399.com/flash/144755.htm,海盗船长大逃亡
http://www.4399.com/flash/144674.htm,机器王子炸飞船
http://www.4399.com/flash/144661.htm,布狄卡
http://www.4399.com/flash/144585.htm,智商球送礼物3
http://www.4399.com/flash/144348.htm,盗盗乐
http://www.4399.com/flash/144429.htm,酸奶小英雄
http://www.4399.com/flash/144528.htm,吸铁人
http://www.4399.com/flash/144497.htm,火速撤离之25道门
http://www.4399.com/flash/144452.htm,月光爱情
http://www.4399.com/flash/144418.htm,爆破毁灭车辆3
http://www.4399.com/flash/144289.htm,超能盒子先生
http://www.4399.com/flash/144275.htm,小绵羊回家路
http://www.4399.com/flash/144244.htm,星探11之星探零式
http://www.4399.com/flash/144175.htm,逃离大登岛6
http://www.4399.com/flash/144164.htm,恶搞名画5
http://www.4399.com/flash/144144.htm,恐龙觅食2番外篇
http://www.4399.com/flash/144132.htm,坐着也能偷
http://www.4399.com/flash/144089.htm,执着的飞鱼
http://www.4399.com/flash/144064.htm,给小松鼠吃松果
http://www.4399.com/flash/144034.htm,爱吃水果的鸟儿
http://www.4399.com/flash/143999.htm,巨魔怪谈
http://www.4399.com/flash/143894.htm,幽灵海盗船
http://www.4399.com/flash/143857.htm,卷轴忍者2
http://www.4399.com/flash/143830.htm,消灭星星物理版
http://www.4399.com/flash/143818.htm,粘稠小怪怪
http://www.4399.com/flash/1382.htm,宠物连连看2.5版
http://www.4399.com/flash/12669.htm,果蔬连连看
http://www.4399.com/flash/17801.htm,宠物连连看3.1
http://www.4399.com/flash/20660.htm,森林冰火人中文版
http://www.4399.com/flash/93551.htm,小鳄鱼爱洗澡中文版
http://www.4399.com/flash/113377.htm,森林冰火人4无敌版
http://www.4399.com/flash/10393.htm,石头连连看
http://www.4399.com/flash/79068.htm,高楼爆破3无敌版
http://www.4399.com/flash/853.htm,五子连珠
http://www.4399.com/flash/17403.htm,青蛙祖玛
http://www.4399.com/flash/57474.htm,蝴蝶连连看
http://www.4399.com/flash/4781.htm,花花连连看
http://www.4399.com/flash/136516.htm,消灭星星豪华版
http://www.4399.com/flash/54423.htm,4399打豆豆
http://www.4399.com/flash/2231.htm,宠物连连看2.6
http://www.4399.com/flash/63033.htm,森林冰火人双人迷宫
http://www.4399.com/flash/68259.htm,河马饲养员
http://www.4399.com/flash/106202.htm,消灭星星中文版
http://www.4399.com/flash/62002.htm,疯狂过山车2
http://www.4399.com/flash/100125.htm,装载卡车4
http://www.4399.com/flash/131178.htm,帮鸟儿解冻3
http://www.4399.com/flash/106933.htm,坏蛋冰淇淋2无敌版
http://www.4399.com/flash/171900.htm,装载卡车5
http://www.4399.com/flash/147327.htm,亚当找夏娃3
http://www.4399.com/flash/10919.htm,宠物连连看3.0版
http://www.4399.com/flash/71760.htm,小婴儿逃出系列3
http://www.4399.com/flash/156918.htm,坏小孩回家4
http://www.4399.com/flash/37529.htm,小火车过隧道无敌版
http://www.4399.com/flash/50350.htm,唤醒嗜睡的小人
http://www.4399.com/flash/41285.htm,朵拉的迷你高尔夫
http://www.4399.com/flash/130836.htm,消你妹
http://www.4399.com/flash/128302.htm,消灭星星3电脑版
http://www.4399.com/flash/103266.htm,炮兵突击
http://www.4399.com/flash/96689.htm,愤怒的小鸟太空版HD
http://www.4399.com/flash/57317.htm,激光炮轰小怪2
http://www.4399.com/flash/4782.htm,汽车标志连连看
http://www.4399.com/flash/89614.htm,托马斯过河
http://www.4399.com/flash/88882.htm,海绵宝宝3D大富翁2
http://www.4399.com/flash/138881.htm,激光炮轰小怪3加强版
http://www.4399.com/flash/21223.htm,小球进洞
http://www.4399.com/flash/89107.htm,黑太狼吃羊2
http://www.4399.com/flash/152489.htm,史上最贱小游戏之体育
http://www.4399.com/flash/80211.htm,中国熊猫2无敌版
http://www.4399.com/flash/92102.htm,连连看3.1原版
http://www.4399.com/flash/76887.htm,宠物连连看可爱版
http://www.4399.com/flash/66922.htm,亚当找夏娃中文版
http://www.4399.com/flash/65959.htm,高楼爆破无敌版
http://www.4399.com/flash/34726.htm,4399水果连连看
http://www.4399.com/flash/47634.htm,让子弹飞
http://www.4399.com/flash/122189.htm,史上最贱小游戏3
http://www.4399.com/flash/184591.htm,捣蛋猪HD8.0
http://www.4399.com/flash/50306.htm,奇妙水世界
http://www.4399.com/flash/143168.htm,手纸没有了
http://www.4399.com/flash/79452.htm,森林冰火人3
http://www.4399.com/flash/73311.htm,破蛋专家
http://www.4399.com/flash/92953.htm,逗小猴开心7
http://www.4399.com/flash/132546.htm,亚当找夏娃2
http://www.4399.com/flash/80972.htm,宠物连连看经典版2
http://www.4399.com/flash/138976.htm,盗金父子
http://www.4399.com/flash/69774.htm,高楼爆破2无敌版
http://www.4399.com/flash/42075.htm,光头小子找出口
http://www.4399.com/flash/86544.htm,鸡蛋大逃亡2
http://www.4399.com/flash/30543.htm,小婴儿逃出系列1
http://www.4399.com/flash/63828.htm,红球与绿球
http://www.4399.com/flash/106849.htm,坏蛋冰淇淋2
http://www.4399.com/flash/41483.htm,装载卡车
http://www.4399.com/flash/16395.htm,小婴儿逃出系列2
http://www.4399.com/flash/158011.htm,小汽车的英雄梦
http://www.4399.com/flash/73122.htm,装载卡车3
http://www.4399.com/flash/102581.htm,帮鸟儿解冻
http://www.4399.com/flash/33249.htm,帮小狗取手绢
http://www.4399.com/flash/9840.htm,在线弹钢琴
http://www.4399.com/flash/78828.htm,益智乐高2中文版
http://www.4399.com/flash/35965.htm,直升机打气球
http://www.4399.com/flash/92108.htm,连连看原版
http://www.4399.com/flash/97275.htm,3D旋转麻将连连看
http://www.4399.com/flash/46428.htm,空姐阿Sue
http://www.4399.com/flash/24571.htm,宠物连连看3.1无敌版
http://www.4399.com/flash/8670.htm,宠物连连看特别版
http://www.4399.com/flash/50909.htm,植物战僵尸3D连连看
http://www.4399.com/flash/27265.htm,火柴人逃狱记
http://www.4399.com/flash/157666.htm,史上最贱小游戏13
http://www.4399.com/flash/113790.htm,找你妹正式版
http://www.4399.com/flash/123789.htm,恐龙觅食
http://www.4399.com/flash/128952.htm,坏蛋冰淇淋3
http://www.4399.com/flash/48349.htm,爱吃水果的虫子
http://www.4399.com/flash/1244.htm,红孩儿连连看
http://www.4399.com/flash/152162.htm,盗金父子2
http://www.4399.com/flash/8954.htm,阿sue家做客
http://www.4399.com/flash/142569.htm,一把火
http://www.4399.com/flash/91402.htm,保护橙子增强版3
http://www.4399.com/flash/56745.htm,动画师和动画
http://www.4399.com/flash/117146.htm,火柴人智闯飞艇
http://www.4399.com/flash/1287.htm,新麻雀连连看
http://www.4399.com/flash/134715.htm,捣蛋猪HD3.8
http://www.4399.com/flash/62725.htm,蜗牛鲍勃2中文版
http://www.4399.com/flash/123611.htm,小汽车的爱情梦
http://www.4399.com/flash/135633.htm,糖果去哪儿了2
http://www.4399.com/flash/151340.htm,熊猫逃生记之日本
http://www.4399.com/flash/143709.htm,惊醒小象盛夏版
http://www.4399.com/flash/143658.htm,地震发生后
http://www.4399.com/flash/143620.htm,派大星救海绵宝宝
http://www.4399.com/flash/143605.htm,僵尸绑架逃脱
http://www.4399.com/flash/143554.htm,小丑乐园
http://www.4399.com/flash/143461.htm,宠物连连看电脑版
http://www.4399.com/flash/143234.htm,消灭星星中文电脑版
http://www.4399.com/flash/143360.htm,布丁弹球
http://www.4399.com/flash/143339.htm,怪物岛上的红方块4
http://www.4399.com/flash/143168.htm,手纸没有了
http://www.4399.com/flash/143152.htm,小猴智返森林
http://www.4399.com/flash/143148.htm,粘黏果冻
http://www.4399.com/flash/143129.htm,天空的痕迹
http://www.4399.com/flash/143117.htm,被绑架的女孩逃生
http://www.4399.com/flash/143062.htm,切割砖块
http://www.4399.com/flash/143073.htm,逗小猴开心神龙传说
http://www.4399.com/flash/143037.htm,牛儿血泪史
http://www.4399.com/flash/142860.htm,吸铁人2
http://www.4399.com/flash/142693.htm,魔法森林战争2
http://www.4399.com/flash/142589.htm,喂食萌小怪3
http://www.4399.com/flash/142479.htm,天才狗找宝藏
http://www.4399.com/flash/142573.htm,最佳小伙伴
http://www.4399.com/flash/142569.htm,一把火
http://www.4399.com/flash/142505.htm,绅士刑警
http://www.4399.com/flash/142337.htm,绵羊VS外星人2
http://www.4399.com/flash/141975.htm,胖墩机器人
http://www.4399.com/flash/142034.htm,恐龙觅食2
http://www.4399.com/flash/142018.htm,小苹果儿正式版
http://www.4399.com/flash/141809.htm,变形金刚大逃亡2
http://www.4399.com/flash/141876.htm,小苹果儿
http://www.4399.com/flash/141748.htm,深水炸弹2
http://www.4399.com/flash/141714.htm,骑士的佩剑
http://www.4399.com/flash/141710.htm,蜗牛鲍勃7
http://www.4399.com/flash/141697.htm,小鸭子去哪儿
http://www.4399.com/flash/141580.htm,小猫要飞翔
http://www.4399.com/flash/141490.htm,矿洞求生之路
http://www.4399.com/flash/141431.htm,愤怒的小鸟回巢
http://www.4399.com/flash/141315.htm,消灭入侵者3
http://www.4399.com/flash/141304.htm,愤怒的足球
http://www.4399.com/flash/141223.htm,史上最坑爹的游戏3
http://www.4399.com/flash/140931.htm,水果大作战
http://www.4399.com/flash/140932.htm,萌小怪吃甜甜圈
http://www.4399.com/flash/140894.htm,围住神经猫电脑版
http://www.4399.com/flash/140827.htm,夺心恶魔
http://www.4399.com/flash/140626.htm,水果碰碰车
http://www.4399.com/flash/140598.htm,唤醒沉睡猫法老
http://www.4399.com/flash/140483.htm,聪明的小海狸2
http://www.4399.com/flash/140523.htm,闹鬼的校园
http://www.4399.com/flash/140454.htm,蝴蝶连连看HD
http://www.4399.com/flash/140414.htm,喂食萌小怪2
http://www.4399.com/flash/140410.htm,解冻猛犸象
http://www.4399.com/flash/140318.htm,快乐谷仓
http://www.4399.com/flash/140379.htm,木乃伊找身体
http://www.4399.com/flash/140355.htm,最强高智商
http://www.4399.com/flash/140307.htm,企鹅北极熊大战
http://www.4399.com/flash/140204.htm,国王的危机
http://www.4399.com/flash/1382.htm,宠物连连看2.5版
http://www.4399.com/flash/12669.htm,果蔬连连看
http://www.4399.com/flash/17801.htm,宠物连连看3.1
http://www.4399.com/flash/20660.htm,森林冰火人中文版
http://www.4399.com/flash/93551.htm,小鳄鱼爱洗澡中文版
http://www.4399.com/flash/113377.htm,森林冰火人4无敌版
http://www.4399.com/flash/10393.htm,石头连连看
http://www.4399.com/flash/79068.htm,高楼爆破3无敌版
http://www.4399.com/flash/853.htm,五子连珠
http://www.4399.com/flash/17403.htm,青蛙祖玛
http://www.4399.com/flash/57474.htm,蝴蝶连连看
http://www.4399.com/flash/4781.htm,花花连连看
http://www.4399.com/flash/136516.htm,消灭星星豪华版
http://www.4399.com/flash/54423.htm,4399打豆豆
http://www.4399.com/flash/2231.htm,宠物连连看2.6
http://www.4399.com/flash/63033.htm,森林冰火人双人迷宫
http://www.4399.com/flash/68259.htm,河马饲养员
http://www.4399.com/flash/106202.htm,消灭星星中文版
http://www.4399.com/flash/62002.htm,疯狂过山车2
http://www.4399.com/flash/100125.htm,装载卡车4
http://www.4399.com/flash/131178.htm,帮鸟儿解冻3
http://www.4399.com/flash/106933.htm,坏蛋冰淇淋2无敌版
http://www.4399.com/flash/171900.htm,装载卡车5
http://www.4399.com/flash/147327.htm,亚当找夏娃3
http://www.4399.com/flash/10919.htm,宠物连连看3.0版
http://www.4399.com/flash/71760.htm,小婴儿逃出系列3
http://www.4399.com/flash/156918.htm,坏小孩回家4
http://www.4399.com/flash/37529.htm,小火车过隧道无敌版
http://www.4399.com/flash/50350.htm,唤醒嗜睡的小人
http://www.4399.com/flash/41285.htm,朵拉的迷你高尔夫
http://www.4399.com/flash/130836.htm,消你妹
http://www.4399.com/flash/128302.htm,消灭星星3电脑版
http://www.4399.com/flash/103266.htm,炮兵突击
http://www.4399.com/flash/96689.htm,愤怒的小鸟太空版HD
http://www.4399.com/flash/57317.htm,激光炮轰小怪2
http://www.4399.com/flash/4782.htm,汽车标志连连看
http://www.4399.com/flash/89614.htm,托马斯过河
http://www.4399.com/flash/88882.htm,海绵宝宝3D大富翁2
http://www.4399.com/flash/138881.htm,激光炮轰小怪3加强版
http://www.4399.com/flash/21223.htm,小球进洞
http://www.4399.com/flash/89107.htm,黑太狼吃羊2
http://www.4399.com/flash/152489.htm,史上最贱小游戏之体育
http://www.4399.com/flash/80211.htm,中国熊猫2无敌版
http://www.4399.com/flash/92102.htm,连连看3.1原版
http://www.4399.com/flash/76887.htm,宠物连连看可爱版
http://www.4399.com/flash/66922.htm,亚当找夏娃中文版
http://www.4399.com/flash/65959.htm,高楼爆破无敌版
http://www.4399.com/flash/34726.htm,4399水果连连看
http://www.4399.com/flash/47634.htm,让子弹飞
http://www.4399.com/flash/122189.htm,史上最贱小游戏3
http://www.4399.com/flash/184591.htm,捣蛋猪HD8.0
http://www.4399.com/flash/50306.htm,奇妙水世界
http://www.4399.com/flash/143168.htm,手纸没有了
http://www.4399.com/flash/79452.htm,森林冰火人3
http://www.4399.com/flash/73311.htm,破蛋专家
http://www.4399.com/flash/92953.htm,逗小猴开心7
http://www.4399.com/flash/132546.htm,亚当找夏娃2
http://www.4399.com/flash/80972.htm,宠物连连看经典版2
http://www.4399.com/flash/138976.htm,盗金父子
http://www.4399.com/flash/69774.htm,高楼爆破2无敌版
http://www.4399.com/flash/42075.htm,光头小子找出口
http://www.4399.com/flash/86544.htm,鸡蛋大逃亡2
http://www.4399.com/flash/30543.htm,小婴儿逃出系列1
http://www.4399.com/flash/63828.htm,红球与绿球
http://www.4399.com/flash/106849.htm,坏蛋冰淇淋2
http://www.4399.com/flash/41483.htm,装载卡车
http://www.4399.com/flash/16395.htm,小婴儿逃出系列2
http://www.4399.com/flash/158011.htm,小汽车的英雄梦
http://www.4399.com/flash/73122.htm,装载卡车3
http://www.4399.com/flash/102581.htm,帮鸟儿解冻
http://www.4399.com/flash/33249.htm,帮小狗取手绢
http://www.4399.com/flash/9840.htm,在线弹钢琴
http://www.4399.com/flash/78828.htm,益智乐高2中文版
http://www.4399.com/flash/35965.htm,直升机打气球
http://www.4399.com/flash/92108.htm,连连看原版
http://www.4399.com/flash/97275.htm,3D旋转麻将连连看
http://www.4399.com/flash/46428.htm,空姐阿Sue
http://www.4399.com/flash/24571.htm,宠物连连看3.1无敌版
http://www.4399.com/flash/8670.htm,宠物连连看特别版
http://www.4399.com/flash/50909.htm,植物战僵尸3D连连看
http://www.4399.com/flash/27265.htm,火柴人逃狱记
http://www.4399.com/flash/157666.htm,史上最贱小游戏13
http://www.4399.com/flash/113790.htm,找你妹正式版
http://www.4399.com/flash/123789.htm,恐龙觅食
http://www.4399.com/flash/128952.htm,坏蛋冰淇淋3
http://www.4399.com/flash/48349.htm,爱吃水果的虫子
http://www.4399.com/flash/1244.htm,红孩儿连连看
http://www.4399.com/flash/152162.htm,盗金父子2
http://www.4399.com/flash/8954.htm,阿sue家做客
http://www.4399.com/flash/142569.htm,一把火
http://www.4399.com/flash/91402.htm,保护橙子增强版3
http://www.4399.com/flash/56745.htm,动画师和动画
http://www.4399.com/flash/117146.htm,火柴人智闯飞艇
http://www.4399.com/flash/1287.htm,新麻雀连连看
http://www.4399.com/flash/134715.htm,捣蛋猪HD3.8
http://www.4399.com/flash/62725.htm,蜗牛鲍勃2中文版
http://www.4399.com/flash/123611.htm,小汽车的爱情梦
http://www.4399.com/flash/135633.htm,糖果去哪儿了2
http://www.4399.com/flash/151340.htm,熊猫逃生记之日本
http://www.4399.com/flash/140088.htm,切割小怪物2
http://www.4399.com/flash/140105.htm,钻石爆爆乐
http://www.4399.com/flash/140096.htm,拯救农夫
http://www.4399.com/flash/140069.htm,逗小猴开心科幻世界2
http://www.4399.com/flash/140019.htm,星探10之星语心愿
http://www.4399.com/flash/140015.htm,小熊特工
http://www.4399.com/flash/139877.htm,红球与绿球3
http://www.4399.com/flash/139861.htm,小熊猫逃离马戏团
http://www.4399.com/flash/139834.htm,海绵宝宝3D大富翁4
http://www.4399.com/flash/139841.htm,魔法设计师
http://www.4399.com/flash/139837.htm,孤岛幸存者逃生
http://www.4399.com/flash/139759.htm,动漫大找茬
http://www.4399.com/flash/139765.htm,被夺走脸的公主逃脱
http://www.4399.com/flash/139683.htm,我是一个小矿工
http://www.4399.com/flash/139678.htm,保护宇航员2
http://www.4399.com/flash/139582.htm,天天星连萌电脑版
http://www.4399.com/flash/139625.htm,星河争霸
http://www.4399.com/flash/139480.htm,保护橙子之牛仔冒险
http://www.4399.com/flash/139455.htm,泞之翼
http://www.4399.com/flash/139230.htm,王者之剑
http://www.4399.com/flash/139223.htm,小鸟回笼
http://www.4399.com/flash/139173.htm,小怪兽爱消除
http://www.4399.com/flash/139141.htm,小浣熊历险记
http://www.4399.com/flash/139148.htm,消灭小英雄
http://www.4399.com/flash/139144.htm,逗小猴开心快乐糖果
http://www.4399.com/flash/138976.htm,盗金父子
http://www.4399.com/flash/138931.htm,火柴人之双重逃脱
http://www.4399.com/flash/138881.htm,激光炮轰小怪3加强版
http://www.4399.com/flash/138852.htm,花式进球
http://www.4399.com/flash/138813.htm,2048加强版
http://www.4399.com/flash/138770.htm,章鱼滑滑滑
http://www.4399.com/flash/138601.htm,机器人团队
http://www.4399.com/flash/138476.htm,亚特兰珠宝
http://www.4399.com/flash/138508.htm,逃离学院6
http://www.4399.com/flash/138477.htm,史上最贱小游戏5
http://www.4399.com/flash/138417.htm,逗小猴开心科幻世界
http://www.4399.com/flash/138288.htm,水滴运动
http://www.4399.com/flash/138251.htm,回到地球
http://www.4399.com/flash/138002.htm,疯狂来找钱
http://www.4399.com/flash/137936.htm,逃离恶魔之地
http://www.4399.com/flash/137785.htm,寻找护身符
http://www.4399.com/flash/137855.htm,蛋蛋小天使
http://www.4399.com/flash/137853.htm,马戏团之谜2
http://www.4399.com/flash/137849.htm,吃货爱糖果2
http://www.4399.com/flash/137830.htm,逃离冰矿洞
http://www.4399.com/flash/137806.htm,机智绿球消防员
http://www.4399.com/flash/137710.htm,吃糖小怪
http://www.4399.com/flash/137704.htm,小怪飞行梦
http://www.4399.com/flash/137569.htm,诅咒骑士
http://www.4399.com/flash/137422.htm,我要休假
http://www.4399.com/flash/137345.htm,逗小猴开心9
http://www.4399.com/flash/137331.htm,大嘴小怪吃饼干2
http://www.4399.com/flash/137329.htm,枪炮小镇3
http://www.4399.com/flash/137296.htm,慈善家的危机加强版
http://www.4399.com/flash/137195.htm,灾难来临时3
http://www.4399.com/flash/137164.htm,地狱使者之恶魔归来
http://www.4399.com/flash/1382.htm,宠物连连看2.5版
http://www.4399.com/flash/12669.htm,果蔬连连看
http://www.4399.com/flash/17801.htm,宠物连连看3.1
http://www.4399.com/flash/20660.htm,森林冰火人中文版
http://www.4399.com/flash/93551.htm,小鳄鱼爱洗澡中文版
http://www.4399.com/flash/113377.htm,森林冰火人4无敌版
http://www.4399.com/flash/10393.htm,石头连连看
http://www.4399.com/flash/79068.htm,高楼爆破3无敌版
http://www.4399.com/flash/853.htm,五子连珠
http://www.4399.com/flash/17403.htm,青蛙祖玛
http://www.4399.com/flash/57474.htm,蝴蝶连连看
http://www.4399.com/flash/4781.htm,花花连连看
http://www.4399.com/flash/136516.htm,消灭星星豪华版
http://www.4399.com/flash/54423.htm,4399打豆豆
http://www.4399.com/flash/2231.htm,宠物连连看2.6
http://www.4399.com/flash/63033.htm,森林冰火人双人迷宫
http://www.4399.com/flash/68259.htm,河马饲养员
http://www.4399.com/flash/106202.htm,消灭星星中文版
http://www.4399.com/flash/62002.htm,疯狂过山车2
http://www.4399.com/flash/100125.htm,装载卡车4
http://www.4399.com/flash/131178.htm,帮鸟儿解冻3
http://www.4399.com/flash/106933.htm,坏蛋冰淇淋2无敌版
http://www.4399.com/flash/171900.htm,装载卡车5
http://www.4399.com/flash/147327.htm,亚当找夏娃3
http://www.4399.com/flash/10919.htm,宠物连连看3.0版
http://www.4399.com/flash/71760.htm,小婴儿逃出系列3
http://www.4399.com/flash/156918.htm,坏小孩回家4
http://www.4399.com/flash/37529.htm,小火车过隧道无敌版
http://www.4399.com/flash/50350.htm,唤醒嗜睡的小人
http://www.4399.com/flash/41285.htm,朵拉的迷你高尔夫
http://www.4399.com/flash/130836.htm,消你妹
http://www.4399.com/flash/128302.htm,消灭星星3电脑版
http://www.4399.com/flash/103266.htm,炮兵突击
http://www.4399.com/flash/96689.htm,愤怒的小鸟太空版HD
http://www.4399.com/flash/57317.htm,激光炮轰小怪2
http://www.4399.com/flash/4782.htm,汽车标志连连看
http://www.4399.com/flash/89614.htm,托马斯过河
http://www.4399.com/flash/88882.htm,海绵宝宝3D大富翁2
http://www.4399.com/flash/138881.htm,激光炮轰小怪3加强版
http://www.4399.com/flash/21223.htm,小球进洞
http://www.4399.com/flash/89107.htm,黑太狼吃羊2
http://www.4399.com/flash/152489.htm,史上最贱小游戏之体育
http://www.4399.com/flash/80211.htm,中国熊猫2无敌版
http://www.4399.com/flash/92102.htm,连连看3.1原版
http://www.4399.com/flash/76887.htm,宠物连连看可爱版
http://www.4399.com/flash/66922.htm,亚当找夏娃中文版
http://www.4399.com/flash/65959.htm,高楼爆破无敌版
http://www.4399.com/flash/34726.htm,4399水果连连看
http://www.4399.com/flash/47634.htm,让子弹飞
http://www.4399.com/flash/122189.htm,史上最贱小游戏3
http://www.4399.com/flash/184591.htm,捣蛋猪HD8.0
http://www.4399.com/flash/50306.htm,奇妙水世界
http://www.4399.com/flash/143168.htm,手纸没有了
http://www.4399.com/flash/79452.htm,森林冰火人3
http://www.4399.com/flash/73311.htm,破蛋专家
http://www.4399.com/flash/92953.htm,逗小猴开心7
http://www.4399.com/flash/132546.htm,亚当找夏娃2
http://www.4399.com/flash/80972.htm,宠物连连看经典版2
http://www.4399.com/flash/138976.htm,盗金父子
http://www.4399.com/flash/69774.htm,高楼爆破2无敌版
http://www.4399.com/flash/42075.htm,光头小子找出口
http://www.4399.com/flash/86544.htm,鸡蛋大逃亡2
http://www.4399.com/flash/30543.htm,小婴儿逃出系列1
http://www.4399.com/flash/63828.htm,红球与绿球
http://www.4399.com/flash/106849.htm,坏蛋冰淇淋2
http://www.4399.com/flash/41483.htm,装载卡车
http://www.4399.com/flash/16395.htm,小婴儿逃出系列2
http://www.4399.com/flash/158011.htm,小汽车的英雄梦
http://www.4399.com/flash/73122.htm,装载卡车3
http://www.4399.com/flash/102581.htm,帮鸟儿解冻
http://www.4399.com/flash/33249.htm,帮小狗取手绢
http://www.4399.com/flash/9840.htm,在线弹钢琴
http://www.4399.com/flash/78828.htm,益智乐高2中文版
http://www.4399.com/flash/35965.htm,直升机打气球
http://www.4399.com/flash/92108.htm,连连看原版
http://www.4399.com/flash/97275.htm,3D旋转麻将连连看
http://www.4399.com/flash/46428.htm,空姐阿Sue
http://www.4399.com/flash/24571.htm,宠物连连看3.1无敌版
http://www.4399.com/flash/8670.htm,宠物连连看特别版
http://www.4399.com/flash/50909.htm,植物战僵尸3D连连看
http://www.4399.com/flash/27265.htm,火柴人逃狱记
http://www.4399.com/flash/157666.htm,史上最贱小游戏13
http://www.4399.com/flash/113790.htm,找你妹正式版
http://www.4399.com/flash/123789.htm,恐龙觅食
http://www.4399.com/flash/128952.htm,坏蛋冰淇淋3
http://www.4399.com/flash/48349.htm,爱吃水果的虫子
http://www.4399.com/flash/1244.htm,红孩儿连连看
http://www.4399.com/flash/152162.htm,盗金父子2
http://www.4399.com/flash/8954.htm,阿sue家做客
http://www.4399.com/flash/142569.htm,一把火
http://www.4399.com/flash/91402.htm,保护橙子增强版3
http://www.4399.com/flash/56745.htm,动画师和动画
http://www.4399.com/flash/117146.htm,火柴人智闯飞艇
http://www.4399.com/flash/1287.htm,新麻雀连连看
http://www.4399.com/flash/134715.htm,捣蛋猪HD3.8
http://www.4399.com/flash/62725.htm,蜗牛鲍勃2中文版
http://www.4399.com/flash/123611.htm,小汽车的爱情梦
http://www.4399.com/flash/135633.htm,糖果去哪儿了2
http://www.4399.com/flash/151340.htm,熊猫逃生记之日本
http://www.4399.com/flash/137083.htm,小猫救援队
http://www.4399.com/flash/137070.htm,封闭空间逃生2
http://www.4399.com/flash/137021.htm,诅咒的照片
http://www.4399.com/flash/136966.htm,机器人之城
http://www.4399.com/flash/136876.htm,小猫环游非洲
http://www.4399.com/flash/136867.htm,入主后宫之选秀
http://www.4399.com/flash/136829.htm,4444
http://www.4399.com/flash/136705.htm,测量结晶水
http://www.4399.com/flash/136700.htm,西伯利亚生存记
http://www.4399.com/flash/136695.htm,黑板上的游戏
http://www.4399.com/flash/136627.htm,吹泡泡咯
http://www.4399.com/flash/136507.htm,树屋小英雄
http://www.4399.com/flash/136419.htm,智商球送礼物2
http://www.4399.com/flash/136524.htm,最后个水晶头骨
http://www.4399.com/flash/136435.htm,玩个毛线
http://www.4399.com/flash/136516.htm,消灭星星豪华版
http://www.4399.com/flash/136455.htm,开路先锋
http://www.4399.com/flash/136436.htm,拿回我的帽子2
http://www.4399.com/flash/136363.htm,怪物杀手电脑版
http://www.4399.com/flash/136390.htm,夜梦惊魂
http://www.4399.com/flash/136310.htm,逗小猴开心奇趣故事2
http://www.4399.com/flash/136297.htm,来自星星的双胞胎
http://www.4399.com/flash/136272.htm,战地特工
http://www.4399.com/flash/136185.htm,火柴人海底揭秘
http://www.4399.com/flash/136159.htm,蜡笔小新找裤子
http://www.4399.com/flash/136079.htm,方块小球回家2
http://www.4399.com/flash/136018.htm,阿蒂的梦想
http://www.4399.com/flash/135931.htm,国王救公主
http://www.4399.com/flash/136010.htm,找爸爸
http://www.4399.com/flash/136008.htm,灵魂割裂
http://www.4399.com/flash/135903.htm,机器人逃生记2
http://www.4399.com/flash/135813.htm,克拉拉找线索
http://www.4399.com/flash/135697.htm,智能遥控
http://www.4399.com/flash/135633.htm,糖果去哪儿了2
http://www.4399.com/flash/135672.htm,趣味弹球
http://www.4399.com/flash/135314.htm,小汽车的求爱梦
http://www.4399.com/flash/135505.htm,三国Q版英雄连萌
http://www.4399.com/flash/135480.htm,复古式25道门2
http://www.4399.com/flash/135389.htm,炮击来敌
http://www.4399.com/flash/135413.htm,消灭彩砖
http://www.4399.com/flash/135334.htm,逗小考拉开心
http://www.4399.com/flash/135296.htm,真实森林逃脱
http://www.4399.com/flash/135245.htm,大盗山姆
http://www.4399.com/flash/135233.htm,木乃伊大逃亡
http://www.4399.com/flash/135216.htm,逗小猴开心复活节冒险
http://www.4399.com/flash/135050.htm,10个侏儒之屋顶
http://www.4399.com/flash/135047.htm,糖果店的小怪兽
http://www.4399.com/flash/135038.htm,大炮忍者之复仇
http://www.4399.com/flash/135021.htm,露西梦境之旅
http://www.4399.com/flash/135006.htm,侦探与睡美人
http://www.4399.com/flash/134715.htm,捣蛋猪HD3.8
http://www.4399.com/flash/134843.htm,会传染的大胡子
http://www.4399.com/flash/134782.htm,小兔子和胡萝卜
http://www.4399.com/flash/134765.htm,奇幻马戏团加强版
http://www.4399.com/flash/134622.htm,涂色消除
http://www.4399.com/flash/134596.htm,找你妹正式版3
http://www.4399.com/flash/1382.htm,宠物连连看2.5版
http://www.4399.com/flash/12669.htm,果蔬连连看
http://www.4399.com/flash/17801.htm,宠物连连看3.1
http://www.4399.com/flash/20660.htm,森林冰火人中文版
http://www.4399.com/flash/93551.htm,小鳄鱼爱洗澡中文版
http://www.4399.com/flash/113377.htm,森林冰火人4无敌版
http://www.4399.com/flash/10393.htm,石头连连看
http://www.4399.com/flash/79068.htm,高楼爆破3无敌版
http://www.4399.com/flash/853.htm,五子连珠
http://www.4399.com/flash/17403.htm,青蛙祖玛
http://www.4399.com/flash/57474.htm,蝴蝶连连看
http://www.4399.com/flash/4781.htm,花花连连看
http://www.4399.com/flash/136516.htm,消灭星星豪华版
http://www.4399.com/flash/54423.htm,4399打豆豆
http://www.4399.com/flash/2231.htm,宠物连连看2.6
http://www.4399.com/flash/63033.htm,森林冰火人双人迷宫
http://www.4399.com/flash/68259.htm,河马饲养员
http://www.4399.com/flash/106202.htm,消灭星星中文版
http://www.4399.com/flash/62002.htm,疯狂过山车2
http://www.4399.com/flash/100125.htm,装载卡车4
http://www.4399.com/flash/131178.htm,帮鸟儿解冻3
http://www.4399.com/flash/106933.htm,坏蛋冰淇淋2无敌版
http://www.4399.com/flash/171900.htm,装载卡车5
http://www.4399.com/flash/147327.htm,亚当找夏娃3
http://www.4399.com/flash/10919.htm,宠物连连看3.0版
http://www.4399.com/flash/71760.htm,小婴儿逃出系列3
http://www.4399.com/flash/156918.htm,坏小孩回家4
http://www.4399.com/flash/37529.htm,小火车过隧道无敌版
http://www.4399.com/flash/50350.htm,唤醒嗜睡的小人
http://www.4399.com/flash/41285.htm,朵拉的迷你高尔夫
http://www.4399.com/flash/130836.htm,消你妹
http://www.4399.com/flash/128302.htm,消灭星星3电脑版
http://www.4399.com/flash/103266.htm,炮兵突击
http://www.4399.com/flash/96689.htm,愤怒的小鸟太空版HD
http://www.4399.com/flash/57317.htm,激光炮轰小怪2
http://www.4399.com/flash/4782.htm,汽车标志连连看
http://www.4399.com/flash/89614.htm,托马斯过河
http://www.4399.com/flash/88882.htm,海绵宝宝3D大富翁2
http://www.4399.com/flash/138881.htm,激光炮轰小怪3加强版
http://www.4399.com/flash/21223.htm,小球进洞
http://www.4399.com/flash/89107.htm,黑太狼吃羊2
http://www.4399.com/flash/152489.htm,史上最贱小游戏之体育
http://www.4399.com/flash/80211.htm,中国熊猫2无敌版
http://www.4399.com/flash/92102.htm,连连看3.1原版
http://www.4399.com/flash/76887.htm,宠物连连看可爱版
http://www.4399.com/flash/66922.htm,亚当找夏娃中文版
http://www.4399.com/flash/65959.htm,高楼爆破无敌版
http://www.4399.com/flash/34726.htm,4399水果连连看
http://www.4399.com/flash/47634.htm,让子弹飞
http://www.4399.com/flash/122189.htm,史上最贱小游戏3
http://www.4399.com/flash/184591.htm,捣蛋猪HD8.0
http://www.4399.com/flash/50306.htm,奇妙水世界
http://www.4399.com/flash/143168.htm,手纸没有了
http://www.4399.com/flash/79452.htm,森林冰火人3
http://www.4399.com/flash/73311.htm,破蛋专家
http://www.4399.com/flash/92953.htm,逗小猴开心7
http://www.4399.com/flash/132546.htm,亚当找夏娃2
http://www.4399.com/flash/80972.htm,宠物连连看经典版2
http://www.4399.com/flash/138976.htm,盗金父子
http://www.4399.com/flash/69774.htm,高楼爆破2无敌版
http://www.4399.com/flash/42075.htm,光头小子找出口
http://www.4399.com/flash/86544.htm,鸡蛋大逃亡2
http://www.4399.com/flash/30543.htm,小婴儿逃出系列1
http://www.4399.com/flash/63828.htm,红球与绿球
http://www.4399.com/flash/106849.htm,坏蛋冰淇淋2
http://www.4399.com/flash/41483.htm,装载卡车
http://www.4399.com/flash/16395.htm,小婴儿逃出系列2
http://www.4399.com/flash/158011.htm,小汽车的英雄梦
http://www.4399.com/flash/73122.htm,装载卡车3
http://www.4399.com/flash/102581.htm,帮鸟儿解冻
http://www.4399.com/flash/33249.htm,帮小狗取手绢
http://www.4399.com/flash/9840.htm,在线弹钢琴
http://www.4399.com/flash/78828.htm,益智乐高2中文版
http://www.4399.com/flash/35965.htm,直升机打气球
http://www.4399.com/flash/92108.htm,连连看原版
http://www.4399.com/flash/97275.htm,3D旋转麻将连连看
http://www.4399.com/flash/46428.htm,空姐阿Sue
http://www.4399.com/flash/24571.htm,宠物连连看3.1无敌版
http://www.4399.com/flash/8670.htm,宠物连连看特别版
http://www.4399.com/flash/50909.htm,植物战僵尸3D连连看
http://www.4399.com/flash/27265.htm,火柴人逃狱记
http://www.4399.com/flash/157666.htm,史上最贱小游戏13
http://www.4399.com/flash/113790.htm,找你妹正式版
http://www.4399.com/flash/123789.htm,恐龙觅食
http://www.4399.com/flash/128952.htm,坏蛋冰淇淋3
http://www.4399.com/flash/48349.htm,爱吃水果的虫子
http://www.4399.com/flash/1244.htm,红孩儿连连看
http://www.4399.com/flash/152162.htm,盗金父子2
http://www.4399.com/flash/8954.htm,阿sue家做客
http://www.4399.com/flash/142569.htm,一把火
http://www.4399.com/flash/91402.htm,保护橙子增强版3
http://www.4399.com/flash/56745.htm,动画师和动画
http://www.4399.com/flash/117146.htm,火柴人智闯飞艇
http://www.4399.com/flash/1287.htm,新麻雀连连看
http://www.4399.com/flash/134715.htm,捣蛋猪HD3.8
http://www.4399.com/flash/62725.htm,蜗牛鲍勃2中文版
http://www.4399.com/flash/123611.htm,小汽车的爱情梦
http://www.4399.com/flash/135633.htm,糖果去哪儿了2
http://www.4399.com/flash/151340.htm,熊猫逃生记之日本
http://www.4399.com/flash/134582.htm,马戏团之谜
http://www.4399.com/flash/134549.htm,遗失的国王戒指
http://www.4399.com/flash/134512.htm,逗小猴开心奇趣故事
http://www.4399.com/flash/134501.htm,保护橙子之海盗冒险
http://www.4399.com/flash/134435.htm,豆娃2048
http://www.4399.com/flash/134474.htm,百变萌宠
http://www.4399.com/flash/134448.htm,馋嘴小象
http://www.4399.com/flash/134421.htm,掌机俄罗斯方块
http://www.4399.com/flash/134282.htm,最强大脑
http://www.4399.com/flash/134258.htm,幸存的忍者
http://www.4399.com/flash/134251.htm,寻找遗失的傀儡
http://www.4399.com/flash/134231.htm,独眼怪的救赎
http://www.4399.com/flash/134228.htm,你被禁足了
http://www.4399.com/flash/134224.htm,智能机器人2
http://www.4399.com/flash/134201.htm,魔法森林战争
http://www.4399.com/flash/134029.htm,1024
http://www.4399.com/flash/134052.htm,水果家园守卫
http://www.4399.com/flash/134028.htm,坏小孩回家3
http://www.4399.com/flash/133996.htm,小宠物连连看
http://www.4399.com/flash/133922.htm,点爆炸弹人
http://www.4399.com/flash/133879.htm,球形忍者切割
http://www.4399.com/flash/133869.htm,我是守财奴2
http://www.4399.com/flash/133848.htm,小水珠收翡翠
http://www.4399.com/flash/133860.htm,封闭空间逃生
http://www.4399.com/flash/133825.htm,重力灵珠消消看2
http://www.4399.com/flash/133764.htm,雪人爱冰棍
http://www.4399.com/flash/133745.htm,外星人收集能量石2加强版
http://www.4399.com/flash/133627.htm,玉米连萌
http://www.4399.com/flash/133592.htm,愤怒的小鸟炸僵尸
http://www.4399.com/flash/133515.htm,机器人蒸汽管逃生
http://www.4399.com/flash/133485.htm,逃出植物牢笼
http://www.4399.com/flash/133480.htm,青蛙喝水
http://www.4399.com/flash/133421.htm,拆弹忍者
http://www.4399.com/flash/133288.htm,匆忙的外星人
http://www.4399.com/flash/133321.htm,逃离杀手的房子
http://www.4399.com/flash/133166.htm,穿越门2
http://www.4399.com/flash/133161.htm,奇趣撞车3
http://www.4399.com/flash/133138.htm,封印的魔法符文
http://www.4399.com/flash/133086.htm,完美营救
http://www.4399.com/flash/133010.htm,复古式25道门
http://www.4399.com/flash/132930.htm,海神的考验
http://www.4399.com/flash/132873.htm,小黑羊乐园
http://www.4399.com/flash/132845.htm,小猪下泥坑
http://www.4399.com/flash/132619.htm,糖果轨道加强版
http://www.4399.com/flash/132663.htm,刺猬苹果乐园
http://www.4399.com/flash/132681.htm,苹果丰收2
http://www.4399.com/flash/132684.htm,寻找钻石的矿工
http://www.4399.com/flash/132561.htm,小3传奇
http://www.4399.com/flash/132546.htm,亚当找夏娃2
http://www.4399.com/flash/132178.htm,援救小猪
http://www.4399.com/flash/132016.htm,海滩宝贝对对碰
http://www.4399.com/flash/131949.htm,泡泡升空记4
http://www.4399.com/flash/131942.htm,炸毁方块2
http://www.4399.com/flash/131871.htm,熊猫逃生记之巴西
http://www.4399.com/flash/131864.htm,让世间充满爱
http://www.4399.com/flash/131840.htm,小花匠朱迪
http://www.4399.com/flash/1382.htm,宠物连连看2.5版
http://www.4399.com/flash/12669.htm,果蔬连连看
http://www.4399.com/flash/17801.htm,宠物连连看3.1
http://www.4399.com/flash/20660.htm,森林冰火人中文版
http://www.4399.com/flash/93551.htm,小鳄鱼爱洗澡中文版
http://www.4399.com/flash/113377.htm,森林冰火人4无敌版
http://www.4399.com/flash/10393.htm,石头连连看
http://www.4399.com/flash/79068.htm,高楼爆破3无敌版
http://www.4399.com/flash/853.htm,五子连珠
http://www.4399.com/flash/17403.htm,青蛙祖玛
http://www.4399.com/flash/57474.htm,蝴蝶连连看
http://www.4399.com/flash/4781.htm,花花连连看
http://www.4399.com/flash/136516.htm,消灭星星豪华版
http://www.4399.com/flash/54423.htm,4399打豆豆
http://www.4399.com/flash/2231.htm,宠物连连看2.6
http://www.4399.com/flash/63033.htm,森林冰火人双人迷宫
http://www.4399.com/flash/68259.htm,河马饲养员
http://www.4399.com/flash/106202.htm,消灭星星中文版
http://www.4399.com/flash/62002.htm,疯狂过山车2
http://www.4399.com/flash/100125.htm,装载卡车4
http://www.4399.com/flash/131178.htm,帮鸟儿解冻3
http://www.4399.com/flash/106933.htm,坏蛋冰淇淋2无敌版
http://www.4399.com/flash/171900.htm,装载卡车5
http://www.4399.com/flash/147327.htm,亚当找夏娃3
http://www.4399.com/flash/10919.htm,宠物连连看3.0版
http://www.4399.com/flash/71760.htm,小婴儿逃出系列3
http://www.4399.com/flash/156918.htm,坏小孩回家4
http://www.4399.com/flash/37529.htm,小火车过隧道无敌版
http://www.4399.com/flash/50350.htm,唤醒嗜睡的小人
http://www.4399.com/flash/41285.htm,朵拉的迷你高尔夫
http://www.4399.com/flash/130836.htm,消你妹
http://www.4399.com/flash/128302.htm,消灭星星3电脑版
http://www.4399.com/flash/103266.htm,炮兵突击
http://www.4399.com/flash/96689.htm,愤怒的小鸟太空版HD
http://www.4399.com/flash/57317.htm,激光炮轰小怪2
http://www.4399.com/flash/4782.htm,汽车标志连连看
http://www.4399.com/flash/89614.htm,托马斯过河
http://www.4399.com/flash/88882.htm,海绵宝宝3D大富翁2
http://www.4399.com/flash/138881.htm,激光炮轰小怪3加强版
http://www.4399.com/flash/21223.htm,小球进洞
http://www.4399.com/flash/89107.htm,黑太狼吃羊2
http://www.4399.com/flash/152489.htm,史上最贱小游戏之体育
http://www.4399.com/flash/80211.htm,中国熊猫2无敌版
http://www.4399.com/flash/92102.htm,连连看3.1原版
http://www.4399.com/flash/76887.htm,宠物连连看可爱版
http://www.4399.com/flash/66922.htm,亚当找夏娃中文版
http://www.4399.com/flash/65959.htm,高楼爆破无敌版
http://www.4399.com/flash/34726.htm,4399水果连连看
http://www.4399.com/flash/47634.htm,让子弹飞
http://www.4399.com/flash/122189.htm,史上最贱小游戏3
http://www.4399.com/flash/184591.htm,捣蛋猪HD8.0
http://www.4399.com/flash/50306.htm,奇妙水世界
http://www.4399.com/flash/143168.htm,手纸没有了
http://www.4399.com/flash/79452.htm,森林冰火人3
http://www.4399.com/flash/73311.htm,破蛋专家
http://www.4399.com/flash/92953.htm,逗小猴开心7
http://www.4399.com/flash/132546.htm,亚当找夏娃2
http://www.4399.com/flash/80972.htm,宠物连连看经典版2
http://www.4399.com/flash/138976.htm,盗金父子
http://www.4399.com/flash/69774.htm,高楼爆破2无敌版
http://www.4399.com/flash/42075.htm,光头小子找出口
http://www.4399.com/flash/86544.htm,鸡蛋大逃亡2
http://www.4399.com/flash/30543.htm,小婴儿逃出系列1
http://www.4399.com/flash/63828.htm,红球与绿球
http://www.4399.com/flash/106849.htm,坏蛋冰淇淋2
http://www.4399.com/flash/41483.htm,装载卡车
http://www.4399.com/flash/16395.htm,小婴儿逃出系列2
http://www.4399.com/flash/158011.htm,小汽车的英雄梦
http://www.4399.com/flash/73122.htm,装载卡车3
http://www.4399.com/flash/102581.htm,帮鸟儿解冻
http://www.4399.com/flash/33249.htm,帮小狗取手绢
http://www.4399.com/flash/9840.htm,在线弹钢琴
http://www.4399.com/flash/78828.htm,益智乐高2中文版
http://www.4399.com/flash/35965.htm,直升机打气球
http://www.4399.com/flash/92108.htm,连连看原版
http://www.4399.com/flash/97275.htm,3D旋转麻将连连看
http://www.4399.com/flash/46428.htm,空姐阿Sue
http://www.4399.com/flash/24571.htm,宠物连连看3.1无敌版
http://www.4399.com/flash/8670.htm,宠物连连看特别版
http://www.4399.com/flash/50909.htm,植物战僵尸3D连连看
http://www.4399.com/flash/27265.htm,火柴人逃狱记
http://www.4399.com/flash/157666.htm,史上最贱小游戏13
http://www.4399.com/flash/113790.htm,找你妹正式版
http://www.4399.com/flash/123789.htm,恐龙觅食
http://www.4399.com/flash/128952.htm,坏蛋冰淇淋3
http://www.4399.com/flash/48349.htm,爱吃水果的虫子
http://www.4399.com/flash/1244.htm,红孩儿连连看
http://www.4399.com/flash/152162.htm,盗金父子2
http://www.4399.com/flash/8954.htm,阿sue家做客
http://www.4399.com/flash/142569.htm,一把火
http://www.4399.com/flash/91402.htm,保护橙子增强版3
http://www.4399.com/flash/56745.htm,动画师和动画
http://www.4399.com/flash/117146.htm,火柴人智闯飞艇
http://www.4399.com/flash/1287.htm,新麻雀连连看
http://www.4399.com/flash/134715.htm,捣蛋猪HD3.8
http://www.4399.com/flash/62725.htm,蜗牛鲍勃2中文版
http://www.4399.com/flash/123611.htm,小汽车的爱情梦
http://www.4399.com/flash/135633.htm,糖果去哪儿了2
http://www.4399.com/flash/151340.htm,熊猫逃生记之日本
http://www.4399.com/flash/131790.htm,宠物火车消消乐
http://www.4399.com/flash/131704.htm,小鱼海底探宝
http://www.4399.com/flash/131657.htm,饥饿的小熊2
http://www.4399.com/flash/131695.htm,意想不到的客人
http://www.4399.com/flash/131672.htm,逗小猴开心大胆冒险
http://www.4399.com/flash/131634.htm,克隆镭射枪
http://www.4399.com/flash/131588.htm,保护橙子之骑士冒险
http://www.4399.com/flash/131449.htm,开心鬼碰鬼
http://www.4399.com/flash/131432.htm,小顽皮的大黄鸭
http://www.4399.com/flash/131355.htm,黑猫逃生2
http://www.4399.com/flash/131257.htm,我们约会吧
http://www.4399.com/flash/131178.htm,帮鸟儿解冻3
http://www.4399.com/flash/131177.htm,火之创造
http://www.4399.com/flash/131073.htm,鲍比的飞船
http://www.4399.com/flash/131169.htm,自然元素灭小怪
http://www.4399.com/flash/131095.htm,机智的铁甲勇士
http://www.4399.com/flash/131076.htm,打开房门
http://www.4399.com/flash/131060.htm,进击的邪恶方块
http://www.4399.com/flash/131049.htm,史上最贱小游戏4
http://www.4399.com/flash/131040.htm,坚强的小小外星人
http://www.4399.com/flash/131020.htm,益智七巧板2
http://www.4399.com/flash/130902.htm,捣蛋猪HD飞天猪
http://www.4399.com/flash/131039.htm,逗小猴开心混乱之地
http://www.4399.com/flash/130907.htm,动物叠叠乐派对
http://www.4399.com/flash/130864.htm,机器人打高尔夫
http://www.4399.com/flash/130836.htm,消你妹
http://www.4399.com/flash/130702.htm,迷路的小男孩
http://www.4399.com/flash/130653.htm,梦游夜空
http://www.4399.com/flash/130421.htm,泡泡萌宠
http://www.4399.com/flash/130462.htm,王子智救公主
http://www.4399.com/flash/130361.htm,海绵宝宝爱汉堡
http://www.4399.com/flash/130294.htm,霓虹灯之门2
http://www.4399.com/flash/130287.htm,神奇的克隆小怪物
http://www.4399.com/flash/130252.htm,拆掉神轿
http://www.4399.com/flash/130284.htm,疯狂的石头
http://www.4399.com/flash/130153.htm,小番茄进锅
http://www.4399.com/flash/130146.htm,逃出医院病房
http://www.4399.com/flash/130032.htm,聪明的照相机
http://www.4399.com/flash/130028.htm,消防精英
http://www.4399.com/flash/129908.htm,海绵宝宝欢乐游
http://www.4399.com/flash/129869.htm,释放木偶人加强版3
http://www.4399.com/flash/129841.htm,史上最贱小游戏2中文版
http://www.4399.com/flash/129789.htm,斯巴达勇士
http://www.4399.com/flash/129750.htm,机智的电池
http://www.4399.com/flash/129764.htm,长生宝盒之谜
http://www.4399.com/flash/129756.htm,鳄鱼小顽皮找鸭子2外传
http://www.4399.com/flash/129770.htm,劫后余生2
http://www.4399.com/flash/129681.htm,植物大战愤怒的小鸟
http://www.4399.com/flash/129663.htm,甜蜜糖果世界
http://www.4399.com/flash/129523.htm,泡泡熊猫
http://www.4399.com/flash/129261.htm,宇航员大战外星人2
http://www.4399.com/flash/129221.htm,爸爸去哪儿消消看
http://www.4399.com/flash/129186.htm,神奇冰块的秘密
http://www.4399.com/flash/129094.htm,原子之谜圣诞版
http://www.4399.com/flash/129038.htm,逃离废弃庇护所
http://www.4399.com/flash/129010.htm,洪水来了圣诞版2
http://www.4399.com/flash/1382.htm,宠物连连看2.5版
http://www.4399.com/flash/12669.htm,果蔬连连看
http://www.4399.com/flash/17801.htm,宠物连连看3.1
http://www.4399.com/flash/20660.htm,森林冰火人中文版
http://www.4399.com/flash/93551.htm,小鳄鱼爱洗澡中文版
http://www.4399.com/flash/113377.htm,森林冰火人4无敌版
http://www.4399.com/flash/10393.htm,石头连连看
http://www.4399.com/flash/79068.htm,高楼爆破3无敌版
http://www.4399.com/flash/853.htm,五子连珠
http://www.4399.com/flash/17403.htm,青蛙祖玛
http://www.4399.com/flash/57474.htm,蝴蝶连连看
http://www.4399.com/flash/4781.htm,花花连连看
http://www.4399.com/flash/136516.htm,消灭星星豪华版
http://www.4399.com/flash/54423.htm,4399打豆豆
http://www.4399.com/flash/2231.htm,宠物连连看2.6
http://www.4399.com/flash/63033.htm,森林冰火人双人迷宫
http://www.4399.com/flash/68259.htm,河马饲养员
http://www.4399.com/flash/106202.htm,消灭星星中文版
http://www.4399.com/flash/62002.htm,疯狂过山车2
http://www.4399.com/flash/100125.htm,装载卡车4
http://www.4399.com/flash/131178.htm,帮鸟儿解冻3
http://www.4399.com/flash/106933.htm,坏蛋冰淇淋2无敌版
http://www.4399.com/flash/171900.htm,装载卡车5
http://www.4399.com/flash/147327.htm,亚当找夏娃3
http://www.4399.com/flash/10919.htm,宠物连连看3.0版
http://www.4399.com/flash/71760.htm,小婴儿逃出系列3
http://www.4399.com/flash/156918.htm,坏小孩回家4
http://www.4399.com/flash/37529.htm,小火车过隧道无敌版
http://www.4399.com/flash/50350.htm,唤醒嗜睡的小人
http://www.4399.com/flash/41285.htm,朵拉的迷你高尔夫
http://www.4399.com/flash/130836.htm,消你妹
http://www.4399.com/flash/128302.htm,消灭星星3电脑版
http://www.4399.com/flash/103266.htm,炮兵突击
http://www.4399.com/flash/96689.htm,愤怒的小鸟太空版HD
http://www.4399.com/flash/57317.htm,激光炮轰小怪2
http://www.4399.com/flash/4782.htm,汽车标志连连看
http://www.4399.com/flash/89614.htm,托马斯过河
http://www.4399.com/flash/88882.htm,海绵宝宝3D大富翁2
http://www.4399.com/flash/138881.htm,激光炮轰小怪3加强版
http://www.4399.com/flash/21223.htm,小球进洞
http://www.4399.com/flash/89107.htm,黑太狼吃羊2
http://www.4399.com/flash/152489.htm,史上最贱小游戏之体育
http://www.4399.com/flash/80211.htm,中国熊猫2无敌版
http://www.4399.com/flash/92102.htm,连连看3.1原版
http://www.4399.com/flash/76887.htm,宠物连连看可爱版
http://www.4399.com/flash/66922.htm,亚当找夏娃中文版
http://www.4399.com/flash/65959.htm,高楼爆破无敌版
http://www.4399.com/flash/34726.htm,4399水果连连看
http://www.4399.com/flash/47634.htm,让子弹飞
http://www.4399.com/flash/122189.htm,史上最贱小游戏3
http://www.4399.com/flash/184591.htm,捣蛋猪HD8.0
http://www.4399.com/flash/50306.htm,奇妙水世界
http://www.4399.com/flash/143168.htm,手纸没有了
http://www.4399.com/flash/79452.htm,森林冰火人3
http://www.4399.com/flash/73311.htm,破蛋专家
http://www.4399.com/flash/92953.htm,逗小猴开心7
http://www.4399.com/flash/132546.htm,亚当找夏娃2
http://www.4399.com/flash/80972.htm,宠物连连看经典版2
http://www.4399.com/flash/138976.htm,盗金父子
http://www.4399.com/flash/69774.htm,高楼爆破2无敌版
http://www.4399.com/flash/42075.htm,光头小子找出口
http://www.4399.com/flash/86544.htm,鸡蛋大逃亡2
http://www.4399.com/flash/30543.htm,小婴儿逃出系列1
http://www.4399.com/flash/63828.htm,红球与绿球
http://www.4399.com/flash/106849.htm,坏蛋冰淇淋2
http://www.4399.com/flash/41483.htm,装载卡车
http://www.4399.com/flash/16395.htm,小婴儿逃出系列2
http://www.4399.com/flash/158011.htm,小汽车的英雄梦
http://www.4399.com/flash/73122.htm,装载卡车3
http://www.4399.com/flash/102581.htm,帮鸟儿解冻
http://www.4399.com/flash/33249.htm,帮小狗取手绢
http://www.4399.com/flash/9840.htm,在线弹钢琴
http://www.4399.com/flash/78828.htm,益智乐高2中文版
http://www.4399.com/flash/35965.htm,直升机打气球
http://www.4399.com/flash/92108.htm,连连看原版
http://www.4399.com/flash/97275.htm,3D旋转麻将连连看
http://www.4399.com/flash/46428.htm,空姐阿Sue
http://www.4399.com/flash/24571.htm,宠物连连看3.1无敌版
http://www.4399.com/flash/8670.htm,宠物连连看特别版
http://www.4399.com/flash/50909.htm,植物战僵尸3D连连看
http://www.4399.com/flash/27265.htm,火柴人逃狱记
http://www.4399.com/flash/157666.htm,史上最贱小游戏13
http://www.4399.com/flash/113790.htm,找你妹正式版
http://www.4399.com/flash/123789.htm,恐龙觅食
http://www.4399.com/flash/128952.htm,坏蛋冰淇淋3
http://www.4399.com/flash/48349.htm,爱吃水果的虫子
http://www.4399.com/flash/1244.htm,红孩儿连连看
http://www.4399.com/flash/152162.htm,盗金父子2
http://www.4399.com/flash/8954.htm,阿sue家做客
http://www.4399.com/flash/142569.htm,一把火
http://www.4399.com/flash/91402.htm,保护橙子增强版3
http://www.4399.com/flash/56745.htm,动画师和动画
http://www.4399.com/flash/117146.htm,火柴人智闯飞艇
http://www.4399.com/flash/1287.htm,新麻雀连连看
http://www.4399.com/flash/134715.htm,捣蛋猪HD3.8
http://www.4399.com/flash/62725.htm,蜗牛鲍勃2中文版
http://www.4399.com/flash/123611.htm,小汽车的爱情梦
http://www.4399.com/flash/135633.htm,糖果去哪儿了2
http://www.4399.com/flash/151340.htm,熊猫逃生记之日本
http://www.4399.com/flash/129009.htm,大嘴小怪吃饼干
http://www.4399.com/flash/129008.htm,逗小猴开心欢乐圣诞夜
http://www.4399.com/flash/128980.htm,荧幕冒险秀
http://www.4399.com/flash/128952.htm,坏蛋冰淇淋3
http://www.4399.com/flash/128955.htm,几何军团
http://www.4399.com/flash/128881.htm,机智的小小白
http://www.4399.com/flash/128876.htm,蜗牛鲍勃6
http://www.4399.com/flash/128825.htm,糖果轨道
http://www.4399.com/flash/128745.htm,百变3D魔方
http://www.4399.com/flash/128734.htm,机智的宇航员
http://www.4399.com/flash/128562.htm,勇敢的圣诞老人
http://www.4399.com/flash/128530.htm,贪婪的警长
http://www.4399.com/flash/128524.htm,灭鼠能手
http://www.4399.com/flash/128458.htm,圣诞老人的危机
http://www.4399.com/flash/128455.htm,牛魔王保卫地下城
http://www.4399.com/flash/128338.htm,中国好学霸电脑版1.0
http://www.4399.com/flash/128451.htm,讨厌的红色方块
http://www.4399.com/flash/128400.htm,你是饼干我是酱
http://www.4399.com/flash/128329.htm,太空空间站
http://www.4399.com/flash/128328.htm,大鳄鱼爱小黄鸭
http://www.4399.com/flash/128317.htm,霓虹灯之门
http://www.4399.com/flash/128311.htm,勇敢小忍者出击
http://www.4399.com/flash/128307.htm,爱的选择
http://www.4399.com/flash/128282.htm,远古电路
http://www.4399.com/flash/128139.htm,爆破火车中文版
http://www.4399.com/flash/128134.htm,小小监狱逃脱
http://www.4399.com/flash/128053.htm,智商球送礼物
http://www.4399.com/flash/128051.htm,不吃给我吃
http://www.4399.com/flash/128050.htm,疯狂交通指挥员
http://www.4399.com/flash/127976.htm,逗小猴开心电梯诡影2
http://www.4399.com/flash/127933.htm,王者翻牌之战
http://www.4399.com/flash/127902.htm,地心引力
http://www.4399.com/flash/127876.htm,切割小鬼子
http://www.4399.com/flash/127860.htm,小蜗牛走迷宫
http://www.4399.com/flash/127831.htm,大脸猫奇幻世界
http://www.4399.com/flash/127746.htm,小恶魔的任务2
http://www.4399.com/flash/127694.htm,果冻串游
http://www.4399.com/flash/127576.htm,可怕的推草机
http://www.4399.com/flash/127569.htm,抓住圣诞老人
http://www.4399.com/flash/127555.htm,涂鸦大王
http://www.4399.com/flash/127347.htm,猫猫英雄刀外传
http://www.4399.com/flash/127417.htm,被困的女孩
http://www.4399.com/flash/127329.htm,糖果去哪儿了
http://www.4399.com/flash/127321.htm,消灭小小方块
http://www.4399.com/flash/127038.htm,变身小怪的历险
http://www.4399.com/flash/126941.htm,逗小猴开心电梯诡影
http://www.4399.com/flash/126827.htm,死神的召唤2
http://www.4399.com/flash/126823.htm,方块生物
http://www.4399.com/flash/126802.htm,欢乐叠积木
http://www.4399.com/flash/126798.htm,碰碰猫电脑版
http://www.4399.com/flash/126750.htm,蜗牛鲍勃5
http://www.4399.com/flash/126726.htm,暴走怪脸玩大炮圣诞版
http://www.4399.com/flash/126705.htm,融合的小球
http://www.4399.com/flash/126584.htm,转动齿轮2
http://www.4399.com/flash/126574.htm,讨厌的苹果
http://www.4399.com/flash/126570.htm,猫猫英雄刀
http://www.4399.com/flash/1382.htm,宠物连连看2.5版
http://www.4399.com/flash/12669.htm,果蔬连连看
http://www.4399.com/flash/17801.htm,宠物连连看3.1
http://www.4399.com/flash/20660.htm,森林冰火人中文版
http://www.4399.com/flash/93551.htm,小鳄鱼爱洗澡中文版
http://www.4399.com/flash/113377.htm,森林冰火人4无敌版
http://www.4399.com/flash/10393.htm,石头连连看
http://www.4399.com/flash/79068.htm,高楼爆破3无敌版
http://www.4399.com/flash/853.htm,五子连珠
http://www.4399.com/flash/17403.htm,青蛙祖玛
http://www.4399.com/flash/57474.htm,蝴蝶连连看
http://www.4399.com/flash/4781.htm,花花连连看
http://www.4399.com/flash/136516.htm,消灭星星豪华版
http://www.4399.com/flash/54423.htm,4399打豆豆
http://www.4399.com/flash/2231.htm,宠物连连看2.6
http://www.4399.com/flash/63033.htm,森林冰火人双人迷宫
http://www.4399.com/flash/68259.htm,河马饲养员
http://www.4399.com/flash/106202.htm,消灭星星中文版
http://www.4399.com/flash/62002.htm,疯狂过山车2
http://www.4399.com/flash/100125.htm,装载卡车4
http://www.4399.com/flash/131178.htm,帮鸟儿解冻3
http://www.4399.com/flash/106933.htm,坏蛋冰淇淋2无敌版
http://www.4399.com/flash/171900.htm,装载卡车5
http://www.4399.com/flash/147327.htm,亚当找夏娃3
http://www.4399.com/flash/10919.htm,宠物连连看3.0版
http://www.4399.com/flash/71760.htm,小婴儿逃出系列3
http://www.4399.com/flash/156918.htm,坏小孩回家4
http://www.4399.com/flash/37529.htm,小火车过隧道无敌版
http://www.4399.com/flash/50350.htm,唤醒嗜睡的小人
http://www.4399.com/flash/41285.htm,朵拉的迷你高尔夫
http://www.4399.com/flash/130836.htm,消你妹
http://www.4399.com/flash/128302.htm,消灭星星3电脑版
http://www.4399.com/flash/103266.htm,炮兵突击
http://www.4399.com/flash/96689.htm,愤怒的小鸟太空版HD
http://www.4399.com/flash/57317.htm,激光炮轰小怪2
http://www.4399.com/flash/4782.htm,汽车标志连连看
http://www.4399.com/flash/89614.htm,托马斯过河
http://www.4399.com/flash/88882.htm,海绵宝宝3D大富翁2
http://www.4399.com/flash/138881.htm,激光炮轰小怪3加强版
http://www.4399.com/flash/21223.htm,小球进洞
http://www.4399.com/flash/89107.htm,黑太狼吃羊2
http://www.4399.com/flash/152489.htm,史上最贱小游戏之体育
http://www.4399.com/flash/80211.htm,中国熊猫2无敌版
http://www.4399.com/flash/92102.htm,连连看3.1原版
http://www.4399.com/flash/76887.htm,宠物连连看可爱版
http://www.4399.com/flash/66922.htm,亚当找夏娃中文版
http://www.4399.com/flash/65959.htm,高楼爆破无敌版
http://www.4399.com/flash/34726.htm,4399水果连连看
http://www.4399.com/flash/47634.htm,让子弹飞
http://www.4399.com/flash/122189.htm,史上最贱小游戏3
http://www.4399.com/flash/184591.htm,捣蛋猪HD8.0
http://www.4399.com/flash/50306.htm,奇妙水世界
http://www.4399.com/flash/143168.htm,手纸没有了
http://www.4399.com/flash/79452.htm,森林冰火人3
http://www.4399.com/flash/73311.htm,破蛋专家
http://www.4399.com/flash/92953.htm,逗小猴开心7
http://www.4399.com/flash/132546.htm,亚当找夏娃2
http://www.4399.com/flash/80972.htm,宠物连连看经典版2
http://www.4399.com/flash/138976.htm,盗金父子
http://www.4399.com/flash/69774.htm,高楼爆破2无敌版
http://www.4399.com/flash/42075.htm,光头小子找出口
http://www.4399.com/flash/86544.htm,鸡蛋大逃亡2
http://www.4399.com/flash/30543.htm,小婴儿逃出系列1
http://www.4399.com/flash/63828.htm,红球与绿球
http://www.4399.com/flash/106849.htm,坏蛋冰淇淋2
http://www.4399.com/flash/41483.htm,装载卡车
http://www.4399.com/flash/16395.htm,小婴儿逃出系列2
http://www.4399.com/flash/158011.htm,小汽车的英雄梦
http://www.4399.com/flash/73122.htm,装载卡车3
http://www.4399.com/flash/102581.htm,帮鸟儿解冻
http://www.4399.com/flash/33249.htm,帮小狗取手绢
http://www.4399.com/flash/9840.htm,在线弹钢琴
http://www.4399.com/flash/78828.htm,益智乐高2中文版
http://www.4399.com/flash/35965.htm,直升机打气球
http://www.4399.com/flash/92108.htm,连连看原版
http://www.4399.com/flash/97275.htm,3D旋转麻将连连看
http://www.4399.com/flash/46428.htm,空姐阿Sue
http://www.4399.com/flash/24571.htm,宠物连连看3.1无敌版
http://www.4399.com/flash/8670.htm,宠物连连看特别版
http://www.4399.com/flash/50909.htm,植物战僵尸3D连连看
http://www.4399.com/flash/27265.htm,火柴人逃狱记
http://www.4399.com/flash/157666.htm,史上最贱小游戏13
http://www.4399.com/flash/113790.htm,找你妹正式版
http://www.4399.com/flash/123789.htm,恐龙觅食
http://www.4399.com/flash/128952.htm,坏蛋冰淇淋3
http://www.4399.com/flash/48349.htm,爱吃水果的虫子
http://www.4399.com/flash/1244.htm,红孩儿连连看
http://www.4399.com/flash/152162.htm,盗金父子2
http://www.4399.com/flash/8954.htm,阿sue家做客
http://www.4399.com/flash/142569.htm,一把火
http://www.4399.com/flash/91402.htm,保护橙子增强版3
http://www.4399.com/flash/56745.htm,动画师和动画
http://www.4399.com/flash/117146.htm,火柴人智闯飞艇
http://www.4399.com/flash/1287.htm,新麻雀连连看
http://www.4399.com/flash/134715.htm,捣蛋猪HD3.8
http://www.4399.com/flash/62725.htm,蜗牛鲍勃2中文版
http://www.4399.com/flash/123611.htm,小汽车的爱情梦
http://www.4399.com/flash/135633.htm,糖果去哪儿了2
http://www.4399.com/flash/151340.htm,熊猫逃生记之日本
http://www.4399.com/flash/126566.htm,消灭小毛球2
http://www.4399.com/flash/126492.htm,神殿祖玛
http://www.4399.com/flash/126436.htm,捣蛋猪HD3.6
http://www.4399.com/flash/126431.htm,忍者飞天猪2
http://www.4399.com/flash/126352.htm,慈善家的危机
http://www.4399.com/flash/126319.htm,外星宝宝回家
http://www.4399.com/flash/126303.htm,小老鼠偷油吃
http://www.4399.com/flash/126297.htm,愤怒的动物3
http://www.4399.com/flash/126269.htm,调皮的哈密瓜虫
http://www.4399.com/flash/126220.htm,神树果实
http://www.4399.com/flash/126213.htm,炮兵突击2
http://www.4399.com/flash/126143.htm,急速小冰块
http://www.4399.com/flash/126053.htm,原来是这货加强版
http://www.4399.com/flash/126052.htm,进击的炮兵
http://www.4399.com/flash/126049.htm,大头爸爸2
http://www.4399.com/flash/126012.htm,沐浴阳光2
http://www.4399.com/flash/126007.htm,我要金甲虫
http://www.4399.com/flash/125955.htm,生肖连萌
http://www.4399.com/flash/126001.htm,芭比仙子的神秘书
http://www.4399.com/flash/125951.htm,猴王森林酸雨之谜
http://www.4399.com/flash/125904.htm,王子寻爱记
http://www.4399.com/flash/125806.htm,小恐龙森林探险2
http://www.4399.com/flash/125770.htm,美味大脑消消看
http://www.4399.com/flash/125719.htm,乔伊看世界2
http://www.4399.com/flash/125664.htm,奶牛大逃亡
http://www.4399.com/flash/125638.htm,机智的钻石大盗
http://www.4399.com/flash/125650.htm,打开电梯门
http://www.4399.com/flash/125653.htm,南瓜下锅
http://www.4399.com/flash/125618.htm,高僧历险记
http://www.4399.com/flash/125556.htm,猫咪叠叠乐
http://www.4399.com/flash/125484.htm,画线穿针
http://www.4399.com/flash/125428.htm,女巫的冒险
http://www.4399.com/flash/125417.htm,重重金字塔
http://www.4399.com/flash/125402.htm,冰火双子星
http://www.4399.com/flash/125321.htm,缤纷企鹅岛
http://www.4399.com/flash/125243.htm,璀璨珠宝
http://www.4399.com/flash/125275.htm,外星人奇幻之旅
http://www.4399.com/flash/125254.htm,愤怒的大脑万圣节版
http://www.4399.com/flash/125250.htm,聪明的河马骑士
http://www.4399.com/flash/125193.htm,石化的幼猫
http://www.4399.com/flash/125124.htm,危险实验室
http://www.4399.com/flash/125072.htm,宇宙最贱小游戏
http://www.4399.com/flash/125026.htm,照顾可爱婴儿10
http://www.4399.com/flash/125014.htm,怪脸平衡塔
http://www.4399.com/flash/124968.htm,神秘的梦境
http://www.4399.com/flash/124801.htm,豆丁战方块2
http://www.4399.com/flash/124776.htm,笼中之鸟
http://www.4399.com/flash/124643.htm,平衡木板
http://www.4399.com/flash/124632.htm,双子星公主找茬
http://www.4399.com/flash/124601.htm,吃货大比拼
http://www.4399.com/flash/124594.htm,废气加工厂
http://www.4399.com/flash/124526.htm,布兰妲的逃亡
http://www.4399.com/flash/124503.htm,快乐会传染
http://www.4399.com/flash/124480.htm,30道门2
http://www.4399.com/flash/124497.htm,天天爱找茬
http://www.4399.com/flash/124444.htm,清风学车记2
http://www.4399.com/flash/1382.htm,宠物连连看2.5版
http://www.4399.com/flash/12669.htm,果蔬连连看
http://www.4399.com/flash/17801.htm,宠物连连看3.1
http://www.4399.com/flash/20660.htm,森林冰火人中文版
http://www.4399.com/flash/93551.htm,小鳄鱼爱洗澡中文版
http://www.4399.com/flash/113377.htm,森林冰火人4无敌版
http://www.4399.com/flash/10393.htm,石头连连看
http://www.4399.com/flash/79068.htm,高楼爆破3无敌版
http://www.4399.com/flash/853.htm,五子连珠
http://www.4399.com/flash/17403.htm,青蛙祖玛
http://www.4399.com/flash/57474.htm,蝴蝶连连看
http://www.4399.com/flash/4781.htm,花花连连看
http://www.4399.com/flash/136516.htm,消灭星星豪华版
http://www.4399.com/flash/54423.htm,4399打豆豆
http://www.4399.com/flash/2231.htm,宠物连连看2.6
http://www.4399.com/flash/63033.htm,森林冰火人双人迷宫
http://www.4399.com/flash/68259.htm,河马饲养员
http://www.4399.com/flash/106202.htm,消灭星星中文版
http://www.4399.com/flash/62002.htm,疯狂过山车2
http://www.4399.com/flash/100125.htm,装载卡车4
http://www.4399.com/flash/131178.htm,帮鸟儿解冻3
http://www.4399.com/flash/106933.htm,坏蛋冰淇淋2无敌版
http://www.4399.com/flash/171900.htm,装载卡车5
http://www.4399.com/flash/147327.htm,亚当找夏娃3
http://www.4399.com/flash/10919.htm,宠物连连看3.0版
http://www.4399.com/flash/71760.htm,小婴儿逃出系列3
http://www.4399.com/flash/156918.htm,坏小孩回家4
http://www.4399.com/flash/37529.htm,小火车过隧道无敌版
http://www.4399.com/flash/50350.htm,唤醒嗜睡的小人
http://www.4399.com/flash/41285.htm,朵拉的迷你高尔夫
http://www.4399.com/flash/130836.htm,消你妹
http://www.4399.com/flash/128302.htm,消灭星星3电脑版
http://www.4399.com/flash/103266.htm,炮兵突击
http://www.4399.com/flash/96689.htm,愤怒的小鸟太空版HD
http://www.4399.com/flash/57317.htm,激光炮轰小怪2
http://www.4399.com/flash/4782.htm,汽车标志连连看
http://www.4399.com/flash/89614.htm,托马斯过河
http://www.4399.com/flash/88882.htm,海绵宝宝3D大富翁2
http://www.4399.com/flash/138881.htm,激光炮轰小怪3加强版
http://www.4399.com/flash/21223.htm,小球进洞
http://www.4399.com/flash/89107.htm,黑太狼吃羊2
http://www.4399.com/flash/152489.htm,史上最贱小游戏之体育
http://www.4399.com/flash/80211.htm,中国熊猫2无敌版
http://www.4399.com/flash/92102.htm,连连看3.1原版
http://www.4399.com/flash/76887.htm,宠物连连看可爱版
http://www.4399.com/flash/66922.htm,亚当找夏娃中文版
http://www.4399.com/flash/65959.htm,高楼爆破无敌版
http://www.4399.com/flash/34726.htm,4399水果连连看
http://www.4399.com/flash/47634.htm,让子弹飞
http://www.4399.com/flash/122189.htm,史上最贱小游戏3
http://www.4399.com/flash/184591.htm,捣蛋猪HD8.0
http://www.4399.com/flash/50306.htm,奇妙水世界
http://www.4399.com/flash/143168.htm,手纸没有了
http://www.4399.com/flash/79452.htm,森林冰火人3
http://www.4399.com/flash/73311.htm,破蛋专家
http://www.4399.com/flash/92953.htm,逗小猴开心7
http://www.4399.com/flash/132546.htm,亚当找夏娃2
http://www.4399.com/flash/80972.htm,宠物连连看经典版2
http://www.4399.com/flash/138976.htm,盗金父子
http://www.4399.com/flash/69774.htm,高楼爆破2无敌版
http://www.4399.com/flash/42075.htm,光头小子找出口
http://www.4399.com/flash/86544.htm,鸡蛋大逃亡2
http://www.4399.com/flash/30543.htm,小婴儿逃出系列1
http://www.4399.com/flash/63828.htm,红球与绿球
http://www.4399.com/flash/106849.htm,坏蛋冰淇淋2
http://www.4399.com/flash/41483.htm,装载卡车
http://www.4399.com/flash/16395.htm,小婴儿逃出系列2
http://www.4399.com/flash/158011.htm,小汽车的英雄梦
http://www.4399.com/flash/73122.htm,装载卡车3
http://www.4399.com/flash/102581.htm,帮鸟儿解冻
http://www.4399.com/flash/33249.htm,帮小狗取手绢
http://www.4399.com/flash/9840.htm,在线弹钢琴
http://www.4399.com/flash/78828.htm,益智乐高2中文版
http://www.4399.com/flash/35965.htm,直升机打气球
http://www.4399.com/flash/92108.htm,连连看原版
http://www.4399.com/flash/97275.htm,3D旋转麻将连连看
http://www.4399.com/flash/46428.htm,空姐阿Sue
http://www.4399.com/flash/24571.htm,宠物连连看3.1无敌版
http://www.4399.com/flash/8670.htm,宠物连连看特别版
http://www.4399.com/flash/50909.htm,植物战僵尸3D连连看
http://www.4399.com/flash/27265.htm,火柴人逃狱记
http://www.4399.com/flash/157666.htm,史上最贱小游戏13
http://www.4399.com/flash/113790.htm,找你妹正式版
http://www.4399.com/flash/123789.htm,恐龙觅食
http://www.4399.com/flash/128952.htm,坏蛋冰淇淋3
http://www.4399.com/flash/48349.htm,爱吃水果的虫子
http://www.4399.com/flash/1244.htm,红孩儿连连看
http://www.4399.com/flash/152162.htm,盗金父子2
http://www.4399.com/flash/8954.htm,阿sue家做客
http://www.4399.com/flash/142569.htm,一把火
http://www.4399.com/flash/91402.htm,保护橙子增强版3
http://www.4399.com/flash/56745.htm,动画师和动画
http://www.4399.com/flash/117146.htm,火柴人智闯飞艇
http://www.4399.com/flash/1287.htm,新麻雀连连看
http://www.4399.com/flash/134715.htm,捣蛋猪HD3.8
http://www.4399.com/flash/62725.htm,蜗牛鲍勃2中文版
http://www.4399.com/flash/123611.htm,小汽车的爱情梦
http://www.4399.com/flash/135633.htm,糖果去哪儿了2
http://www.4399.com/flash/151340.htm,熊猫逃生记之日本
http://www.4399.com/flash/124437.htm,天天爱消除电脑版
http://www.4399.com/flash/124399.htm,唤醒图腾2
http://www.4399.com/flash/124361.htm,瞬移机器人
http://www.4399.com/flash/124332.htm,风扫秋叶
http://www.4399.com/flash/124290.htm,实验室老鼠逃生
http://www.4399.com/flash/124163.htm,美味的坚果2
http://www.4399.com/flash/124269.htm,我和钥匙3
http://www.4399.com/flash/124221.htm,穿越糖果岛
http://www.4399.com/flash/124171.htm,辛勤的图书馆长
http://www.4399.com/flash/124159.htm,爱丽丝奇境历险
http://www.4399.com/flash/124157.htm,谁动了奶酪2
http://www.4399.com/flash/123992.htm,重力灵珠消消看
http://www.4399.com/flash/124026.htm,小蜜蜂采花蜜
http://www.4399.com/flash/124015.htm,小鳄鱼爱小黄鸭
http://www.4399.com/flash/123966.htm,解救被绑住的女孩
http://www.4399.com/flash/123948.htm,落魄的维京勇士
http://www.4399.com/flash/123914.htm,飞哥与小佛强力大炮
http://www.4399.com/flash/123909.htm,机器人清炸弹
http://www.4399.com/flash/123885.htm,门外有门
http://www.4399.com/flash/123832.htm,帮助我飞
http://www.4399.com/flash/123789.htm,恐龙觅食
http://www.4399.com/flash/123773.htm,鸟笼囚禁者中文版
http://www.4399.com/flash/123762.htm,候达峡谷
http://www.4399.com/flash/123700.htm,坚果小医仙
http://www.4399.com/flash/123696.htm,甜蜜大陆
http://www.4399.com/flash/123634.htm,调皮龙蛋回家记
http://www.4399.com/flash/123623.htm,逃生的法老王
http://www.4399.com/flash/123611.htm,小汽车的爱情梦
http://www.4399.com/flash/122903.htm,外星人爱牛奶
http://www.4399.com/flash/123603.htm,朱迪美味串串烧
http://www.4399.com/flash/123579.htm,松鼠猴射气球
http://www.4399.com/flash/123569.htm,方块进门
http://www.4399.com/flash/123596.htm,屎壳郎运食
http://www.4399.com/flash/123552.htm,这些游戏你熟悉么？
http://www.4399.com/flash/123536.htm,迷路的痞老板
http://www.4399.com/flash/123434.htm,点击找按钮
http://www.4399.com/flash/123396.htm,机器人的归途
http://www.4399.com/flash/123388.htm,沉睡的怪物
http://www.4399.com/flash/123380.htm,鳄鱼小顽皮找鸭子2
http://www.4399.com/flash/123266.htm,你的智商有多高？
http://www.4399.com/flash/123229.htm,小恐龙染色
http://www.4399.com/flash/123197.htm,镭射眼超人
http://www.4399.com/flash/123081.htm,末日象棋无限金币版
http://www.4399.com/flash/123057.htm,小螃蟹寻宝旅程
http://www.4399.com/flash/123005.htm,惊醒小象3
http://www.4399.com/flash/123026.htm,时光机器2
http://www.4399.com/flash/123019.htm,神奇的魔法帽
http://www.4399.com/flash/123007.htm,切割小怪物
http://www.4399.com/flash/122978.htm,火山岩浆球
http://www.4399.com/flash/122960.htm,自动取款机逃脱
http://www.4399.com/flash/122884.htm,索尼娅间谍2
http://www.4399.com/flash/122823.htm,花儿朵朵
http://www.4399.com/flash/122816.htm,益智疯狂连线
http://www.4399.com/flash/122772.htm,天天连萌
http://www.4399.com/flash/122701.htm,勇闯忍者大陆
http://www.4399.com/flash/122659.htm,金矿迷宫
http://www.4399.com/flash/1382.htm,宠物连连看2.5版
http://www.4399.com/flash/12669.htm,果蔬连连看
http://www.4399.com/flash/17801.htm,宠物连连看3.1
http://www.4399.com/flash/20660.htm,森林冰火人中文版
http://www.4399.com/flash/93551.htm,小鳄鱼爱洗澡中文版
http://www.4399.com/flash/113377.htm,森林冰火人4无敌版
http://www.4399.com/flash/10393.htm,石头连连看
http://www.4399.com/flash/79068.htm,高楼爆破3无敌版
http://www.4399.com/flash/853.htm,五子连珠
http://www.4399.com/flash/17403.htm,青蛙祖玛
http://www.4399.com/flash/57474.htm,蝴蝶连连看
http://www.4399.com/flash/4781.htm,花花连连看
http://www.4399.com/flash/136516.htm,消灭星星豪华版
http://www.4399.com/flash/54423.htm,4399打豆豆
http://www.4399.com/flash/2231.htm,宠物连连看2.6
http://www.4399.com/flash/63033.htm,森林冰火人双人迷宫
http://www.4399.com/flash/68259.htm,河马饲养员
http://www.4399.com/flash/106202.htm,消灭星星中文版
http://www.4399.com/flash/62002.htm,疯狂过山车2
http://www.4399.com/flash/100125.htm,装载卡车4
http://www.4399.com/flash/131178.htm,帮鸟儿解冻3
http://www.4399.com/flash/106933.htm,坏蛋冰淇淋2无敌版
http://www.4399.com/flash/171900.htm,装载卡车5
http://www.4399.com/flash/147327.htm,亚当找夏娃3
http://www.4399.com/flash/10919.htm,宠物连连看3.0版
http://www.4399.com/flash/71760.htm,小婴儿逃出系列3
http://www.4399.com/flash/156918.htm,坏小孩回家4
http://www.4399.com/flash/37529.htm,小火车过隧道无敌版
http://www.4399.com/flash/50350.htm,唤醒嗜睡的小人
http://www.4399.com/flash/41285.htm,朵拉的迷你高尔夫
http://www.4399.com/flash/130836.htm,消你妹
http://www.4399.com/flash/128302.htm,消灭星星3电脑版
http://www.4399.com/flash/103266.htm,炮兵突击
http://www.4399.com/flash/96689.htm,愤怒的小鸟太空版HD
http://www.4399.com/flash/57317.htm,激光炮轰小怪2
http://www.4399.com/flash/4782.htm,汽车标志连连看
http://www.4399.com/flash/89614.htm,托马斯过河
http://www.4399.com/flash/88882.htm,海绵宝宝3D大富翁2
http://www.4399.com/flash/138881.htm,激光炮轰小怪3加强版
http://www.4399.com/flash/21223.htm,小球进洞
http://www.4399.com/flash/89107.htm,黑太狼吃羊2
http://www.4399.com/flash/152489.htm,史上最贱小游戏之体育
http://www.4399.com/flash/80211.htm,中国熊猫2无敌版
http://www.4399.com/flash/92102.htm,连连看3.1原版
http://www.4399.com/flash/76887.htm,宠物连连看可爱版
http://www.4399.com/flash/66922.htm,亚当找夏娃中文版
http://www.4399.com/flash/65959.htm,高楼爆破无敌版
http://www.4399.com/flash/34726.htm,4399水果连连看
http://www.4399.com/flash/47634.htm,让子弹飞
http://www.4399.com/flash/122189.htm,史上最贱小游戏3
http://www.4399.com/flash/184591.htm,捣蛋猪HD8.0
http://www.4399.com/flash/50306.htm,奇妙水世界
http://www.4399.com/flash/143168.htm,手纸没有了
http://www.4399.com/flash/79452.htm,森林冰火人3
http://www.4399.com/flash/73311.htm,破蛋专家
http://www.4399.com/flash/92953.htm,逗小猴开心7
http://www.4399.com/flash/132546.htm,亚当找夏娃2
http://www.4399.com/flash/80972.htm,宠物连连看经典版2
http://www.4399.com/flash/138976.htm,盗金父子
http://www.4399.com/flash/69774.htm,高楼爆破2无敌版
http://www.4399.com/flash/42075.htm,光头小子找出口
http://www.4399.com/flash/86544.htm,鸡蛋大逃亡2
http://www.4399.com/flash/30543.htm,小婴儿逃出系列1
http://www.4399.com/flash/63828.htm,红球与绿球
http://www.4399.com/flash/106849.htm,坏蛋冰淇淋2
http://www.4399.com/flash/41483.htm,装载卡车
http://www.4399.com/flash/16395.htm,小婴儿逃出系列2
http://www.4399.com/flash/158011.htm,小汽车的英雄梦
http://www.4399.com/flash/73122.htm,装载卡车3
http://www.4399.com/flash/102581.htm,帮鸟儿解冻
http://www.4399.com/flash/33249.htm,帮小狗取手绢
http://www.4399.com/flash/9840.htm,在线弹钢琴
http://www.4399.com/flash/78828.htm,益智乐高2中文版
http://www.4399.com/flash/35965.htm,直升机打气球
http://www.4399.com/flash/92108.htm,连连看原版
http://www.4399.com/flash/97275.htm,3D旋转麻将连连看
http://www.4399.com/flash/46428.htm,空姐阿Sue
http://www.4399.com/flash/24571.htm,宠物连连看3.1无敌版
http://www.4399.com/flash/8670.htm,宠物连连看特别版
http://www.4399.com/flash/50909.htm,植物战僵尸3D连连看
http://www.4399.com/flash/27265.htm,火柴人逃狱记
http://www.4399.com/flash/157666.htm,史上最贱小游戏13
http://www.4399.com/flash/113790.htm,找你妹正式版
http://www.4399.com/flash/123789.htm,恐龙觅食
http://www.4399.com/flash/128952.htm,坏蛋冰淇淋3
http://www.4399.com/flash/48349.htm,爱吃水果的虫子
http://www.4399.com/flash/1244.htm,红孩儿连连看
http://www.4399.com/flash/152162.htm,盗金父子2
http://www.4399.com/flash/8954.htm,阿sue家做客
http://www.4399.com/flash/142569.htm,一把火
http://www.4399.com/flash/91402.htm,保护橙子增强版3
http://www.4399.com/flash/56745.htm,动画师和动画
http://www.4399.com/flash/117146.htm,火柴人智闯飞艇
http://www.4399.com/flash/1287.htm,新麻雀连连看
http://www.4399.com/flash/134715.htm,捣蛋猪HD3.8
http://www.4399.com/flash/62725.htm,蜗牛鲍勃2中文版
http://www.4399.com/flash/123611.htm,小汽车的爱情梦
http://www.4399.com/flash/135633.htm,糖果去哪儿了2
http://www.4399.com/flash/151340.htm,熊猫逃生记之日本
http://www.4399.com/flash/122655.htm,赫拉克勒斯之路
http://www.4399.com/flash/122605.htm,30道门
http://www.4399.com/flash/122586.htm,奶酪猎人
http://www.4399.com/flash/122579.htm,拯救大耳怪
http://www.4399.com/flash/122521.htm,逗小猴开心8
http://www.4399.com/flash/122497.htm,魔法铅笔2
http://www.4399.com/flash/122458.htm,神秘卷轴
http://www.4399.com/flash/122344.htm,击毁电视机
http://www.4399.com/flash/122342.htm,宠物党连连看
http://www.4399.com/flash/122305.htm,汉诺塔教程版
http://www.4399.com/flash/122189.htm,史上最贱小游戏3
http://www.4399.com/flash/122125.htm,逃出巫师恶龙之家
http://www.4399.com/flash/122052.htm,贪婪的我
http://www.4399.com/flash/122121.htm,保护小火焰
http://www.4399.com/flash/122048.htm,2013飞越疯人院
http://www.4399.com/flash/121910.htm,十个冷笑话
http://www.4399.com/flash/121834.htm,软体小方块
http://www.4399.com/flash/121837.htm,蛋糕小青蛙
http://www.4399.com/flash/121759.htm,熊猫武士升级版
http://www.4399.com/flash/121735.htm,引水入厂
http://www.4399.com/flash/121624.htm,遗产传奇:绞刑架下的宽恕
http://www.4399.com/flash/121600.htm,布袋大叔畅游记
http://www.4399.com/flash/121549.htm,天天爱消除
http://www.4399.com/flash/121476.htm,原来是这货
http://www.4399.com/flash/121416.htm,小老鼠的奶酪之行
http://www.4399.com/flash/121302.htm,拯救小蜗
http://www.4399.com/flash/121216.htm,时空旅行者
http://www.4399.com/flash/121191.htm,天天有喜连连看
http://www.4399.com/flash/121081.htm,死神的召唤
http://www.4399.com/flash/121074.htm,毛球爱饼干
http://www.4399.com/flash/120993.htm,迷路的章鱼
http://www.4399.com/flash/120945.htm,激光炮轰小怪3
http://www.4399.com/flash/120935.htm,玩具破坏王
http://www.4399.com/flash/120872.htm,找你妹正式版2
http://www.4399.com/flash/120841.htm,奇异复活节
http://www.4399.com/flash/120869.htm,红球与绿球找糖果
http://www.4399.com/flash/120828.htm,惊险彩虹桥
http://www.4399.com/flash/120808.htm,护航使命
http://www.4399.com/flash/120735.htm,糖果炮弹
http://www.4399.com/flash/120694.htm,伟人大测验
http://www.4399.com/flash/120657.htm,符文炼金术
http://www.4399.com/flash/120652.htm,怪博士的记忆实验
http://www.4399.com/flash/120636.htm,老鼠大战食人魔
http://www.4399.com/flash/120518.htm,朱迪包装礼物
http://www.4399.com/flash/120490.htm,幸运图腾加强版
http://www.4399.com/flash/120483.htm,迷走梦境
http://www.4399.com/flash/120424.htm,小矮人的金币
http://www.4399.com/flash/120422.htm,哈布布岛之谜
http://www.4399.com/flash/120389.htm,嗨皮连连看
http://www.4399.com/flash/120348.htm,为棒球搭桥
http://www.4399.com/flash/120286.htm,小猫环游亚洲
http://www.4399.com/flash/120339.htm,芭比早上好
http://www.4399.com/flash/120290.htm,埃及探险家高清版
http://www.4399.com/flash/120176.htm,小拉姆修剪草皮
http://www.4399.com/flash/120070.htm,冰球火球天生一对
http://www.4399.com/flash/120136.htm,鳄鱼小顽皮找鸭子
http://www.4399.com/flash/1382.htm,宠物连连看2.5版
http://www.4399.com/flash/12669.htm,果蔬连连看
http://www.4399.com/flash/17801.htm,宠物连连看3.1
http://www.4399.com/flash/20660.htm,森林冰火人中文版
http://www.4399.com/flash/93551.htm,小鳄鱼爱洗澡中文版
http://www.4399.com/flash/113377.htm,森林冰火人4无敌版
http://www.4399.com/flash/10393.htm,石头连连看
http://www.4399.com/flash/79068.htm,高楼爆破3无敌版
http://www.4399.com/flash/853.htm,五子连珠
http://www.4399.com/flash/17403.htm,青蛙祖玛
http://www.4399.com/flash/57474.htm,蝴蝶连连看
http://www.4399.com/flash/4781.htm,花花连连看
http://www.4399.com/flash/136516.htm,消灭星星豪华版
http://www.4399.com/flash/54423.htm,4399打豆豆
http://www.4399.com/flash/2231.htm,宠物连连看2.6
http://www.4399.com/flash/63033.htm,森林冰火人双人迷宫
http://www.4399.com/flash/68259.htm,河马饲养员
http://www.4399.com/flash/106202.htm,消灭星星中文版
http://www.4399.com/flash/62002.htm,疯狂过山车2
http://www.4399.com/flash/100125.htm,装载卡车4
http://www.4399.com/flash/131178.htm,帮鸟儿解冻3
http://www.4399.com/flash/106933.htm,坏蛋冰淇淋2无敌版
http://www.4399.com/flash/171900.htm,装载卡车5
http://www.4399.com/flash/147327.htm,亚当找夏娃3
http://www.4399.com/flash/10919.htm,宠物连连看3.0版
http://www.4399.com/flash/71760.htm,小婴儿逃出系列3
http://www.4399.com/flash/156918.htm,坏小孩回家4
http://www.4399.com/flash/37529.htm,小火车过隧道无敌版
http://www.4399.com/flash/50350.htm,唤醒嗜睡的小人
http://www.4399.com/flash/41285.htm,朵拉的迷你高尔夫
http://www.4399.com/flash/130836.htm,消你妹
http://www.4399.com/flash/128302.htm,消灭星星3电脑版
http://www.4399.com/flash/103266.htm,炮兵突击
http://www.4399.com/flash/96689.htm,愤怒的小鸟太空版HD
http://www.4399.com/flash/57317.htm,激光炮轰小怪2
http://www.4399.com/flash/4782.htm,汽车标志连连看
http://www.4399.com/flash/89614.htm,托马斯过河
http://www.4399.com/flash/88882.htm,海绵宝宝3D大富翁2
http://www.4399.com/flash/138881.htm,激光炮轰小怪3加强版
http://www.4399.com/flash/21223.htm,小球进洞
http://www.4399.com/flash/89107.htm,黑太狼吃羊2
http://www.4399.com/flash/152489.htm,史上最贱小游戏之体育
http://www.4399.com/flash/80211.htm,中国熊猫2无敌版
http://www.4399.com/flash/92102.htm,连连看3.1原版
http://www.4399.com/flash/76887.htm,宠物连连看可爱版
http://www.4399.com/flash/66922.htm,亚当找夏娃中文版
http://www.4399.com/flash/65959.htm,高楼爆破无敌版
http://www.4399.com/flash/34726.htm,4399水果连连看
http://www.4399.com/flash/47634.htm,让子弹飞
http://www.4399.com/flash/122189.htm,史上最贱小游戏3
http://www.4399.com/flash/184591.htm,捣蛋猪HD8.0
http://www.4399.com/flash/50306.htm,奇妙水世界
http://www.4399.com/flash/143168.htm,手纸没有了
http://www.4399.com/flash/79452.htm,森林冰火人3
http://www.4399.com/flash/73311.htm,破蛋专家
http://www.4399.com/flash/92953.htm,逗小猴开心7
http://www.4399.com/flash/132546.htm,亚当找夏娃2
http://www.4399.com/flash/80972.htm,宠物连连看经典版2
http://www.4399.com/flash/138976.htm,盗金父子
http://www.4399.com/flash/69774.htm,高楼爆破2无敌版
http://www.4399.com/flash/42075.htm,光头小子找出口
http://www.4399.com/flash/86544.htm,鸡蛋大逃亡2
http://www.4399.com/flash/30543.htm,小婴儿逃出系列1
http://www.4399.com/flash/63828.htm,红球与绿球
http://www.4399.com/flash/106849.htm,坏蛋冰淇淋2
http://www.4399.com/flash/41483.htm,装载卡车
http://www.4399.com/flash/16395.htm,小婴儿逃出系列2
http://www.4399.com/flash/158011.htm,小汽车的英雄梦
http://www.4399.com/flash/73122.htm,装载卡车3
http://www.4399.com/flash/102581.htm,帮鸟儿解冻
http://www.4399.com/flash/33249.htm,帮小狗取手绢
http://www.4399.com/flash/9840.htm,在线弹钢琴
http://www.4399.com/flash/78828.htm,益智乐高2中文版
http://www.4399.com/flash/35965.htm,直升机打气球
http://www.4399.com/flash/92108.htm,连连看原版
http://www.4399.com/flash/97275.htm,3D旋转麻将连连看
http://www.4399.com/flash/46428.htm,空姐阿Sue
http://www.4399.com/flash/24571.htm,宠物连连看3.1无敌版
http://www.4399.com/flash/8670.htm,宠物连连看特别版
http://www.4399.com/flash/50909.htm,植物战僵尸3D连连看
http://www.4399.com/flash/27265.htm,火柴人逃狱记
http://www.4399.com/flash/157666.htm,史上最贱小游戏13
http://www.4399.com/flash/113790.htm,找你妹正式版
http://www.4399.com/flash/123789.htm,恐龙觅食
http://www.4399.com/flash/128952.htm,坏蛋冰淇淋3
http://www.4399.com/flash/48349.htm,爱吃水果的虫子
http://www.4399.com/flash/1244.htm,红孩儿连连看
http://www.4399.com/flash/152162.htm,盗金父子2
http://www.4399.com/flash/8954.htm,阿sue家做客
http://www.4399.com/flash/142569.htm,一把火
http://www.4399.com/flash/91402.htm,保护橙子增强版3
http://www.4399.com/flash/56745.htm,动画师和动画
http://www.4399.com/flash/117146.htm,火柴人智闯飞艇
http://www.4399.com/flash/1287.htm,新麻雀连连看
http://www.4399.com/flash/134715.htm,捣蛋猪HD3.8
http://www.4399.com/flash/62725.htm,蜗牛鲍勃2中文版
http://www.4399.com/flash/123611.htm,小汽车的爱情梦
http://www.4399.com/flash/135633.htm,糖果去哪儿了2
http://www.4399.com/flash/151340.htm,熊猫逃生记之日本
http://www.4399.com/flash/120134.htm,九九乘法表学习
http://www.4399.com/flash/120100.htm,夺宝英雄之战
http://www.4399.com/flash/120106.htm,连环密室
http://www.4399.com/flash/120034.htm,拯救小伙伴
http://www.4399.com/flash/119949.htm,国王与绵羊
http://www.4399.com/flash/119947.htm,梦里的爱情故事
http://www.4399.com/flash/119867.htm,齿轮迷踪
http://www.4399.com/flash/119859.htm,枯木逢春
http://www.4399.com/flash/119846.htm,快回窝里来
http://www.4399.com/flash/119673.htm,海绵宝宝城堡防御
http://www.4399.com/flash/119599.htm,我是救世主
http://www.4399.com/flash/119594.htm,奇幻马戏团
http://www.4399.com/flash/119487.htm,小破熊猫爱冒险
http://www.4399.com/flash/119476.htm,天天有喜找不同
http://www.4399.com/flash/119417.htm,别欺负我
http://www.4399.com/flash/119403.htm,怪叔叔运钞车
http://www.4399.com/flash/119244.htm,骑士与魔法师
http://www.4399.com/flash/119256.htm,森林危机
http://www.4399.com/flash/119232.htm,萌战士
http://www.4399.com/flash/119159.htm,怪异咖啡屋逃脱
http://www.4399.com/flash/119154.htm,逗小猴开心城堡惊魂
http://www.4399.com/flash/119132.htm,疯狂填字
http://www.4399.com/flash/119025.htm,智商球英雄救美
http://www.4399.com/flash/118939.htm,美丽小姐连连看
http://www.4399.com/flash/118866.htm,开门三十次
http://www.4399.com/flash/118740.htm,九个井字棋
http://www.4399.com/flash/118646.htm,齿轮替换3
http://www.4399.com/flash/118674.htm,梦游仙境迷踪
http://www.4399.com/flash/118543.htm,外星人收集能量石2
http://www.4399.com/flash/118574.htm,外星人救援行动
http://www.4399.com/flash/118540.htm,宝石矿工
http://www.4399.com/flash/118418.htm,纸兔子的旅程
http://www.4399.com/flash/118415.htm,神枪男孩
http://www.4399.com/flash/118379.htm,梦游糖果乐园
http://www.4399.com/flash/118284.htm,翻滚的幽灵
http://www.4399.com/flash/118194.htm,疯狂猜图
http://www.4399.com/flash/118215.htm,可爱宝贝连连看
http://www.4399.com/flash/118228.htm,朱迪装修小店
http://www.4399.com/flash/118155.htm,天平两端
http://www.4399.com/flash/118142.htm,北极冰块历险记
http://www.4399.com/flash/118103.htm,果冻外星人
http://www.4399.com/flash/118101.htm,世界七大奇迹
http://www.4399.com/flash/118039.htm,仓鼠的归途
http://www.4399.com/flash/118035.htm,果冻勇士
http://www.4399.com/flash/118029.htm,缤纷夏日果汁
http://www.4399.com/flash/118002.htm,海洋宝石消消看
http://www.4399.com/flash/117967.htm,机器人星球逃脱3
http://www.4399.com/flash/117960.htm,黑眼豆豆的爱情
http://www.4399.com/flash/117868.htm,寻找失落的宝藏
http://www.4399.com/flash/117645.htm,可爱的猫头鹰2
http://www.4399.com/flash/117457.htm,气泡和青蛙
http://www.4399.com/flash/117388.htm,绵羊理发
http://www.4399.com/flash/117308.htm,油漆世界2
http://www.4399.com/flash/117149.htm,愤怒小鸟2013之捣蛋猪
http://www.4399.com/flash/117154.htm,小兔子吃冰淇淋2
http://www.4399.com/flash/117095.htm,黑暗符石之战
http://www.4399.com/flash/1382.htm,宠物连连看2.5版
http://www.4399.com/flash/12669.htm,果蔬连连看
http://www.4399.com/flash/17801.htm,宠物连连看3.1
http://www.4399.com/flash/20660.htm,森林冰火人中文版
http://www.4399.com/flash/93551.htm,小鳄鱼爱洗澡中文版
http://www.4399.com/flash/113377.htm,森林冰火人4无敌版
http://www.4399.com/flash/10393.htm,石头连连看
http://www.4399.com/flash/79068.htm,高楼爆破3无敌版
http://www.4399.com/flash/853.htm,五子连珠
http://www.4399.com/flash/17403.htm,青蛙祖玛
http://www.4399.com/flash/57474.htm,蝴蝶连连看
http://www.4399.com/flash/4781.htm,花花连连看
http://www.4399.com/flash/136516.htm,消灭星星豪华版
http://www.4399.com/flash/54423.htm,4399打豆豆
http://www.4399.com/flash/2231.htm,宠物连连看2.6
http://www.4399.com/flash/63033.htm,森林冰火人双人迷宫
http://www.4399.com/flash/68259.htm,河马饲养员
http://www.4399.com/flash/106202.htm,消灭星星中文版
http://www.4399.com/flash/62002.htm,疯狂过山车2
http://www.4399.com/flash/100125.htm,装载卡车4
http://www.4399.com/flash/131178.htm,帮鸟儿解冻3
http://www.4399.com/flash/106933.htm,坏蛋冰淇淋2无敌版
http://www.4399.com/flash/171900.htm,装载卡车5
http://www.4399.com/flash/147327.htm,亚当找夏娃3
http://www.4399.com/flash/10919.htm,宠物连连看3.0版
http://www.4399.com/flash/71760.htm,小婴儿逃出系列3
http://www.4399.com/flash/156918.htm,坏小孩回家4
http://www.4399.com/flash/37529.htm,小火车过隧道无敌版
http://www.4399.com/flash/50350.htm,唤醒嗜睡的小人
http://www.4399.com/flash/41285.htm,朵拉的迷你高尔夫
http://www.4399.com/flash/130836.htm,消你妹
http://www.4399.com/flash/128302.htm,消灭星星3电脑版
http://www.4399.com/flash/103266.htm,炮兵突击
http://www.4399.com/flash/96689.htm,愤怒的小鸟太空版HD
http://www.4399.com/flash/57317.htm,激光炮轰小怪2
http://www.4399.com/flash/4782.htm,汽车标志连连看
http://www.4399.com/flash/89614.htm,托马斯过河
http://www.4399.com/flash/88882.htm,海绵宝宝3D大富翁2
http://www.4399.com/flash/138881.htm,激光炮轰小怪3加强版
http://www.4399.com/flash/21223.htm,小球进洞
http://www.4399.com/flash/89107.htm,黑太狼吃羊2
http://www.4399.com/flash/152489.htm,史上最贱小游戏之体育
http://www.4399.com/flash/80211.htm,中国熊猫2无敌版
http://www.4399.com/flash/92102.htm,连连看3.1原版
http://www.4399.com/flash/76887.htm,宠物连连看可爱版
http://www.4399.com/flash/66922.htm,亚当找夏娃中文版
http://www.4399.com/flash/65959.htm,高楼爆破无敌版
http://www.4399.com/flash/34726.htm,4399水果连连看
http://www.4399.com/flash/47634.htm,让子弹飞
http://www.4399.com/flash/122189.htm,史上最贱小游戏3
http://www.4399.com/flash/184591.htm,捣蛋猪HD8.0
http://www.4399.com/flash/50306.htm,奇妙水世界
http://www.4399.com/flash/143168.htm,手纸没有了
http://www.4399.com/flash/79452.htm,森林冰火人3
http://www.4399.com/flash/73311.htm,破蛋专家
http://www.4399.com/flash/92953.htm,逗小猴开心7
http://www.4399.com/flash/132546.htm,亚当找夏娃2
http://www.4399.com/flash/80972.htm,宠物连连看经典版2
http://www.4399.com/flash/138976.htm,盗金父子
http://www.4399.com/flash/69774.htm,高楼爆破2无敌版
http://www.4399.com/flash/42075.htm,光头小子找出口
http://www.4399.com/flash/86544.htm,鸡蛋大逃亡2
http://www.4399.com/flash/30543.htm,小婴儿逃出系列1
http://www.4399.com/flash/63828.htm,红球与绿球
http://www.4399.com/flash/106849.htm,坏蛋冰淇淋2
http://www.4399.com/flash/41483.htm,装载卡车
http://www.4399.com/flash/16395.htm,小婴儿逃出系列2
http://www.4399.com/flash/158011.htm,小汽车的英雄梦
http://www.4399.com/flash/73122.htm,装载卡车3
http://www.4399.com/flash/102581.htm,帮鸟儿解冻
http://www.4399.com/flash/33249.htm,帮小狗取手绢
http://www.4399.com/flash/9840.htm,在线弹钢琴
http://www.4399.com/flash/78828.htm,益智乐高2中文版
http://www.4399.com/flash/35965.htm,直升机打气球
http://www.4399.com/flash/92108.htm,连连看原版
http://www.4399.com/flash/97275.htm,3D旋转麻将连连看
http://www.4399.com/flash/46428.htm,空姐阿Sue
http://www.4399.com/flash/24571.htm,宠物连连看3.1无敌版
http://www.4399.com/flash/8670.htm,宠物连连看特别版
http://www.4399.com/flash/50909.htm,植物战僵尸3D连连看
http://www.4399.com/flash/27265.htm,火柴人逃狱记
http://www.4399.com/flash/157666.htm,史上最贱小游戏13
http://www.4399.com/flash/113790.htm,找你妹正式版
http://www.4399.com/flash/123789.htm,恐龙觅食
http://www.4399.com/flash/128952.htm,坏蛋冰淇淋3
http://www.4399.com/flash/48349.htm,爱吃水果的虫子
http://www.4399.com/flash/1244.htm,红孩儿连连看
http://www.4399.com/flash/152162.htm,盗金父子2
http://www.4399.com/flash/8954.htm,阿sue家做客
http://www.4399.com/flash/142569.htm,一把火
http://www.4399.com/flash/91402.htm,保护橙子增强版3
http://www.4399.com/flash/56745.htm,动画师和动画
http://www.4399.com/flash/117146.htm,火柴人智闯飞艇
http://www.4399.com/flash/1287.htm,新麻雀连连看
http://www.4399.com/flash/134715.htm,捣蛋猪HD3.8
http://www.4399.com/flash/62725.htm,蜗牛鲍勃2中文版
http://www.4399.com/flash/123611.htm,小汽车的爱情梦
http://www.4399.com/flash/135633.htm,糖果去哪儿了2
http://www.4399.com/flash/151340.htm,熊猫逃生记之日本
http://www.4399.com/flash/117064.htm,坚果之谜
http://www.4399.com/flash/117145.htm,鱼缸里的世界
http://www.4399.com/flash/117061.htm,吉米换彩票
http://www.4399.com/flash/117054.htm,幼儿园出逃记
http://www.4399.com/flash/117021.htm,兔儿乖乖
http://www.4399.com/flash/117020.htm,彩球回归
http://www.4399.com/flash/117015.htm,斯巴达投火枪
http://www.4399.com/flash/116862.htm,老鼠爱奶酪
http://www.4399.com/flash/116842.htm,魔女的糖果
http://www.4399.com/flash/116823.htm,怪物岛上的红方块3
http://www.4399.com/flash/116824.htm,迷你特攻队
http://www.4399.com/flash/116763.htm,推小怪下悬崖加强版
http://www.4399.com/flash/116779.htm,快乐酷宝小宝出击
http://www.4399.com/flash/116769.htm,螺钉螺帽3
http://www.4399.com/flash/116808.htm,拇指姑娘找茬
http://www.4399.com/flash/116737.htm,红球与绿球2
http://www.4399.com/flash/116677.htm,送蛋回巢2
http://www.4399.com/flash/116575.htm,堆堆看
http://www.4399.com/flash/116451.htm,推推小球
http://www.4399.com/flash/116431.htm,一切为了女友
http://www.4399.com/flash/116424.htm,航天试飞
http://www.4399.com/flash/116411.htm,七黑拂
http://www.4399.com/flash/116308.htm,方块的烦恼加强版
http://www.4399.com/flash/116286.htm,灾难来临时2
http://www.4399.com/flash/116282.htm,你是我的盘中餐
http://www.4399.com/flash/116178.htm,蜗牛袋鼠一家亲
http://www.4399.com/flash/116264.htm,蜗牛鲍勃太空版
http://www.4399.com/flash/116224.htm,成长山脉
http://www.4399.com/flash/116148.htm,古族迷踪
http://www.4399.com/flash/116086.htm,猫夫人
http://www.4399.com/flash/116078.htm,忍者熊猫
http://www.4399.com/flash/116037.htm,小蚂蚁大智慧
http://www.4399.com/flash/115986.htm,为郊游车铺路
http://www.4399.com/flash/115978.htm,机器人争夺盒子
http://www.4399.com/flash/115975.htm,丑陋世界
http://www.4399.com/flash/115905.htm,驱逐邪恶小怪
http://www.4399.com/flash/115922.htm,快乐酷宝消消看
http://www.4399.com/flash/115904.htm,新切割木块
http://www.4399.com/flash/115840.htm,把你扔进垃圾桶
http://www.4399.com/flash/115833.htm,逗小猴开心6新版
http://www.4399.com/flash/115789.htm,星夜骑士
http://www.4399.com/flash/115681.htm,帮鸟儿解冻2
http://www.4399.com/flash/115601.htm,喂食萌小怪
http://www.4399.com/flash/115543.htm,潜水艇寻宝
http://www.4399.com/flash/115534.htm,小猪救爷爷
http://www.4399.com/flash/115531.htm,拯救可爱小鱼
http://www.4399.com/flash/115524.htm,聪明的小海狸加强版
http://www.4399.com/flash/115501.htm,红绿小球回家记加强版2
http://www.4399.com/flash/116149.htm,机器人逃生记
http://www.4399.com/flash/116161.htm,愤怒的机器人
http://www.4399.com/flash/115361.htm,谁是你的天使
http://www.4399.com/flash/115308.htm,矿石探索
http://www.4399.com/flash/115305.htm,猜歌王之杰伦中篇
http://www.4399.com/flash/115293.htm,帮纸小人过关2
http://www.4399.com/flash/115266.htm,大眼瞪小眼
http://www.4399.com/flash/115268.htm,聪明的外星人
http://www.4399.com/flash/1382.htm,宠物连连看2.5版
http://www.4399.com/flash/12669.htm,果蔬连连看
http://www.4399.com/flash/17801.htm,宠物连连看3.1
http://www.4399.com/flash/20660.htm,森林冰火人中文版
http://www.4399.com/flash/93551.htm,小鳄鱼爱洗澡中文版
http://www.4399.com/flash/113377.htm,森林冰火人4无敌版
http://www.4399.com/flash/10393.htm,石头连连看
http://www.4399.com/flash/79068.htm,高楼爆破3无敌版
http://www.4399.com/flash/853.htm,五子连珠
http://www.4399.com/flash/17403.htm,青蛙祖玛
http://www.4399.com/flash/57474.htm,蝴蝶连连看
http://www.4399.com/flash/4781.htm,花花连连看
http://www.4399.com/flash/136516.htm,消灭星星豪华版
http://www.4399.com/flash/54423.htm,4399打豆豆
http://www.4399.com/flash/2231.htm,宠物连连看2.6
http://www.4399.com/flash/63033.htm,森林冰火人双人迷宫
http://www.4399.com/flash/68259.htm,河马饲养员
http://www.4399.com/flash/106202.htm,消灭星星中文版
http://www.4399.com/flash/62002.htm,疯狂过山车2
http://www.4399.com/flash/100125.htm,装载卡车4
http://www.4399.com/flash/131178.htm,帮鸟儿解冻3
http://www.4399.com/flash/106933.htm,坏蛋冰淇淋2无敌版
http://www.4399.com/flash/171900.htm,装载卡车5
http://www.4399.com/flash/147327.htm,亚当找夏娃3
http://www.4399.com/flash/10919.htm,宠物连连看3.0版
http://www.4399.com/flash/71760.htm,小婴儿逃出系列3
http://www.4399.com/flash/156918.htm,坏小孩回家4
http://www.4399.com/flash/37529.htm,小火车过隧道无敌版
http://www.4399.com/flash/50350.htm,唤醒嗜睡的小人
http://www.4399.com/flash/41285.htm,朵拉的迷你高尔夫
http://www.4399.com/flash/130836.htm,消你妹
http://www.4399.com/flash/128302.htm,消灭星星3电脑版
http://www.4399.com/flash/103266.htm,炮兵突击
http://www.4399.com/flash/96689.htm,愤怒的小鸟太空版HD
http://www.4399.com/flash/57317.htm,激光炮轰小怪2
http://www.4399.com/flash/4782.htm,汽车标志连连看
http://www.4399.com/flash/89614.htm,托马斯过河
http://www.4399.com/flash/88882.htm,海绵宝宝3D大富翁2
http://www.4399.com/flash/138881.htm,激光炮轰小怪3加强版
http://www.4399.com/flash/21223.htm,小球进洞
http://www.4399.com/flash/89107.htm,黑太狼吃羊2
http://www.4399.com/flash/152489.htm,史上最贱小游戏之体育
http://www.4399.com/flash/80211.htm,中国熊猫2无敌版
http://www.4399.com/flash/92102.htm,连连看3.1原版
http://www.4399.com/flash/76887.htm,宠物连连看可爱版
http://www.4399.com/flash/66922.htm,亚当找夏娃中文版
http://www.4399.com/flash/65959.htm,高楼爆破无敌版
http://www.4399.com/flash/34726.htm,4399水果连连看
http://www.4399.com/flash/47634.htm,让子弹飞
http://www.4399.com/flash/122189.htm,史上最贱小游戏3
http://www.4399.com/flash/184591.htm,捣蛋猪HD8.0
http://www.4399.com/flash/50306.htm,奇妙水世界
http://www.4399.com/flash/143168.htm,手纸没有了
http://www.4399.com/flash/79452.htm,森林冰火人3
http://www.4399.com/flash/73311.htm,破蛋专家
http://www.4399.com/flash/92953.htm,逗小猴开心7
http://www.4399.com/flash/132546.htm,亚当找夏娃2
http://www.4399.com/flash/80972.htm,宠物连连看经典版2
http://www.4399.com/flash/138976.htm,盗金父子
http://www.4399.com/flash/69774.htm,高楼爆破2无敌版
http://www.4399.com/flash/42075.htm,光头小子找出口
http://www.4399.com/flash/86544.htm,鸡蛋大逃亡2
http://www.4399.com/flash/30543.htm,小婴儿逃出系列1
http://www.4399.com/flash/63828.htm,红球与绿球
http://www.4399.com/flash/106849.htm,坏蛋冰淇淋2
http://www.4399.com/flash/41483.htm,装载卡车
http://www.4399.com/flash/16395.htm,小婴儿逃出系列2
http://www.4399.com/flash/158011.htm,小汽车的英雄梦
http://www.4399.com/flash/73122.htm,装载卡车3
http://www.4399.com/flash/102581.htm,帮鸟儿解冻
http://www.4399.com/flash/33249.htm,帮小狗取手绢
http://www.4399.com/flash/9840.htm,在线弹钢琴
http://www.4399.com/flash/78828.htm,益智乐高2中文版
http://www.4399.com/flash/35965.htm,直升机打气球
http://www.4399.com/flash/92108.htm,连连看原版
http://www.4399.com/flash/97275.htm,3D旋转麻将连连看
http://www.4399.com/flash/46428.htm,空姐阿Sue
http://www.4399.com/flash/24571.htm,宠物连连看3.1无敌版
http://www.4399.com/flash/8670.htm,宠物连连看特别版
http://www.4399.com/flash/50909.htm,植物战僵尸3D连连看
http://www.4399.com/flash/27265.htm,火柴人逃狱记
http://www.4399.com/flash/157666.htm,史上最贱小游戏13
http://www.4399.com/flash/113790.htm,找你妹正式版
http://www.4399.com/flash/123789.htm,恐龙觅食
http://www.4399.com/flash/128952.htm,坏蛋冰淇淋3
http://www.4399.com/flash/48349.htm,爱吃水果的虫子
http://www.4399.com/flash/1244.htm,红孩儿连连看
http://www.4399.com/flash/152162.htm,盗金父子2
http://www.4399.com/flash/8954.htm,阿sue家做客
http://www.4399.com/flash/142569.htm,一把火
http://www.4399.com/flash/91402.htm,保护橙子增强版3
http://www.4399.com/flash/56745.htm,动画师和动画
http://www.4399.com/flash/117146.htm,火柴人智闯飞艇
http://www.4399.com/flash/1287.htm,新麻雀连连看
http://www.4399.com/flash/134715.htm,捣蛋猪HD3.8
http://www.4399.com/flash/62725.htm,蜗牛鲍勃2中文版
http://www.4399.com/flash/123611.htm,小汽车的爱情梦
http://www.4399.com/flash/135633.htm,糖果去哪儿了2
http://www.4399.com/flash/151340.htm,熊猫逃生记之日本
http://www.4399.com/flash/115240.htm,综艺大明星
http://www.4399.com/flash/115137.htm,Q版英雄冒险对对碰
http://www.4399.com/flash/115041.htm,逃离反重力星球
http://www.4399.com/flash/115033.htm,愤怒小鸟找老婆
http://www.4399.com/flash/114995.htm,3D弹弓射小怪
http://www.4399.com/flash/114945.htm,采蘑菇的少年
http://www.4399.com/flash/114976.htm,最大伤害3
http://www.4399.com/flash/114907.htm,保护小球
http://www.4399.com/flash/114904.htm,谁动了奶酪
http://www.4399.com/flash/114900.htm,加油！雅安
http://www.4399.com/flash/114879.htm,羊村的末日
http://www.4399.com/flash/114873.htm,炫彩宝石
http://www.4399.com/flash/114840.htm,消灭方块魔怪加强版2
http://www.4399.com/flash/114797.htm,海盗宝藏之谜
http://www.4399.com/flash/114757.htm,打倒小丑
http://www.4399.com/flash/114756.htm,宝石回箱加强版
http://www.4399.com/flash/114713.htm,莫西糖果怪物
http://www.4399.com/flash/114532.htm,小熊数字奇遇记
http://www.4399.com/flash/114628.htm,坚果小牙医
http://www.4399.com/flash/114524.htm,物理方块球加强版
http://www.4399.com/flash/114502.htm,火箭冲天
http://www.4399.com/flash/114456.htm,小怪物包装工加强版
http://www.4399.com/flash/114455.htm,我是守财奴
http://www.4399.com/flash/114393.htm,冰冻侠射火球
http://www.4399.com/flash/114378.htm,小恐龙吃火腿
http://www.4399.com/flash/114376.htm,规划水资源3加强版
http://www.4399.com/flash/114367.htm,糖果小毛怪
http://www.4399.com/flash/114361.htm,方块的归宿
http://www.4399.com/flash/114354.htm,魔法大炮
http://www.4399.com/flash/114345.htm,聪明的幸存者
http://www.4399.com/flash/114254.htm,小公主卧室找玩具
http://www.4399.com/flash/114210.htm,炸彩块喂鲨鱼FB加强版2
http://www.4399.com/flash/114200.htm,激光挖掘
http://www.4399.com/flash/114196.htm,聪明的艾米丽
http://www.4399.com/flash/114191.htm,另一半自己2
http://www.4399.com/flash/114185.htm,野蛮停车2
http://www.4399.com/flash/114184.htm,踢爆裁判2加强版
http://www.4399.com/flash/114081.htm,植物大战僵尸拼图
http://www.4399.com/flash/114163.htm,劫后余生
http://www.4399.com/flash/114155.htm,盒子魔方
http://www.4399.com/flash/114149.htm,万能阿曼找数字
http://www.4399.com/flash/114145.htm,航航小火车选关版
http://www.4399.com/flash/114127.htm,金字塔未解之谜
http://www.4399.com/flash/114121.htm,罗马之石
http://www.4399.com/flash/114922.htm,魔法气泡大决战
http://www.4399.com/flash/113902.htm,将木板划开
http://www.4399.com/flash/113897.htm,胖豚鼠吃糖加强版2
http://www.4399.com/flash/113790.htm,找你妹正式版
http://www.4399.com/flash/113760.htm,测眼力
http://www.4399.com/flash/113741.htm,怪物吃货美食梦
http://www.4399.com/flash/113737.htm,火车指挥员
http://www.4399.com/flash/113637.htm,礼物快进盒子来
http://www.4399.com/flash/113608.htm,高楼爆破加强版
http://www.4399.com/flash/113593.htm,小鸡爱自由
http://www.4399.com/flash/113578.htm,聪明的兔子
http://www.4399.com/flash/113590.htm,笑脸大碰撞
http://www.4399.com/flash/1382.htm,宠物连连看2.5版
http://www.4399.com/flash/12669.htm,果蔬连连看
http://www.4399.com/flash/17801.htm,宠物连连看3.1
http://www.4399.com/flash/20660.htm,森林冰火人中文版
http://www.4399.com/flash/93551.htm,小鳄鱼爱洗澡中文版
http://www.4399.com/flash/113377.htm,森林冰火人4无敌版
http://www.4399.com/flash/10393.htm,石头连连看
http://www.4399.com/flash/79068.htm,高楼爆破3无敌版
http://www.4399.com/flash/853.htm,五子连珠
http://www.4399.com/flash/17403.htm,青蛙祖玛
http://www.4399.com/flash/57474.htm,蝴蝶连连看
http://www.4399.com/flash/4781.htm,花花连连看
http://www.4399.com/flash/136516.htm,消灭星星豪华版
http://www.4399.com/flash/54423.htm,4399打豆豆
http://www.4399.com/flash/2231.htm,宠物连连看2.6
http://www.4399.com/flash/63033.htm,森林冰火人双人迷宫
http://www.4399.com/flash/68259.htm,河马饲养员
http://www.4399.com/flash/106202.htm,消灭星星中文版
http://www.4399.com/flash/62002.htm,疯狂过山车2
http://www.4399.com/flash/100125.htm,装载卡车4
http://www.4399.com/flash/131178.htm,帮鸟儿解冻3
http://www.4399.com/flash/106933.htm,坏蛋冰淇淋2无敌版
http://www.4399.com/flash/171900.htm,装载卡车5
http://www.4399.com/flash/147327.htm,亚当找夏娃3
http://www.4399.com/flash/10919.htm,宠物连连看3.0版
http://www.4399.com/flash/71760.htm,小婴儿逃出系列3
http://www.4399.com/flash/156918.htm,坏小孩回家4
http://www.4399.com/flash/37529.htm,小火车过隧道无敌版
http://www.4399.com/flash/50350.htm,唤醒嗜睡的小人
http://www.4399.com/flash/41285.htm,朵拉的迷你高尔夫
http://www.4399.com/flash/130836.htm,消你妹
http://www.4399.com/flash/128302.htm,消灭星星3电脑版
http://www.4399.com/flash/103266.htm,炮兵突击
http://www.4399.com/flash/96689.htm,愤怒的小鸟太空版HD
http://www.4399.com/flash/57317.htm,激光炮轰小怪2
http://www.4399.com/flash/4782.htm,汽车标志连连看
http://www.4399.com/flash/89614.htm,托马斯过河
http://www.4399.com/flash/88882.htm,海绵宝宝3D大富翁2
http://www.4399.com/flash/138881.htm,激光炮轰小怪3加强版
http://www.4399.com/flash/21223.htm,小球进洞
http://www.4399.com/flash/89107.htm,黑太狼吃羊2
http://www.4399.com/flash/152489.htm,史上最贱小游戏之体育
http://www.4399.com/flash/80211.htm,中国熊猫2无敌版
http://www.4399.com/flash/92102.htm,连连看3.1原版
http://www.4399.com/flash/76887.htm,宠物连连看可爱版
http://www.4399.com/flash/66922.htm,亚当找夏娃中文版
http://www.4399.com/flash/65959.htm,高楼爆破无敌版
http://www.4399.com/flash/34726.htm,4399水果连连看
http://www.4399.com/flash/47634.htm,让子弹飞
http://www.4399.com/flash/122189.htm,史上最贱小游戏3
http://www.4399.com/flash/184591.htm,捣蛋猪HD8.0
http://www.4399.com/flash/50306.htm,奇妙水世界
http://www.4399.com/flash/143168.htm,手纸没有了
http://www.4399.com/flash/79452.htm,森林冰火人3
http://www.4399.com/flash/73311.htm,破蛋专家
http://www.4399.com/flash/92953.htm,逗小猴开心7
http://www.4399.com/flash/132546.htm,亚当找夏娃2
http://www.4399.com/flash/80972.htm,宠物连连看经典版2
http://www.4399.com/flash/138976.htm,盗金父子
http://www.4399.com/flash/69774.htm,高楼爆破2无敌版
http://www.4399.com/flash/42075.htm,光头小子找出口
http://www.4399.com/flash/86544.htm,鸡蛋大逃亡2
http://www.4399.com/flash/30543.htm,小婴儿逃出系列1
http://www.4399.com/flash/63828.htm,红球与绿球
http://www.4399.com/flash/106849.htm,坏蛋冰淇淋2
http://www.4399.com/flash/41483.htm,装载卡车
http://www.4399.com/flash/16395.htm,小婴儿逃出系列2
http://www.4399.com/flash/158011.htm,小汽车的英雄梦
http://www.4399.com/flash/73122.htm,装载卡车3
http://www.4399.com/flash/102581.htm,帮鸟儿解冻
http://www.4399.com/flash/33249.htm,帮小狗取手绢
http://www.4399.com/flash/9840.htm,在线弹钢琴
http://www.4399.com/flash/78828.htm,益智乐高2中文版
http://www.4399.com/flash/35965.htm,直升机打气球
http://www.4399.com/flash/92108.htm,连连看原版
http://www.4399.com/flash/97275.htm,3D旋转麻将连连看
http://www.4399.com/flash/46428.htm,空姐阿Sue
http://www.4399.com/flash/24571.htm,宠物连连看3.1无敌版
http://www.4399.com/flash/8670.htm,宠物连连看特别版
http://www.4399.com/flash/50909.htm,植物战僵尸3D连连看
http://www.4399.com/flash/27265.htm,火柴人逃狱记
http://www.4399.com/flash/157666.htm,史上最贱小游戏13
http://www.4399.com/flash/113790.htm,找你妹正式版
http://www.4399.com/flash/123789.htm,恐龙觅食
http://www.4399.com/flash/128952.htm,坏蛋冰淇淋3
http://www.4399.com/flash/48349.htm,爱吃水果的虫子
http://www.4399.com/flash/1244.htm,红孩儿连连看
http://www.4399.com/flash/152162.htm,盗金父子2
http://www.4399.com/flash/8954.htm,阿sue家做客
http://www.4399.com/flash/142569.htm,一把火
http://www.4399.com/flash/91402.htm,保护橙子增强版3
http://www.4399.com/flash/56745.htm,动画师和动画
http://www.4399.com/flash/117146.htm,火柴人智闯飞艇
http://www.4399.com/flash/1287.htm,新麻雀连连看
http://www.4399.com/flash/134715.htm,捣蛋猪HD3.8
http://www.4399.com/flash/62725.htm,蜗牛鲍勃2中文版
http://www.4399.com/flash/123611.htm,小汽车的爱情梦
http://www.4399.com/flash/135633.htm,糖果去哪儿了2
http://www.4399.com/flash/151340.htm,熊猫逃生记之日本
http://www.4399.com/flash/113536.htm,熊猫的悲剧
http://www.4399.com/flash/113491.htm,木板切割
http://www.4399.com/flash/113377.htm,森林冰火人4无敌版
http://www.4399.com/flash/113415.htm,猪猪战饿狼
http://www.4399.com/flash/113406.htm,贪吃的猪头加强版
http://www.4399.com/flash/113342.htm,精灵小砖块
http://www.4399.com/flash/113277.htm,星座记忆
http://www.4399.com/flash/113391.htm,元芳很忙终极挑战
http://www.4399.com/flash/113320.htm,小兔加农炮打彩蛋
http://www.4399.com/flash/113275.htm,动物实验室
http://www.4399.com/flash/113266.htm,小球救兄弟
http://www.4399.com/flash/113225.htm,动物逃亡
http://www.4399.com/flash/113204.htm,小狗狗爱洗澡
http://www.4399.com/flash/113175.htm,急速坠落
http://www.4399.com/flash/113091.htm,吃货爱糖果
http://www.4399.com/flash/113086.htm,叠方块
http://www.4399.com/flash/113024.htm,找你妹
http://www.4399.com/flash/113009.htm,双色青蛙跳跃 
http://www.4399.com/flash/112997.htm,病毒实验室消消看
http://www.4399.com/flash/112929.htm,高速路疑案
http://www.4399.com/flash/112908.htm,小火车上山
http://www.4399.com/flash/112881.htm,木箱碰撞王2
http://www.4399.com/flash/112855.htm,彩兔的行为
http://www.4399.com/flash/112761.htm,贪吃蛇竞技场
http://www.4399.com/flash/112728.htm,聪明的矿工科博
http://www.4399.com/flash/112721.htm,朱迪高跟鞋设计2
http://www.4399.com/flash/112674.htm,乐于助人小恶魔
http://www.4399.com/flash/112536.htm,捕捉城堡幽灵
http://www.4399.com/flash/112596.htm,依旧只有一关
http://www.4399.com/flash/112544.htm,高空落冰
http://www.4399.com/flash/112417.htm,998个关卡
http://www.4399.com/flash/112376.htm,外星小球入侵
http://www.4399.com/flash/112373.htm,寻食的兔子
http://www.4399.com/flash/112152.htm,甜蜜蜜加强版
http://www.4399.com/flash/112142.htm,放大缩小的世界
http://www.4399.com/flash/112134.htm,小章鱼吃水果
http://www.4399.com/flash/112122.htm,红色威胁2
http://www.4399.com/flash/112079.htm,恶魔不准进
http://www.4399.com/flash/111890.htm,熊猫逃生记2
http://www.4399.com/flash/111836.htm,深海潜水冒险
http://www.4399.com/flash/111774.htm,巫婆的小屋
http://www.4399.com/flash/111696.htm,保护凯撒皇帝2加强版
http://www.4399.com/flash/111695.htm,保护汤米2
http://www.4399.com/flash/111663.htm,生肖大师
http://www.4399.com/flash/111617.htm,跃动的鲸鱼
http://www.4399.com/flash/111609.htm,偷吃奶酪的老鼠
http://www.4399.com/flash/111613.htm,果冻接力
http://www.4399.com/flash/111612.htm,蚂蚁快快跑
http://www.4399.com/flash/111611.htm,呆萌骑士
http://www.4399.com/flash/111610.htm,消灭方块魔怪加强版
http://www.4399.com/flash/111526.htm,疯狂的宇宙空间
http://www.4399.com/flash/111516.htm,聪明的维京勇士
http://www.4399.com/flash/111466.htm,雷电彩球
http://www.4399.com/flash/111499.htm,开心农场对对碰
http://www.4399.com/flash/111430.htm,过冬的刺猬
http://www.4399.com/flash/111378.htm,大眼妖怪2
http://www.4399.com/flash/1382.htm,宠物连连看2.5版
http://www.4399.com/flash/12669.htm,果蔬连连看
http://www.4399.com/flash/17801.htm,宠物连连看3.1
http://www.4399.com/flash/20660.htm,森林冰火人中文版
http://www.4399.com/flash/93551.htm,小鳄鱼爱洗澡中文版
http://www.4399.com/flash/113377.htm,森林冰火人4无敌版
http://www.4399.com/flash/10393.htm,石头连连看
http://www.4399.com/flash/79068.htm,高楼爆破3无敌版
http://www.4399.com/flash/853.htm,五子连珠
http://www.4399.com/flash/17403.htm,青蛙祖玛
http://www.4399.com/flash/57474.htm,蝴蝶连连看
http://www.4399.com/flash/4781.htm,花花连连看
http://www.4399.com/flash/136516.htm,消灭星星豪华版
http://www.4399.com/flash/54423.htm,4399打豆豆
http://www.4399.com/flash/2231.htm,宠物连连看2.6
http://www.4399.com/flash/63033.htm,森林冰火人双人迷宫
http://www.4399.com/flash/68259.htm,河马饲养员
http://www.4399.com/flash/106202.htm,消灭星星中文版
http://www.4399.com/flash/62002.htm,疯狂过山车2
http://www.4399.com/flash/100125.htm,装载卡车4
http://www.4399.com/flash/131178.htm,帮鸟儿解冻3
http://www.4399.com/flash/106933.htm,坏蛋冰淇淋2无敌版
http://www.4399.com/flash/171900.htm,装载卡车5
http://www.4399.com/flash/147327.htm,亚当找夏娃3
http://www.4399.com/flash/10919.htm,宠物连连看3.0版
http://www.4399.com/flash/71760.htm,小婴儿逃出系列3
http://www.4399.com/flash/156918.htm,坏小孩回家4
http://www.4399.com/flash/37529.htm,小火车过隧道无敌版
http://www.4399.com/flash/50350.htm,唤醒嗜睡的小人
http://www.4399.com/flash/41285.htm,朵拉的迷你高尔夫
http://www.4399.com/flash/130836.htm,消你妹
http://www.4399.com/flash/128302.htm,消灭星星3电脑版
http://www.4399.com/flash/103266.htm,炮兵突击
http://www.4399.com/flash/96689.htm,愤怒的小鸟太空版HD
http://www.4399.com/flash/57317.htm,激光炮轰小怪2
http://www.4399.com/flash/4782.htm,汽车标志连连看
http://www.4399.com/flash/89614.htm,托马斯过河
http://www.4399.com/flash/88882.htm,海绵宝宝3D大富翁2
http://www.4399.com/flash/138881.htm,激光炮轰小怪3加强版
http://www.4399.com/flash/21223.htm,小球进洞
http://www.4399.com/flash/89107.htm,黑太狼吃羊2
http://www.4399.com/flash/152489.htm,史上最贱小游戏之体育
http://www.4399.com/flash/80211.htm,中国熊猫2无敌版
http://www.4399.com/flash/92102.htm,连连看3.1原版
http://www.4399.com/flash/76887.htm,宠物连连看可爱版
http://www.4399.com/flash/66922.htm,亚当找夏娃中文版
http://www.4399.com/flash/65959.htm,高楼爆破无敌版
http://www.4399.com/flash/34726.htm,4399水果连连看
http://www.4399.com/flash/47634.htm,让子弹飞
http://www.4399.com/flash/122189.htm,史上最贱小游戏3
http://www.4399.com/flash/184591.htm,捣蛋猪HD8.0
http://www.4399.com/flash/50306.htm,奇妙水世界
http://www.4399.com/flash/143168.htm,手纸没有了
http://www.4399.com/flash/79452.htm,森林冰火人3
http://www.4399.com/flash/73311.htm,破蛋专家
http://www.4399.com/flash/92953.htm,逗小猴开心7
http://www.4399.com/flash/132546.htm,亚当找夏娃2
http://www.4399.com/flash/80972.htm,宠物连连看经典版2
http://www.4399.com/flash/138976.htm,盗金父子
http://www.4399.com/flash/69774.htm,高楼爆破2无敌版
http://www.4399.com/flash/42075.htm,光头小子找出口
http://www.4399.com/flash/86544.htm,鸡蛋大逃亡2
http://www.4399.com/flash/30543.htm,小婴儿逃出系列1
http://www.4399.com/flash/63828.htm,红球与绿球
http://www.4399.com/flash/106849.htm,坏蛋冰淇淋2
http://www.4399.com/flash/41483.htm,装载卡车
http://www.4399.com/flash/16395.htm,小婴儿逃出系列2
http://www.4399.com/flash/158011.htm,小汽车的英雄梦
http://www.4399.com/flash/73122.htm,装载卡车3
http://www.4399.com/flash/102581.htm,帮鸟儿解冻
http://www.4399.com/flash/33249.htm,帮小狗取手绢
http://www.4399.com/flash/9840.htm,在线弹钢琴
http://www.4399.com/flash/78828.htm,益智乐高2中文版
http://www.4399.com/flash/35965.htm,直升机打气球
http://www.4399.com/flash/92108.htm,连连看原版
http://www.4399.com/flash/97275.htm,3D旋转麻将连连看
http://www.4399.com/flash/46428.htm,空姐阿Sue
http://www.4399.com/flash/24571.htm,宠物连连看3.1无敌版
http://www.4399.com/flash/8670.htm,宠物连连看特别版
http://www.4399.com/flash/50909.htm,植物战僵尸3D连连看
http://www.4399.com/flash/27265.htm,火柴人逃狱记
http://www.4399.com/flash/157666.htm,史上最贱小游戏13
http://www.4399.com/flash/113790.htm,找你妹正式版
http://www.4399.com/flash/123789.htm,恐龙觅食
http://www.4399.com/flash/128952.htm,坏蛋冰淇淋3
http://www.4399.com/flash/48349.htm,爱吃水果的虫子
http://www.4399.com/flash/1244.htm,红孩儿连连看
http://www.4399.com/flash/152162.htm,盗金父子2
http://www.4399.com/flash/8954.htm,阿sue家做客
http://www.4399.com/flash/142569.htm,一把火
http://www.4399.com/flash/91402.htm,保护橙子增强版3
http://www.4399.com/flash/56745.htm,动画师和动画
http://www.4399.com/flash/117146.htm,火柴人智闯飞艇
http://www.4399.com/flash/1287.htm,新麻雀连连看
http://www.4399.com/flash/134715.htm,捣蛋猪HD3.8
http://www.4399.com/flash/62725.htm,蜗牛鲍勃2中文版
http://www.4399.com/flash/123611.htm,小汽车的爱情梦
http://www.4399.com/flash/135633.htm,糖果去哪儿了2
http://www.4399.com/flash/151340.htm,熊猫逃生记之日本
http://www.4399.com/flash/111291.htm,兔子加农炮
http://www.4399.com/flash/111298.htm,火箭救绵羊
http://www.4399.com/flash/111203.htm,益智水族箱3
http://www.4399.com/flash/111238.htm,鸡蛋回巢
http://www.4399.com/flash/111210.htm,炸彩块喂鲨鱼FB加强版
http://www.4399.com/flash/111209.htm,重力橙子2加强版
http://www.4399.com/flash/111192.htm,小胖鱼爱洗澡加强版
http://www.4399.com/flash/111161.htm,方块女孩
http://www.4399.com/flash/111140.htm,西游降魔篇找茬2
http://www.4399.com/flash/111009.htm,红绿小球回家记加强版
http://www.4399.com/flash/110961.htm,便利店的梦想
http://www.4399.com/flash/110942.htm,熊猫落地
http://www.4399.com/flash/110922.htm,愤怒的太空小鸟选关版
http://www.4399.com/flash/110909.htm,我的野蛮上司
http://www.4399.com/flash/110897.htm,开枪射牛仔2
http://www.4399.com/flash/110793.htm,喷漆小天才
http://www.4399.com/flash/110872.htm,梦精灵找规律
http://www.4399.com/flash/110704.htm,聪明的小海狸
http://www.4399.com/flash/110740.htm,海盗乔利寻宝
http://www.4399.com/flash/110734.htm,肥鸡找乐子
http://www.4399.com/flash/110730.htm,找到伴侣
http://www.4399.com/flash/110616.htm,生命的进化
http://www.4399.com/flash/110509.htm,朱迪的咖啡店
http://www.4399.com/flash/110402.htm,齿轮工厂
http://www.4399.com/flash/110284.htm,走失的动物
http://www.4399.com/flash/110281.htm,情人节浪漫约会
http://www.4399.com/flash/110276.htm,翻转彩云
http://www.4399.com/flash/110177.htm,新年数学积木
http://www.4399.com/flash/110148.htm,钢铁侠碎片重铸
http://www.4399.com/flash/110212.htm,炸飞方块小怪
http://www.4399.com/flash/110211.htm,TNT炸僵尸加强版
http://www.4399.com/flash/110122.htm,魔法胡萝卜
http://www.4399.com/flash/110133.htm,冲出下水道
http://www.4399.com/flash/110125.htm,日夜交替2
http://www.4399.com/flash/110046.htm,小火车通行
http://www.4399.com/flash/109938.htm,找字大赛
http://www.4399.com/flash/109928.htm,被诅咒的公主
http://www.4399.com/flash/109838.htm,UFO星际连线
http://www.4399.com/flash/109841.htm,托尼勇闯迷城
http://www.4399.com/flash/109814.htm,仙人球找爱
http://www.4399.com/flash/109813.htm,光球涌动
http://www.4399.com/flash/109754.htm,新年点鞭炮
http://www.4399.com/flash/109741.htm,小怪穿越指南
http://www.4399.com/flash/109683.htm,judy连连看
http://www.4399.com/flash/109643.htm,炸毁阴暗城堡
http://www.4399.com/flash/109633.htm,纸上滚球
http://www.4399.com/flash/109689.htm,judy的小花店
http://www.4399.com/flash/109627.htm,平等分割图形2
http://www.4399.com/flash/109625.htm,埃及图腾球
http://www.4399.com/flash/109556.htm,组装托马斯小火车2
http://www.4399.com/flash/109552.htm,打包礼物盒
http://www.4399.com/flash/109521.htm,糖果星人
http://www.4399.com/flash/109458.htm,积木爆破
http://www.4399.com/flash/109486.htm,颜色光线枪
http://www.4399.com/flash/109427.htm,超级小英雄
http://www.4399.com/flash/109385.htm,平等切割
http://www.4399.com/flash/1382.htm,宠物连连看2.5版
http://www.4399.com/flash/12669.htm,果蔬连连看
http://www.4399.com/flash/17801.htm,宠物连连看3.1
http://www.4399.com/flash/20660.htm,森林冰火人中文版
http://www.4399.com/flash/93551.htm,小鳄鱼爱洗澡中文版
http://www.4399.com/flash/113377.htm,森林冰火人4无敌版
http://www.4399.com/flash/10393.htm,石头连连看
http://www.4399.com/flash/79068.htm,高楼爆破3无敌版
http://www.4399.com/flash/853.htm,五子连珠
http://www.4399.com/flash/17403.htm,青蛙祖玛
http://www.4399.com/flash/57474.htm,蝴蝶连连看
http://www.4399.com/flash/4781.htm,花花连连看
http://www.4399.com/flash/136516.htm,消灭星星豪华版
http://www.4399.com/flash/54423.htm,4399打豆豆
http://www.4399.com/flash/2231.htm,宠物连连看2.6
http://www.4399.com/flash/63033.htm,森林冰火人双人迷宫
http://www.4399.com/flash/68259.htm,河马饲养员
http://www.4399.com/flash/106202.htm,消灭星星中文版
http://www.4399.com/flash/62002.htm,疯狂过山车2
http://www.4399.com/flash/100125.htm,装载卡车4
http://www.4399.com/flash/131178.htm,帮鸟儿解冻3
http://www.4399.com/flash/106933.htm,坏蛋冰淇淋2无敌版
http://www.4399.com/flash/171900.htm,装载卡车5
http://www.4399.com/flash/147327.htm,亚当找夏娃3
http://www.4399.com/flash/10919.htm,宠物连连看3.0版
http://www.4399.com/flash/71760.htm,小婴儿逃出系列3
http://www.4399.com/flash/156918.htm,坏小孩回家4
http://www.4399.com/flash/37529.htm,小火车过隧道无敌版
http://www.4399.com/flash/50350.htm,唤醒嗜睡的小人
http://www.4399.com/flash/41285.htm,朵拉的迷你高尔夫
http://www.4399.com/flash/130836.htm,消你妹
http://www.4399.com/flash/128302.htm,消灭星星3电脑版
http://www.4399.com/flash/103266.htm,炮兵突击
http://www.4399.com/flash/96689.htm,愤怒的小鸟太空版HD
http://www.4399.com/flash/57317.htm,激光炮轰小怪2
http://www.4399.com/flash/4782.htm,汽车标志连连看
http://www.4399.com/flash/89614.htm,托马斯过河
http://www.4399.com/flash/88882.htm,海绵宝宝3D大富翁2
http://www.4399.com/flash/138881.htm,激光炮轰小怪3加强版
http://www.4399.com/flash/21223.htm,小球进洞
http://www.4399.com/flash/89107.htm,黑太狼吃羊2
http://www.4399.com/flash/152489.htm,史上最贱小游戏之体育
http://www.4399.com/flash/80211.htm,中国熊猫2无敌版
http://www.4399.com/flash/92102.htm,连连看3.1原版
http://www.4399.com/flash/76887.htm,宠物连连看可爱版
http://www.4399.com/flash/66922.htm,亚当找夏娃中文版
http://www.4399.com/flash/65959.htm,高楼爆破无敌版
http://www.4399.com/flash/34726.htm,4399水果连连看
http://www.4399.com/flash/47634.htm,让子弹飞
http://www.4399.com/flash/122189.htm,史上最贱小游戏3
http://www.4399.com/flash/184591.htm,捣蛋猪HD8.0
http://www.4399.com/flash/50306.htm,奇妙水世界
http://www.4399.com/flash/143168.htm,手纸没有了
http://www.4399.com/flash/79452.htm,森林冰火人3
http://www.4399.com/flash/73311.htm,破蛋专家
http://www.4399.com/flash/92953.htm,逗小猴开心7
http://www.4399.com/flash/132546.htm,亚当找夏娃2
http://www.4399.com/flash/80972.htm,宠物连连看经典版2
http://www.4399.com/flash/138976.htm,盗金父子
http://www.4399.com/flash/69774.htm,高楼爆破2无敌版
http://www.4399.com/flash/42075.htm,光头小子找出口
http://www.4399.com/flash/86544.htm,鸡蛋大逃亡2
http://www.4399.com/flash/30543.htm,小婴儿逃出系列1
http://www.4399.com/flash/63828.htm,红球与绿球
http://www.4399.com/flash/106849.htm,坏蛋冰淇淋2
http://www.4399.com/flash/41483.htm,装载卡车
http://www.4399.com/flash/16395.htm,小婴儿逃出系列2
http://www.4399.com/flash/158011.htm,小汽车的英雄梦
http://www.4399.com/flash/73122.htm,装载卡车3
http://www.4399.com/flash/102581.htm,帮鸟儿解冻
http://www.4399.com/flash/33249.htm,帮小狗取手绢
http://www.4399.com/flash/9840.htm,在线弹钢琴
http://www.4399.com/flash/78828.htm,益智乐高2中文版
http://www.4399.com/flash/35965.htm,直升机打气球
http://www.4399.com/flash/92108.htm,连连看原版
http://www.4399.com/flash/97275.htm,3D旋转麻将连连看
http://www.4399.com/flash/46428.htm,空姐阿Sue
http://www.4399.com/flash/24571.htm,宠物连连看3.1无敌版
http://www.4399.com/flash/8670.htm,宠物连连看特别版
http://www.4399.com/flash/50909.htm,植物战僵尸3D连连看
http://www.4399.com/flash/27265.htm,火柴人逃狱记
http://www.4399.com/flash/157666.htm,史上最贱小游戏13
http://www.4399.com/flash/113790.htm,找你妹正式版
http://www.4399.com/flash/123789.htm,恐龙觅食
http://www.4399.com/flash/128952.htm,坏蛋冰淇淋3
http://www.4399.com/flash/48349.htm,爱吃水果的虫子
http://www.4399.com/flash/1244.htm,红孩儿连连看
http://www.4399.com/flash/152162.htm,盗金父子2
http://www.4399.com/flash/8954.htm,阿sue家做客
http://www.4399.com/flash/142569.htm,一把火
http://www.4399.com/flash/91402.htm,保护橙子增强版3
http://www.4399.com/flash/56745.htm,动画师和动画
http://www.4399.com/flash/117146.htm,火柴人智闯飞艇
http://www.4399.com/flash/1287.htm,新麻雀连连看
http://www.4399.com/flash/134715.htm,捣蛋猪HD3.8
http://www.4399.com/flash/62725.htm,蜗牛鲍勃2中文版
http://www.4399.com/flash/123611.htm,小汽车的爱情梦
http://www.4399.com/flash/135633.htm,糖果去哪儿了2
http://www.4399.com/flash/151340.htm,熊猫逃生记之日本
http://www.4399.com/flash/109413.htm,壁虎寻食
http://www.4399.com/flash/109275.htm,魔法之旅
http://www.4399.com/flash/109270.htm,辣椒炸弹
http://www.4399.com/flash/109209.htm,机器人基地逃生
http://www.4399.com/flash/109163.htm,小人偶丢脑袋
http://www.4399.com/flash/109148.htm,太空宇航员
http://www.4399.com/flash/109138.htm,演示逻辑2加强版
http://www.4399.com/flash/109024.htm,修路工人
http://www.4399.com/flash/109084.htm,换位移形
http://www.4399.com/flash/109047.htm,逃离水箱
http://www.4399.com/flash/109043.htm,梦精灵十二生肖
http://www.4399.com/flash/109022.htm,画线逃生
http://www.4399.com/flash/108992.htm,逃离绿色星球
http://www.4399.com/flash/108964.htm,勤劳的蜜蜂种花
http://www.4399.com/flash/108933.htm,宝石大盗
http://www.4399.com/flash/108971.htm,弹射咖啡豆
http://www.4399.com/flash/108883.htm,快乐小山丘
http://www.4399.com/flash/108872.htm,找你妹小新版
http://www.4399.com/flash/108857.htm,蓝怪物的眼球
http://www.4399.com/flash/108806.htm,坦克轰炸
http://www.4399.com/flash/108772.htm,送蛋回巢
http://www.4399.com/flash/108689.htm,苹果丰收
http://www.4399.com/flash/108645.htm,形状糖果匹配
http://www.4399.com/flash/108512.htm,章鱼哥回家2
http://www.4399.com/flash/108510.htm,小猫环游欧洲
http://www.4399.com/flash/108483.htm,企鹅的反击
http://www.4399.com/flash/108376.htm,魔法师救援行动
http://www.4399.com/flash/108394.htm,打飞鸟收集黄金
http://www.4399.com/flash/108393.htm,精确打击2
http://www.4399.com/flash/106850.htm,捣蛋猪2
http://www.4399.com/flash/108279.htm,楚汉传奇考眼力
http://www.4399.com/flash/108191.htm,聪明的特工狗狗
http://www.4399.com/flash/108101.htm,炸弹世界
http://www.4399.com/flash/108010.htm,双色糖果人
http://www.4399.com/flash/108008.htm,大眼鸟寻爱心
http://www.4399.com/flash/108006.htm,天使与炼狱
http://www.4399.com/flash/108004.htm,西部小火车2
http://www.4399.com/flash/107944.htm,变大的小图形
http://www.4399.com/flash/107928.htm,搭桥修路
http://www.4399.com/flash/107926.htm,史上最贱小游戏2
http://www.4399.com/flash/107921.htm,灭火小英雄
http://www.4399.com/flash/107823.htm,聪明的大眼虫
http://www.4399.com/flash/107743.htm,填平坎坷的道路
http://www.4399.com/flash/107702.htm,桥梁建造师
http://www.4399.com/flash/107710.htm,爵士与美食
http://www.4399.com/flash/107654.htm,新版小狸猫智慧石块
http://www.4399.com/flash/107617.htm,航航小火车
http://www.4399.com/flash/107296.htm,镜子精灵
http://www.4399.com/flash/107224.htm,电极反应
http://www.4399.com/flash/107231.htm,蓝绿小怪来闯关3
http://www.4399.com/flash/107033.htm,聪明的猕猴桃
http://www.4399.com/flash/107058.htm,外星人毁灭地球
http://www.4399.com/flash/106983.htm,愤怒小鸟平衡落地
http://www.4399.com/flash/106908.htm,弹珠罐
http://www.4399.com/flash/106938.htm,茸茸连起来
http://www.4399.com/flash/106852.htm,愤怒的小鸟星空版2
http://www.4399.com/flash/1382.htm,宠物连连看2.5版
http://www.4399.com/flash/12669.htm,果蔬连连看
http://www.4399.com/flash/17801.htm,宠物连连看3.1
http://www.4399.com/flash/20660.htm,森林冰火人中文版
http://www.4399.com/flash/93551.htm,小鳄鱼爱洗澡中文版
http://www.4399.com/flash/113377.htm,森林冰火人4无敌版
http://www.4399.com/flash/10393.htm,石头连连看
http://www.4399.com/flash/79068.htm,高楼爆破3无敌版
http://www.4399.com/flash/853.htm,五子连珠
http://www.4399.com/flash/17403.htm,青蛙祖玛
http://www.4399.com/flash/57474.htm,蝴蝶连连看
http://www.4399.com/flash/4781.htm,花花连连看
http://www.4399.com/flash/136516.htm,消灭星星豪华版
http://www.4399.com/flash/54423.htm,4399打豆豆
http://www.4399.com/flash/2231.htm,宠物连连看2.6
http://www.4399.com/flash/63033.htm,森林冰火人双人迷宫
http://www.4399.com/flash/68259.htm,河马饲养员
http://www.4399.com/flash/106202.htm,消灭星星中文版
http://www.4399.com/flash/62002.htm,疯狂过山车2
http://www.4399.com/flash/100125.htm,装载卡车4
http://www.4399.com/flash/131178.htm,帮鸟儿解冻3
http://www.4399.com/flash/106933.htm,坏蛋冰淇淋2无敌版
http://www.4399.com/flash/171900.htm,装载卡车5
http://www.4399.com/flash/147327.htm,亚当找夏娃3
http://www.4399.com/flash/10919.htm,宠物连连看3.0版
http://www.4399.com/flash/71760.htm,小婴儿逃出系列3
http://www.4399.com/flash/156918.htm,坏小孩回家4
http://www.4399.com/flash/37529.htm,小火车过隧道无敌版
http://www.4399.com/flash/50350.htm,唤醒嗜睡的小人
http://www.4399.com/flash/41285.htm,朵拉的迷你高尔夫
http://www.4399.com/flash/130836.htm,消你妹
http://www.4399.com/flash/128302.htm,消灭星星3电脑版
http://www.4399.com/flash/103266.htm,炮兵突击
http://www.4399.com/flash/96689.htm,愤怒的小鸟太空版HD
http://www.4399.com/flash/57317.htm,激光炮轰小怪2
http://www.4399.com/flash/4782.htm,汽车标志连连看
http://www.4399.com/flash/89614.htm,托马斯过河
http://www.4399.com/flash/88882.htm,海绵宝宝3D大富翁2
http://www.4399.com/flash/138881.htm,激光炮轰小怪3加强版
http://www.4399.com/flash/21223.htm,小球进洞
http://www.4399.com/flash/89107.htm,黑太狼吃羊2
http://www.4399.com/flash/152489.htm,史上最贱小游戏之体育
http://www.4399.com/flash/80211.htm,中国熊猫2无敌版
http://www.4399.com/flash/92102.htm,连连看3.1原版
http://www.4399.com/flash/76887.htm,宠物连连看可爱版
http://www.4399.com/flash/66922.htm,亚当找夏娃中文版
http://www.4399.com/flash/65959.htm,高楼爆破无敌版
http://www.4399.com/flash/34726.htm,4399水果连连看
http://www.4399.com/flash/47634.htm,让子弹飞
http://www.4399.com/flash/122189.htm,史上最贱小游戏3
http://www.4399.com/flash/184591.htm,捣蛋猪HD8.0
http://www.4399.com/flash/50306.htm,奇妙水世界
http://www.4399.com/flash/143168.htm,手纸没有了
http://www.4399.com/flash/79452.htm,森林冰火人3
http://www.4399.com/flash/73311.htm,破蛋专家
http://www.4399.com/flash/92953.htm,逗小猴开心7
http://www.4399.com/flash/132546.htm,亚当找夏娃2
http://www.4399.com/flash/80972.htm,宠物连连看经典版2
http://www.4399.com/flash/138976.htm,盗金父子
http://www.4399.com/flash/69774.htm,高楼爆破2无敌版
http://www.4399.com/flash/42075.htm,光头小子找出口
http://www.4399.com/flash/86544.htm,鸡蛋大逃亡2
http://www.4399.com/flash/30543.htm,小婴儿逃出系列1
http://www.4399.com/flash/63828.htm,红球与绿球
http://www.4399.com/flash/106849.htm,坏蛋冰淇淋2
http://www.4399.com/flash/41483.htm,装载卡车
http://www.4399.com/flash/16395.htm,小婴儿逃出系列2
http://www.4399.com/flash/158011.htm,小汽车的英雄梦
http://www.4399.com/flash/73122.htm,装载卡车3
http://www.4399.com/flash/102581.htm,帮鸟儿解冻
http://www.4399.com/flash/33249.htm,帮小狗取手绢
http://www.4399.com/flash/9840.htm,在线弹钢琴
http://www.4399.com/flash/78828.htm,益智乐高2中文版
http://www.4399.com/flash/35965.htm,直升机打气球
http://www.4399.com/flash/92108.htm,连连看原版
http://www.4399.com/flash/97275.htm,3D旋转麻将连连看
http://www.4399.com/flash/46428.htm,空姐阿Sue
http://www.4399.com/flash/24571.htm,宠物连连看3.1无敌版
http://www.4399.com/flash/8670.htm,宠物连连看特别版
http://www.4399.com/flash/50909.htm,植物战僵尸3D连连看
http://www.4399.com/flash/27265.htm,火柴人逃狱记
http://www.4399.com/flash/157666.htm,史上最贱小游戏13
http://www.4399.com/flash/113790.htm,找你妹正式版
http://www.4399.com/flash/123789.htm,恐龙觅食
http://www.4399.com/flash/128952.htm,坏蛋冰淇淋3
http://www.4399.com/flash/48349.htm,爱吃水果的虫子
http://www.4399.com/flash/1244.htm,红孩儿连连看
http://www.4399.com/flash/152162.htm,盗金父子2
http://www.4399.com/flash/8954.htm,阿sue家做客
http://www.4399.com/flash/142569.htm,一把火
http://www.4399.com/flash/91402.htm,保护橙子增强版3
http://www.4399.com/flash/56745.htm,动画师和动画
http://www.4399.com/flash/117146.htm,火柴人智闯飞艇
http://www.4399.com/flash/1287.htm,新麻雀连连看
http://www.4399.com/flash/134715.htm,捣蛋猪HD3.8
http://www.4399.com/flash/62725.htm,蜗牛鲍勃2中文版
http://www.4399.com/flash/123611.htm,小汽车的爱情梦
http://www.4399.com/flash/135633.htm,糖果去哪儿了2
http://www.4399.com/flash/151340.htm,熊猫逃生记之日本
http://www.4399.com/flash/106851.htm,逗小猴开心圣诞版
http://www.4399.com/flash/106810.htm,神级视力表
http://www.4399.com/flash/106793.htm,唤醒盒子5
http://www.4399.com/flash/106734.htm,外星人收集能量石
http://www.4399.com/flash/106706.htm,圣诞老头捡礼物2
http://www.4399.com/flash/106527.htm,圣诞火箭炮2
http://www.4399.com/flash/106518.htm,海盗船出击2
http://www.4399.com/flash/106447.htm,猴子修电梯
http://www.4399.com/flash/106283.htm,投石地精
http://www.4399.com/flash/106278.htm,洪水来了圣诞版
http://www.4399.com/flash/106253.htm,圣诞老人救援行动
http://www.4399.com/flash/106269.htm,皇家粉红色房间逃脱
http://www.4399.com/flash/105905.htm,让子弹飞圣诞篇
http://www.4399.com/flash/106242.htm,惊醒小象圣诞版
http://www.4399.com/flash/106202.htm,消灭星星中文版
http://www.4399.com/flash/106198.htm,派发圣诞礼物
http://www.4399.com/flash/106171.htm,智力爆炸车
http://www.4399.com/flash/106111.htm,大炮英雄
http://www.4399.com/flash/106094.htm,智能机器人
http://www.4399.com/flash/106016.htm,圣诞老人的历险
http://www.4399.com/flash/105929.htm,石球进框
http://www.4399.com/flash/105914.htm,厕所逃脱
http://www.4399.com/flash/105909.htm,蜗牛找壳
http://www.4399.com/flash/109311.htm,青蛙卫士
http://www.4399.com/flash/105843.htm,迷你高尔夫赛
http://www.4399.com/flash/105845.htm,电玩世界的历险
http://www.4399.com/flash/105837.htm,圣诞老人进烟囱3
http://www.4399.com/flash/105813.htm,小黑怪拯救星星
http://www.4399.com/flash/105677.htm,愤怒的小球
http://www.4399.com/flash/105671.htm,泡泡升空记3
http://www.4399.com/flash/105588.htm,送小盒回家加强版
http://www.4399.com/flash/105585.htm,圣诞连连看
http://www.4399.com/flash/105524.htm,大头爸爸
http://www.4399.com/flash/105532.htm,冰封的礼物2
http://www.4399.com/flash/105525.htm,盒子变圣诞树2
http://www.4399.com/flash/105523.htm,红绿小怪回家圣诞版
http://www.4399.com/flash/105522.htm,画线连球
http://www.4399.com/flash/105521.htm,逗小猴开心迷你版3
http://www.4399.com/flash/105427.htm,小汽车的冠军梦
http://www.4399.com/flash/105353.htm,宝石拼图
http://www.4399.com/flash/105323.htm,保护奶牛加强版
http://www.4399.com/flash/105200.htm,航母style视频拼图
http://www.4399.com/flash/105193.htm,小猫钓鱼
http://www.4399.com/flash/105135.htm,方块找出口
http://www.4399.com/flash/105133.htm,炸恶魔下油锅豪华版
http://www.4399.com/flash/105120.htm,挖地怪叔叔
http://www.4399.com/flash/105086.htm,怪物岛上的红方块2
http://www.4399.com/flash/105044.htm,精品宝石消消看2
http://www.4399.com/flash/105090.htm,释放气球
http://www.4399.com/flash/105087.htm,王子爱德华
http://www.4399.com/flash/104985.htm,洋葱妈妈
http://www.4399.com/flash/104986.htm,为了国王4圣诞版
http://www.4399.com/flash/105084.htm,六面体世界
http://www.4399.com/flash/104984.htm,油漆世界
http://www.4399.com/flash/105021.htm,齿轮联动蒸汽车
http://www.4399.com/flash/104889.htm,美味的坚果
http://www.4399.com/flash/1382.htm,宠物连连看2.5版
http://www.4399.com/flash/12669.htm,果蔬连连看
http://www.4399.com/flash/17801.htm,宠物连连看3.1
http://www.4399.com/flash/20660.htm,森林冰火人中文版
http://www.4399.com/flash/93551.htm,小鳄鱼爱洗澡中文版
http://www.4399.com/flash/113377.htm,森林冰火人4无敌版
http://www.4399.com/flash/10393.htm,石头连连看
http://www.4399.com/flash/79068.htm,高楼爆破3无敌版
http://www.4399.com/flash/853.htm,五子连珠
http://www.4399.com/flash/17403.htm,青蛙祖玛
http://www.4399.com/flash/57474.htm,蝴蝶连连看
http://www.4399.com/flash/4781.htm,花花连连看
http://www.4399.com/flash/136516.htm,消灭星星豪华版
http://www.4399.com/flash/54423.htm,4399打豆豆
http://www.4399.com/flash/2231.htm,宠物连连看2.6
http://www.4399.com/flash/63033.htm,森林冰火人双人迷宫
http://www.4399.com/flash/68259.htm,河马饲养员
http://www.4399.com/flash/106202.htm,消灭星星中文版
http://www.4399.com/flash/62002.htm,疯狂过山车2
http://www.4399.com/flash/100125.htm,装载卡车4
http://www.4399.com/flash/131178.htm,帮鸟儿解冻3
http://www.4399.com/flash/106933.htm,坏蛋冰淇淋2无敌版
http://www.4399.com/flash/171900.htm,装载卡车5
http://www.4399.com/flash/147327.htm,亚当找夏娃3
http://www.4399.com/flash/10919.htm,宠物连连看3.0版
http://www.4399.com/flash/71760.htm,小婴儿逃出系列3
http://www.4399.com/flash/156918.htm,坏小孩回家4
http://www.4399.com/flash/37529.htm,小火车过隧道无敌版
http://www.4399.com/flash/50350.htm,唤醒嗜睡的小人
http://www.4399.com/flash/41285.htm,朵拉的迷你高尔夫
http://www.4399.com/flash/130836.htm,消你妹
http://www.4399.com/flash/128302.htm,消灭星星3电脑版
http://www.4399.com/flash/103266.htm,炮兵突击
http://www.4399.com/flash/96689.htm,愤怒的小鸟太空版HD
http://www.4399.com/flash/57317.htm,激光炮轰小怪2
http://www.4399.com/flash/4782.htm,汽车标志连连看
http://www.4399.com/flash/89614.htm,托马斯过河
http://www.4399.com/flash/88882.htm,海绵宝宝3D大富翁2
http://www.4399.com/flash/138881.htm,激光炮轰小怪3加强版
http://www.4399.com/flash/21223.htm,小球进洞
http://www.4399.com/flash/89107.htm,黑太狼吃羊2
http://www.4399.com/flash/152489.htm,史上最贱小游戏之体育
http://www.4399.com/flash/80211.htm,中国熊猫2无敌版
http://www.4399.com/flash/92102.htm,连连看3.1原版
http://www.4399.com/flash/76887.htm,宠物连连看可爱版
http://www.4399.com/flash/66922.htm,亚当找夏娃中文版
http://www.4399.com/flash/65959.htm,高楼爆破无敌版
http://www.4399.com/flash/34726.htm,4399水果连连看
http://www.4399.com/flash/47634.htm,让子弹飞
http://www.4399.com/flash/122189.htm,史上最贱小游戏3
http://www.4399.com/flash/184591.htm,捣蛋猪HD8.0
http://www.4399.com/flash/50306.htm,奇妙水世界
http://www.4399.com/flash/143168.htm,手纸没有了
http://www.4399.com/flash/79452.htm,森林冰火人3
http://www.4399.com/flash/73311.htm,破蛋专家
http://www.4399.com/flash/92953.htm,逗小猴开心7
http://www.4399.com/flash/132546.htm,亚当找夏娃2
http://www.4399.com/flash/80972.htm,宠物连连看经典版2
http://www.4399.com/flash/138976.htm,盗金父子
http://www.4399.com/flash/69774.htm,高楼爆破2无敌版
http://www.4399.com/flash/42075.htm,光头小子找出口
http://www.4399.com/flash/86544.htm,鸡蛋大逃亡2
http://www.4399.com/flash/30543.htm,小婴儿逃出系列1
http://www.4399.com/flash/63828.htm,红球与绿球
http://www.4399.com/flash/106849.htm,坏蛋冰淇淋2
http://www.4399.com/flash/41483.htm,装载卡车
http://www.4399.com/flash/16395.htm,小婴儿逃出系列2
http://www.4399.com/flash/158011.htm,小汽车的英雄梦
http://www.4399.com/flash/73122.htm,装载卡车3
http://www.4399.com/flash/102581.htm,帮鸟儿解冻
http://www.4399.com/flash/33249.htm,帮小狗取手绢
http://www.4399.com/flash/9840.htm,在线弹钢琴
http://www.4399.com/flash/78828.htm,益智乐高2中文版
http://www.4399.com/flash/35965.htm,直升机打气球
http://www.4399.com/flash/92108.htm,连连看原版
http://www.4399.com/flash/97275.htm,3D旋转麻将连连看
http://www.4399.com/flash/46428.htm,空姐阿Sue
http://www.4399.com/flash/24571.htm,宠物连连看3.1无敌版
http://www.4399.com/flash/8670.htm,宠物连连看特别版
http://www.4399.com/flash/50909.htm,植物战僵尸3D连连看
http://www.4399.com/flash/27265.htm,火柴人逃狱记
http://www.4399.com/flash/157666.htm,史上最贱小游戏13
http://www.4399.com/flash/113790.htm,找你妹正式版
http://www.4399.com/flash/123789.htm,恐龙觅食
http://www.4399.com/flash/128952.htm,坏蛋冰淇淋3
http://www.4399.com/flash/48349.htm,爱吃水果的虫子
http://www.4399.com/flash/1244.htm,红孩儿连连看
http://www.4399.com/flash/152162.htm,盗金父子2
http://www.4399.com/flash/8954.htm,阿sue家做客
http://www.4399.com/flash/142569.htm,一把火
http://www.4399.com/flash/91402.htm,保护橙子增强版3
http://www.4399.com/flash/56745.htm,动画师和动画
http://www.4399.com/flash/117146.htm,火柴人智闯飞艇
http://www.4399.com/flash/1287.htm,新麻雀连连看
http://www.4399.com/flash/134715.htm,捣蛋猪HD3.8
http://www.4399.com/flash/62725.htm,蜗牛鲍勃2中文版
http://www.4399.com/flash/123611.htm,小汽车的爱情梦
http://www.4399.com/flash/135633.htm,糖果去哪儿了2
http://www.4399.com/flash/151340.htm,熊猫逃生记之日本
http://www.4399.com/flash/104925.htm,深海麻将连连看
http://www.4399.com/flash/104891.htm,探险家琼斯
http://www.4399.com/flash/104788.htm,改变瀑布流向终极版
http://www.4399.com/flash/104770.htm,保卫圣诞雪人
http://www.4399.com/flash/104730.htm,奇妙的鲸鱼玩偶
http://www.4399.com/flash/104684.htm,南极海盗行动
http://www.4399.com/flash/104682.htm,萤火虫之光
http://www.4399.com/flash/104560.htm,幸运图腾
http://www.4399.com/flash/104516.htm,穿越门
http://www.4399.com/flash/104527.htm,麻辣女兵拼图
http://www.4399.com/flash/104507.htm,贪玩的小绿球
http://www.4399.com/flash/104435.htm,枪迷的秘密
http://www.4399.com/flash/104341.htm,愤怒的水上乐园2
http://www.4399.com/flash/104423.htm,机器人打包玩具
http://www.4399.com/flash/104246.htm,吃汉堡的图形3
http://www.4399.com/flash/104233.htm,踢爆裁判2
http://www.4399.com/flash/104229.htm,木块平衡
http://www.4399.com/flash/104218.htm,万圣节炸南瓜
http://www.4399.com/flash/104120.htm,逃出幽灵房间
http://www.4399.com/flash/104116.htm,迪士尼大家庭找茬
http://www.4399.com/flash/104052.htm,拯救微博之父
http://www.4399.com/flash/104038.htm,幽灵与南瓜
http://www.4399.com/flash/103960.htm,奶牛敢死队丛林战
http://www.4399.com/flash/104011.htm,仲夏梦之夜选关版
http://www.4399.com/flash/103962.htm,沐浴阳光
http://www.4399.com/flash/103961.htm,魔法导火线
http://www.4399.com/flash/103947.htm,3D小球打怪物
http://www.4399.com/flash/103894.htm,太空舱救援
http://www.4399.com/flash/103872.htm,海绵宝宝绑架案
http://www.4399.com/flash/103868.htm,摧毁木偶人2
http://www.4399.com/flash/103863.htm,恐龙也疯狂
http://www.4399.com/flash/103770.htm,仲夏梦之夜
http://www.4399.com/flash/103774.htm,穿越蒸汽工厂
http://www.4399.com/flash/103659.htm,拯救宇航员
http://www.4399.com/flash/103664.htm,迷失的国王
http://www.4399.com/flash/103621.htm,迷失森林逃生
http://www.4399.com/flash/103601.htm,颠倒空间2
http://www.4399.com/flash/103554.htm,多莉羊逃生记
http://www.4399.com/flash/103566.htm,蓝翎鸟回巢
http://www.4399.com/flash/104888.htm,熊猫逃生记
http://www.4399.com/flash/103563.htm,逗小猴开心迷你版2
http://www.4399.com/flash/103543.htm,女孩吃糖
http://www.4399.com/flash/103549.htm,青蛙寻母
http://www.4399.com/flash/103485.htm,球与闪电消消看
http://www.4399.com/flash/103445.htm,小魔仙迷宫
http://www.4399.com/flash/103436.htm,红色空袭
http://www.4399.com/flash/103412.htm,毁灭泡泡
http://www.4399.com/flash/103297.htm,同根同源
http://www.4399.com/flash/103283.htm,可爱小蓝球
http://www.4399.com/flash/103279.htm,粘液落地2
http://www.4399.com/flash/103278.htm,图灵连线
http://www.4399.com/flash/103266.htm,炮兵突击
http://www.4399.com/flash/103212.htm,北极熊的旅行
http://www.4399.com/flash/103180.htm,统治巨人
http://www.4399.com/flash/103187.htm,有趣的蜜蜂
http://www.4399.com/flash/103176.htm,小兔子吃冰淇淋
http://www.4399.com/flash/1382.htm,宠物连连看2.5版
http://www.4399.com/flash/12669.htm,果蔬连连看
http://www.4399.com/flash/17801.htm,宠物连连看3.1
http://www.4399.com/flash/20660.htm,森林冰火人中文版
http://www.4399.com/flash/93551.htm,小鳄鱼爱洗澡中文版
http://www.4399.com/flash/113377.htm,森林冰火人4无敌版
http://www.4399.com/flash/10393.htm,石头连连看
http://www.4399.com/flash/79068.htm,高楼爆破3无敌版
http://www.4399.com/flash/853.htm,五子连珠
http://www.4399.com/flash/17403.htm,青蛙祖玛
http://www.4399.com/flash/57474.htm,蝴蝶连连看
http://www.4399.com/flash/4781.htm,花花连连看
http://www.4399.com/flash/136516.htm,消灭星星豪华版
http://www.4399.com/flash/54423.htm,4399打豆豆
http://www.4399.com/flash/2231.htm,宠物连连看2.6
http://www.4399.com/flash/63033.htm,森林冰火人双人迷宫
http://www.4399.com/flash/68259.htm,河马饲养员
http://www.4399.com/flash/106202.htm,消灭星星中文版
http://www.4399.com/flash/62002.htm,疯狂过山车2
http://www.4399.com/flash/100125.htm,装载卡车4
http://www.4399.com/flash/131178.htm,帮鸟儿解冻3
http://www.4399.com/flash/106933.htm,坏蛋冰淇淋2无敌版
http://www.4399.com/flash/171900.htm,装载卡车5
http://www.4399.com/flash/147327.htm,亚当找夏娃3
http://www.4399.com/flash/10919.htm,宠物连连看3.0版
http://www.4399.com/flash/71760.htm,小婴儿逃出系列3
http://www.4399.com/flash/156918.htm,坏小孩回家4
http://www.4399.com/flash/37529.htm,小火车过隧道无敌版
http://www.4399.com/flash/50350.htm,唤醒嗜睡的小人
http://www.4399.com/flash/41285.htm,朵拉的迷你高尔夫
http://www.4399.com/flash/130836.htm,消你妹
http://www.4399.com/flash/128302.htm,消灭星星3电脑版
http://www.4399.com/flash/103266.htm,炮兵突击
http://www.4399.com/flash/96689.htm,愤怒的小鸟太空版HD
http://www.4399.com/flash/57317.htm,激光炮轰小怪2
http://www.4399.com/flash/4782.htm,汽车标志连连看
http://www.4399.com/flash/89614.htm,托马斯过河
http://www.4399.com/flash/88882.htm,海绵宝宝3D大富翁2
http://www.4399.com/flash/138881.htm,激光炮轰小怪3加强版
http://www.4399.com/flash/21223.htm,小球进洞
http://www.4399.com/flash/89107.htm,黑太狼吃羊2
http://www.4399.com/flash/152489.htm,史上最贱小游戏之体育
http://www.4399.com/flash/80211.htm,中国熊猫2无敌版
http://www.4399.com/flash/92102.htm,连连看3.1原版
http://www.4399.com/flash/76887.htm,宠物连连看可爱版
http://www.4399.com/flash/66922.htm,亚当找夏娃中文版
http://www.4399.com/flash/65959.htm,高楼爆破无敌版
http://www.4399.com/flash/34726.htm,4399水果连连看
http://www.4399.com/flash/47634.htm,让子弹飞
http://www.4399.com/flash/122189.htm,史上最贱小游戏3
http://www.4399.com/flash/184591.htm,捣蛋猪HD8.0
http://www.4399.com/flash/50306.htm,奇妙水世界
http://www.4399.com/flash/143168.htm,手纸没有了
http://www.4399.com/flash/79452.htm,森林冰火人3
http://www.4399.com/flash/73311.htm,破蛋专家
http://www.4399.com/flash/92953.htm,逗小猴开心7
http://www.4399.com/flash/132546.htm,亚当找夏娃2
http://www.4399.com/flash/80972.htm,宠物连连看经典版2
http://www.4399.com/flash/138976.htm,盗金父子
http://www.4399.com/flash/69774.htm,高楼爆破2无敌版
http://www.4399.com/flash/42075.htm,光头小子找出口
http://www.4399.com/flash/86544.htm,鸡蛋大逃亡2
http://www.4399.com/flash/30543.htm,小婴儿逃出系列1
http://www.4399.com/flash/63828.htm,红球与绿球
http://www.4399.com/flash/106849.htm,坏蛋冰淇淋2
http://www.4399.com/flash/41483.htm,装载卡车
http://www.4399.com/flash/16395.htm,小婴儿逃出系列2
http://www.4399.com/flash/158011.htm,小汽车的英雄梦
http://www.4399.com/flash/73122.htm,装载卡车3
http://www.4399.com/flash/102581.htm,帮鸟儿解冻
http://www.4399.com/flash/33249.htm,帮小狗取手绢
http://www.4399.com/flash/9840.htm,在线弹钢琴
http://www.4399.com/flash/78828.htm,益智乐高2中文版
http://www.4399.com/flash/35965.htm,直升机打气球
http://www.4399.com/flash/92108.htm,连连看原版
http://www.4399.com/flash/97275.htm,3D旋转麻将连连看
http://www.4399.com/flash/46428.htm,空姐阿Sue
http://www.4399.com/flash/24571.htm,宠物连连看3.1无敌版
http://www.4399.com/flash/8670.htm,宠物连连看特别版
http://www.4399.com/flash/50909.htm,植物战僵尸3D连连看
http://www.4399.com/flash/27265.htm,火柴人逃狱记
http://www.4399.com/flash/157666.htm,史上最贱小游戏13
http://www.4399.com/flash/113790.htm,找你妹正式版
http://www.4399.com/flash/123789.htm,恐龙觅食
http://www.4399.com/flash/128952.htm,坏蛋冰淇淋3
http://www.4399.com/flash/48349.htm,爱吃水果的虫子
http://www.4399.com/flash/1244.htm,红孩儿连连看
http://www.4399.com/flash/152162.htm,盗金父子2
http://www.4399.com/flash/8954.htm,阿sue家做客
http://www.4399.com/flash/142569.htm,一把火
http://www.4399.com/flash/91402.htm,保护橙子增强版3
http://www.4399.com/flash/56745.htm,动画师和动画
http://www.4399.com/flash/117146.htm,火柴人智闯飞艇
http://www.4399.com/flash/1287.htm,新麻雀连连看
http://www.4399.com/flash/134715.htm,捣蛋猪HD3.8
http://www.4399.com/flash/62725.htm,蜗牛鲍勃2中文版
http://www.4399.com/flash/123611.htm,小汽车的爱情梦
http://www.4399.com/flash/135633.htm,糖果去哪儿了2
http://www.4399.com/flash/151340.htm,熊猫逃生记之日本
http://www.4399.com/flash/103156.htm,怪大叔喂狗
http://www.4399.com/flash/103105.htm,解救小萝莉
http://www.4399.com/flash/103104.htm,释放木偶人加强版
http://www.4399.com/flash/103045.htm,破茧化蝶对对碰
http://www.4399.com/flash/103073.htm,喂小动物吃东西2
http://www.4399.com/flash/103028.htm,铁路指挥官
http://www.4399.com/flash/102987.htm,神秘花园对对碰
http://www.4399.com/flash/102977.htm,宇宙漫游
http://www.4399.com/flash/102962.htm,小猫逃生记
http://www.4399.com/flash/102968.htm,游戏学校
http://www.4399.com/flash/102921.htm,涌动魔法方块
http://www.4399.com/flash/102888.htm,天才教育委员会
http://www.4399.com/flash/102864.htm,松鼠吃松果
http://www.4399.com/flash/102861.htm,高空冰块2.5
http://www.4399.com/flash/102827.htm,大炮念气波
http://www.4399.com/flash/102782.htm,海绵宝宝果冻猫
http://www.4399.com/flash/102724.htm,智力大闯关
http://www.4399.com/flash/102701.htm,切线霓虹球
http://www.4399.com/flash/102714.htm,拯救泡泡鱼
http://www.4399.com/flash/100277.htm,装载卡车4选关版
http://www.4399.com/flash/102673.htm,怪怪鱼找伙伴
http://www.4399.com/flash/102664.htm,厨房小常识
http://www.4399.com/flash/102638.htm,方块忍者救女友
http://www.4399.com/flash/102538.htm,飞船轨道
http://www.4399.com/flash/102610.htm,弹射螃蟹
http://www.4399.com/flash/102575.htm,强力的魔笔
http://www.4399.com/flash/102589.htm,黏黏塔世界
http://www.4399.com/flash/102564.htm,后厨考考你眼力
http://www.4399.com/flash/102544.htm,祖玛的复仇2
http://www.4399.com/flash/102516.htm,彩虹球回家
http://www.4399.com/flash/102385.htm,高山探险家
http://www.4399.com/flash/102391.htm,数字大炮
http://www.4399.com/flash/102314.htm,蜂窝型迷宫
http://www.4399.com/flash/102310.htm,艾米丽勇闯迷宫
http://www.4399.com/flash/102236.htm,齿轮替换2
http://www.4399.com/flash/102233.htm,建立平衡
http://www.4399.com/flash/102176.htm,糯米团保持平衡
http://www.4399.com/flash/102175.htm,危险城堡
http://www.4399.com/flash/102131.htm,小老鼠历险记
http://www.4399.com/flash/102062.htm,托马斯与胖总管
http://www.4399.com/flash/102048.htm,万圣节一锅端
http://www.4399.com/flash/102008.htm,引水进管
http://www.4399.com/flash/101924.htm,火箭回星球
http://www.4399.com/flash/101898.htm,愤怒的小鸟万圣节HD版
http://www.4399.com/flash/101882.htm,俄罗斯方块消看看
http://www.4399.com/flash/101804.htm,小松鼠不落地
http://www.4399.com/flash/101815.htm,疯狂的母鸡
http://www.4399.com/flash/101877.htm,喂可爱小鸡
http://www.4399.com/flash/101873.htm,愤怒的动物2
http://www.4399.com/flash/101754.htm,逗小猴开心迷你版
http://www.4399.com/flash/101744.htm,双刃小松鼠
http://www.4399.com/flash/101536.htm,保持平衡
http://www.4399.com/flash/101469.htm,小老鼠爱奶酪
http://www.4399.com/flash/101287.htm,蒙特祖玛的宝藏
http://www.4399.com/flash/101285.htm,江南style动态拼图
http://www.4399.com/flash/101198.htm,万圣节魔法秀
http://www.4399.com/flash/1382.htm,宠物连连看2.5版
http://www.4399.com/flash/12669.htm,果蔬连连看
http://www.4399.com/flash/17801.htm,宠物连连看3.1
http://www.4399.com/flash/20660.htm,森林冰火人中文版
http://www.4399.com/flash/93551.htm,小鳄鱼爱洗澡中文版
http://www.4399.com/flash/113377.htm,森林冰火人4无敌版
http://www.4399.com/flash/10393.htm,石头连连看
http://www.4399.com/flash/79068.htm,高楼爆破3无敌版
http://www.4399.com/flash/853.htm,五子连珠
http://www.4399.com/flash/17403.htm,青蛙祖玛
http://www.4399.com/flash/57474.htm,蝴蝶连连看
http://www.4399.com/flash/4781.htm,花花连连看
http://www.4399.com/flash/136516.htm,消灭星星豪华版
http://www.4399.com/flash/54423.htm,4399打豆豆
http://www.4399.com/flash/2231.htm,宠物连连看2.6
http://www.4399.com/flash/63033.htm,森林冰火人双人迷宫
http://www.4399.com/flash/68259.htm,河马饲养员
http://www.4399.com/flash/106202.htm,消灭星星中文版
http://www.4399.com/flash/62002.htm,疯狂过山车2
http://www.4399.com/flash/100125.htm,装载卡车4
http://www.4399.com/flash/131178.htm,帮鸟儿解冻3
http://www.4399.com/flash/106933.htm,坏蛋冰淇淋2无敌版
http://www.4399.com/flash/171900.htm,装载卡车5
http://www.4399.com/flash/147327.htm,亚当找夏娃3
http://www.4399.com/flash/10919.htm,宠物连连看3.0版
http://www.4399.com/flash/71760.htm,小婴儿逃出系列3
http://www.4399.com/flash/156918.htm,坏小孩回家4
http://www.4399.com/flash/37529.htm,小火车过隧道无敌版
http://www.4399.com/flash/50350.htm,唤醒嗜睡的小人
http://www.4399.com/flash/41285.htm,朵拉的迷你高尔夫
http://www.4399.com/flash/130836.htm,消你妹
http://www.4399.com/flash/128302.htm,消灭星星3电脑版
http://www.4399.com/flash/103266.htm,炮兵突击
http://www.4399.com/flash/96689.htm,愤怒的小鸟太空版HD
http://www.4399.com/flash/57317.htm,激光炮轰小怪2
http://www.4399.com/flash/4782.htm,汽车标志连连看
http://www.4399.com/flash/89614.htm,托马斯过河
http://www.4399.com/flash/88882.htm,海绵宝宝3D大富翁2
http://www.4399.com/flash/138881.htm,激光炮轰小怪3加强版
http://www.4399.com/flash/21223.htm,小球进洞
http://www.4399.com/flash/89107.htm,黑太狼吃羊2
http://www.4399.com/flash/152489.htm,史上最贱小游戏之体育
http://www.4399.com/flash/80211.htm,中国熊猫2无敌版
http://www.4399.com/flash/92102.htm,连连看3.1原版
http://www.4399.com/flash/76887.htm,宠物连连看可爱版
http://www.4399.com/flash/66922.htm,亚当找夏娃中文版
http://www.4399.com/flash/65959.htm,高楼爆破无敌版
http://www.4399.com/flash/34726.htm,4399水果连连看
http://www.4399.com/flash/47634.htm,让子弹飞
http://www.4399.com/flash/122189.htm,史上最贱小游戏3
http://www.4399.com/flash/184591.htm,捣蛋猪HD8.0
http://www.4399.com/flash/50306.htm,奇妙水世界
http://www.4399.com/flash/143168.htm,手纸没有了
http://www.4399.com/flash/79452.htm,森林冰火人3
http://www.4399.com/flash/73311.htm,破蛋专家
http://www.4399.com/flash/92953.htm,逗小猴开心7
http://www.4399.com/flash/132546.htm,亚当找夏娃2
http://www.4399.com/flash/80972.htm,宠物连连看经典版2
http://www.4399.com/flash/138976.htm,盗金父子
http://www.4399.com/flash/69774.htm,高楼爆破2无敌版
http://www.4399.com/flash/42075.htm,光头小子找出口
http://www.4399.com/flash/86544.htm,鸡蛋大逃亡2
http://www.4399.com/flash/30543.htm,小婴儿逃出系列1
http://www.4399.com/flash/63828.htm,红球与绿球
http://www.4399.com/flash/106849.htm,坏蛋冰淇淋2
http://www.4399.com/flash/41483.htm,装载卡车
http://www.4399.com/flash/16395.htm,小婴儿逃出系列2
http://www.4399.com/flash/158011.htm,小汽车的英雄梦
http://www.4399.com/flash/73122.htm,装载卡车3
http://www.4399.com/flash/102581.htm,帮鸟儿解冻
http://www.4399.com/flash/33249.htm,帮小狗取手绢
http://www.4399.com/flash/9840.htm,在线弹钢琴
http://www.4399.com/flash/78828.htm,益智乐高2中文版
http://www.4399.com/flash/35965.htm,直升机打气球
http://www.4399.com/flash/92108.htm,连连看原版
http://www.4399.com/flash/97275.htm,3D旋转麻将连连看
http://www.4399.com/flash/46428.htm,空姐阿Sue
http://www.4399.com/flash/24571.htm,宠物连连看3.1无敌版
http://www.4399.com/flash/8670.htm,宠物连连看特别版
http://www.4399.com/flash/50909.htm,植物战僵尸3D连连看
http://www.4399.com/flash/27265.htm,火柴人逃狱记
http://www.4399.com/flash/157666.htm,史上最贱小游戏13
http://www.4399.com/flash/113790.htm,找你妹正式版
http://www.4399.com/flash/123789.htm,恐龙觅食
http://www.4399.com/flash/128952.htm,坏蛋冰淇淋3
http://www.4399.com/flash/48349.htm,爱吃水果的虫子
http://www.4399.com/flash/1244.htm,红孩儿连连看
http://www.4399.com/flash/152162.htm,盗金父子2
http://www.4399.com/flash/8954.htm,阿sue家做客
http://www.4399.com/flash/142569.htm,一把火
http://www.4399.com/flash/91402.htm,保护橙子增强版3
http://www.4399.com/flash/56745.htm,动画师和动画
http://www.4399.com/flash/117146.htm,火柴人智闯飞艇
http://www.4399.com/flash/1287.htm,新麻雀连连看
http://www.4399.com/flash/134715.htm,捣蛋猪HD3.8
http://www.4399.com/flash/62725.htm,蜗牛鲍勃2中文版
http://www.4399.com/flash/123611.htm,小汽车的爱情梦
http://www.4399.com/flash/135633.htm,糖果去哪儿了2
http://www.4399.com/flash/151340.htm,熊猫逃生记之日本
http://www.4399.com/flash/101194.htm,希腊人与小孩
http://www.4399.com/flash/101192.htm,智商球万圣节版
http://www.4399.com/flash/101135.htm,森林滑板通行
http://www.4399.com/flash/101001.htm,挖掘水源
http://www.4399.com/flash/100997.htm,逃离僵尸迷宫
http://www.4399.com/flash/100901.htm,战争王朝无敌版
http://www.4399.com/flash/100866.htm,传送集装箱
http://www.4399.com/flash/100740.htm,未来小怪物
http://www.4399.com/flash/100682.htm,机械兄弟
http://www.4399.com/flash/100805.htm,小怪丛林救援
http://www.4399.com/flash/100790.htm,小黑怪寻太阳
http://www.4399.com/flash/100756.htm,宇航员大战外星人
http://www.4399.com/flash/100718.htm,方块之恋2
http://www.4399.com/flash/100628.htm,隐藏的卡车齿轮
http://www.4399.com/flash/100627.htm,核舰指挥官
http://www.4399.com/flash/100476.htm,物理对称2
http://www.4399.com/flash/100433.htm,黄金齿轮联动
http://www.4399.com/flash/100390.htm,拯救小外星人
http://www.4399.com/flash/108206.htm,接水管养金鱼
http://www.4399.com/flash/100334.htm,电话哪去了
http://www.4399.com/flash/100235.htm,送小恐龙回家
http://www.4399.com/flash/100232.htm,烈焰炸弹连环爆
http://www.4399.com/flash/100186.htm,复仇的火球
http://www.4399.com/flash/100177.htm,星球之争
http://www.4399.com/flash/100125.htm,装载卡车4
http://www.4399.com/flash/100077.htm,小绿球回家2
http://www.4399.com/flash/100069.htm,释放怪物3
http://www.4399.com/flash/100056.htm,小鸡迷宫找盒子
http://www.4399.com/flash/100027.htm,齿轮联动
http://www.4399.com/flash/100023.htm,魔法混合消除
http://www.4399.com/flash/100017.htm,豆丁战方块
http://www.4399.com/flash/100007.htm,偷吃月亮的老鼠
http://www.4399.com/flash/100021.htm,重力橙子2选关版
http://www.4399.com/flash/99999.htm,拼装机器人
http://www.4399.com/flash/99988.htm,消除平衡木板2
http://www.4399.com/flash/99959.htm,驱逐红色敌人选关版
http://www.4399.com/flash/99942.htm,梦幻宠物连连看2
http://www.4399.com/flash/99931.htm,魔法猫冒险
http://www.4399.com/flash/99926.htm,轰炸怪脸球
http://www.4399.com/flash/99919.htm,拯救猴王
http://www.4399.com/flash/99917.htm,宾嘉点击乐3
http://www.4399.com/flash/99916.htm,冲吧机器人
http://www.4399.com/flash/99872.htm,书呆子回家记
http://www.4399.com/flash/99809.htm,炸毁太空陨石
http://www.4399.com/flash/99706.htm,生存与进化
http://www.4399.com/flash/99660.htm,摧毁军用设备
http://www.4399.com/flash/99658.htm,火柴人穿越逃生
http://www.4399.com/flash/99656.htm,冰球入网加强版
http://www.4399.com/flash/99579.htm,寻爱小怪
http://www.4399.com/flash/99566.htm,逃出两间房
http://www.4399.com/flash/99564.htm,逃离多米诺岛
http://www.4399.com/flash/99555.htm,橄榄球回家
http://www.4399.com/flash/99547.htm,摧毁雪人城堡3
http://www.4399.com/flash/99545.htm,重力橙子2
http://www.4399.com/flash/99521.htm,组合变形虫
http://www.4399.com/flash/99502.htm,修补公路
http://www.4399.com/flash/1382.htm,宠物连连看2.5版
http://www.4399.com/flash/12669.htm,果蔬连连看
http://www.4399.com/flash/17801.htm,宠物连连看3.1
http://www.4399.com/flash/20660.htm,森林冰火人中文版
http://www.4399.com/flash/93551.htm,小鳄鱼爱洗澡中文版
http://www.4399.com/flash/113377.htm,森林冰火人4无敌版
http://www.4399.com/flash/10393.htm,石头连连看
http://www.4399.com/flash/79068.htm,高楼爆破3无敌版
http://www.4399.com/flash/853.htm,五子连珠
http://www.4399.com/flash/17403.htm,青蛙祖玛
http://www.4399.com/flash/57474.htm,蝴蝶连连看
http://www.4399.com/flash/4781.htm,花花连连看
http://www.4399.com/flash/136516.htm,消灭星星豪华版
http://www.4399.com/flash/54423.htm,4399打豆豆
http://www.4399.com/flash/2231.htm,宠物连连看2.6
http://www.4399.com/flash/63033.htm,森林冰火人双人迷宫
http://www.4399.com/flash/68259.htm,河马饲养员
http://www.4399.com/flash/106202.htm,消灭星星中文版
http://www.4399.com/flash/62002.htm,疯狂过山车2
http://www.4399.com/flash/100125.htm,装载卡车4
http://www.4399.com/flash/131178.htm,帮鸟儿解冻3
http://www.4399.com/flash/106933.htm,坏蛋冰淇淋2无敌版
http://www.4399.com/flash/171900.htm,装载卡车5
http://www.4399.com/flash/147327.htm,亚当找夏娃3
http://www.4399.com/flash/10919.htm,宠物连连看3.0版
http://www.4399.com/flash/71760.htm,小婴儿逃出系列3
http://www.4399.com/flash/156918.htm,坏小孩回家4
http://www.4399.com/flash/37529.htm,小火车过隧道无敌版
http://www.4399.com/flash/50350.htm,唤醒嗜睡的小人
http://www.4399.com/flash/41285.htm,朵拉的迷你高尔夫
http://www.4399.com/flash/130836.htm,消你妹
http://www.4399.com/flash/128302.htm,消灭星星3电脑版
http://www.4399.com/flash/103266.htm,炮兵突击
http://www.4399.com/flash/96689.htm,愤怒的小鸟太空版HD
http://www.4399.com/flash/57317.htm,激光炮轰小怪2
http://www.4399.com/flash/4782.htm,汽车标志连连看
http://www.4399.com/flash/89614.htm,托马斯过河
http://www.4399.com/flash/88882.htm,海绵宝宝3D大富翁2
http://www.4399.com/flash/138881.htm,激光炮轰小怪3加强版
http://www.4399.com/flash/21223.htm,小球进洞
http://www.4399.com/flash/89107.htm,黑太狼吃羊2
http://www.4399.com/flash/152489.htm,史上最贱小游戏之体育
http://www.4399.com/flash/80211.htm,中国熊猫2无敌版
http://www.4399.com/flash/92102.htm,连连看3.1原版
http://www.4399.com/flash/76887.htm,宠物连连看可爱版
http://www.4399.com/flash/66922.htm,亚当找夏娃中文版
http://www.4399.com/flash/65959.htm,高楼爆破无敌版
http://www.4399.com/flash/34726.htm,4399水果连连看
http://www.4399.com/flash/47634.htm,让子弹飞
http://www.4399.com/flash/122189.htm,史上最贱小游戏3
http://www.4399.com/flash/184591.htm,捣蛋猪HD8.0
http://www.4399.com/flash/50306.htm,奇妙水世界
http://www.4399.com/flash/143168.htm,手纸没有了
http://www.4399.com/flash/79452.htm,森林冰火人3
http://www.4399.com/flash/73311.htm,破蛋专家
http://www.4399.com/flash/92953.htm,逗小猴开心7
http://www.4399.com/flash/132546.htm,亚当找夏娃2
http://www.4399.com/flash/80972.htm,宠物连连看经典版2
http://www.4399.com/flash/138976.htm,盗金父子
http://www.4399.com/flash/69774.htm,高楼爆破2无敌版
http://www.4399.com/flash/42075.htm,光头小子找出口
http://www.4399.com/flash/86544.htm,鸡蛋大逃亡2
http://www.4399.com/flash/30543.htm,小婴儿逃出系列1
http://www.4399.com/flash/63828.htm,红球与绿球
http://www.4399.com/flash/106849.htm,坏蛋冰淇淋2
http://www.4399.com/flash/41483.htm,装载卡车
http://www.4399.com/flash/16395.htm,小婴儿逃出系列2
http://www.4399.com/flash/158011.htm,小汽车的英雄梦
http://www.4399.com/flash/73122.htm,装载卡车3
http://www.4399.com/flash/102581.htm,帮鸟儿解冻
http://www.4399.com/flash/33249.htm,帮小狗取手绢
http://www.4399.com/flash/9840.htm,在线弹钢琴
http://www.4399.com/flash/78828.htm,益智乐高2中文版
http://www.4399.com/flash/35965.htm,直升机打气球
http://www.4399.com/flash/92108.htm,连连看原版
http://www.4399.com/flash/97275.htm,3D旋转麻将连连看
http://www.4399.com/flash/46428.htm,空姐阿Sue
http://www.4399.com/flash/24571.htm,宠物连连看3.1无敌版
http://www.4399.com/flash/8670.htm,宠物连连看特别版
http://www.4399.com/flash/50909.htm,植物战僵尸3D连连看
http://www.4399.com/flash/27265.htm,火柴人逃狱记
http://www.4399.com/flash/157666.htm,史上最贱小游戏13
http://www.4399.com/flash/113790.htm,找你妹正式版
http://www.4399.com/flash/123789.htm,恐龙觅食
http://www.4399.com/flash/128952.htm,坏蛋冰淇淋3
http://www.4399.com/flash/48349.htm,爱吃水果的虫子
http://www.4399.com/flash/1244.htm,红孩儿连连看
http://www.4399.com/flash/152162.htm,盗金父子2
http://www.4399.com/flash/8954.htm,阿sue家做客
http://www.4399.com/flash/142569.htm,一把火
http://www.4399.com/flash/91402.htm,保护橙子增强版3
http://www.4399.com/flash/56745.htm,动画师和动画
http://www.4399.com/flash/117146.htm,火柴人智闯飞艇
http://www.4399.com/flash/1287.htm,新麻雀连连看
http://www.4399.com/flash/134715.htm,捣蛋猪HD3.8
http://www.4399.com/flash/62725.htm,蜗牛鲍勃2中文版
http://www.4399.com/flash/123611.htm,小汽车的爱情梦
http://www.4399.com/flash/135633.htm,糖果去哪儿了2
http://www.4399.com/flash/151340.htm,熊猫逃生记之日本
http://www.4399.com/flash/99437.htm,罗宾逊大战小鸟
http://www.4399.com/flash/99421.htm,时针归零
http://www.4399.com/flash/99414.htm,果冻落地
http://www.4399.com/flash/99408.htm,足球入门
http://www.4399.com/flash/99388.htm,益智七巧板
http://www.4399.com/flash/99315.htm,逃出哆啦A梦屋中秋节版
http://www.4399.com/flash/99302.htm,保龄球俄罗斯方块对抗
http://www.4399.com/flash/99203.htm,朵拉玩捉迷藏
http://www.4399.com/flash/99157.htm,太空海盗大战
http://www.4399.com/flash/99156.htm,贪吃小浣熊
http://www.4399.com/flash/99146.htm,托马斯猜猜看
http://www.4399.com/flash/99124.htm,阿sue的不粘锅
http://www.4399.com/flash/99108.htm,驱逐红色敌人
http://www.4399.com/flash/99086.htm,炸毁机器人
http://www.4399.com/flash/99081.htm,摧毁城市2
http://www.4399.com/flash/99022.htm,换色小球2
http://www.4399.com/flash/99006.htm,火柴人大决斗3
http://www.4399.com/flash/98997.htm,农夫寻宝
http://www.4399.com/flash/98991.htm,迷你火箭逃生
http://www.4399.com/flash/98961.htm,盒子回家加强版
http://www.4399.com/flash/98959.htm,魔法战役加强版
http://www.4399.com/flash/98941.htm,对对碰之愤怒小鸟
http://www.4399.com/flash/98855.htm,3D核心元素
http://www.4399.com/flash/98796.htm,小方块回归
http://www.4399.com/flash/98690.htm,松鼠打牛奶盒
http://www.4399.com/flash/98780.htm,齿轮实验室
http://www.4399.com/flash/98773.htm,聪明的火柴人
http://www.4399.com/flash/98754.htm,迷你外星人回家豪华版
http://www.4399.com/flash/98759.htm,宝石斗士
http://www.4399.com/flash/98747.htm,帮女孩找染发水
http://www.4399.com/flash/98727.htm,贪婪的蜘蛛
http://www.4399.com/flash/98653.htm,消灭小毛球加强版
http://www.4399.com/flash/98647.htm,水果的战争中文版
http://www.4399.com/flash/98627.htm,紧急消防车
http://www.4399.com/flash/98566.htm,少年智闯基地
http://www.4399.com/flash/98563.htm,奇趣冰块消除
http://www.4399.com/flash/98538.htm,外星人回家记
http://www.4399.com/flash/98516.htm,轩辕剑拼图
http://www.4399.com/flash/98478.htm,机器怪物大消除
http://www.4399.com/flash/98472.htm,绿圆兽闯迷宫
http://www.4399.com/flash/98399.htm,智慧七巧板
http://www.4399.com/flash/98376.htm,杀死木乃伊
http://www.4399.com/flash/98373.htm,馋嘴小怪物2
http://www.4399.com/flash/98372.htm,逃离蝎子岛
http://www.4399.com/flash/98351.htm,聪明的西瓜
http://www.4399.com/flash/98320.htm,桥梁设计师2
http://www.4399.com/flash/98312.htm,消灭防御兵
http://www.4399.com/flash/98286.htm,3D华容道
http://www.4399.com/flash/98281.htm,汽车驱逐战
http://www.4399.com/flash/98239.htm,阿sue甜点消消看
http://www.4399.com/flash/98236.htm,智慧齿轮
http://www.4399.com/flash/98231.htm,小小恶魔
http://www.4399.com/flash/98106.htm,乐高空气炮赛车
http://www.4399.com/flash/98187.htm,小球贪吃水果
http://www.4399.com/flash/98167.htm,小鸟回巢
http://www.4399.com/flash/98126.htm,小怪手拉手
http://www.4399.com/flash/1382.htm,宠物连连看2.5版
http://www.4399.com/flash/12669.htm,果蔬连连看
http://www.4399.com/flash/17801.htm,宠物连连看3.1
http://www.4399.com/flash/20660.htm,森林冰火人中文版
http://www.4399.com/flash/93551.htm,小鳄鱼爱洗澡中文版
http://www.4399.com/flash/113377.htm,森林冰火人4无敌版
http://www.4399.com/flash/10393.htm,石头连连看
http://www.4399.com/flash/79068.htm,高楼爆破3无敌版
http://www.4399.com/flash/853.htm,五子连珠
http://www.4399.com/flash/17403.htm,青蛙祖玛
http://www.4399.com/flash/57474.htm,蝴蝶连连看
http://www.4399.com/flash/4781.htm,花花连连看
http://www.4399.com/flash/136516.htm,消灭星星豪华版
http://www.4399.com/flash/54423.htm,4399打豆豆
http://www.4399.com/flash/2231.htm,宠物连连看2.6
http://www.4399.com/flash/63033.htm,森林冰火人双人迷宫
http://www.4399.com/flash/68259.htm,河马饲养员
http://www.4399.com/flash/106202.htm,消灭星星中文版
http://www.4399.com/flash/62002.htm,疯狂过山车2
http://www.4399.com/flash/100125.htm,装载卡车4
http://www.4399.com/flash/131178.htm,帮鸟儿解冻3
http://www.4399.com/flash/106933.htm,坏蛋冰淇淋2无敌版
http://www.4399.com/flash/171900.htm,装载卡车5
http://www.4399.com/flash/147327.htm,亚当找夏娃3
http://www.4399.com/flash/10919.htm,宠物连连看3.0版
http://www.4399.com/flash/71760.htm,小婴儿逃出系列3
http://www.4399.com/flash/156918.htm,坏小孩回家4
http://www.4399.com/flash/37529.htm,小火车过隧道无敌版
http://www.4399.com/flash/50350.htm,唤醒嗜睡的小人
http://www.4399.com/flash/41285.htm,朵拉的迷你高尔夫
http://www.4399.com/flash/130836.htm,消你妹
http://www.4399.com/flash/128302.htm,消灭星星3电脑版
http://www.4399.com/flash/103266.htm,炮兵突击
http://www.4399.com/flash/96689.htm,愤怒的小鸟太空版HD
http://www.4399.com/flash/57317.htm,激光炮轰小怪2
http://www.4399.com/flash/4782.htm,汽车标志连连看
http://www.4399.com/flash/89614.htm,托马斯过河
http://www.4399.com/flash/88882.htm,海绵宝宝3D大富翁2
http://www.4399.com/flash/138881.htm,激光炮轰小怪3加强版
http://www.4399.com/flash/21223.htm,小球进洞
http://www.4399.com/flash/89107.htm,黑太狼吃羊2
http://www.4399.com/flash/152489.htm,史上最贱小游戏之体育
http://www.4399.com/flash/80211.htm,中国熊猫2无敌版
http://www.4399.com/flash/92102.htm,连连看3.1原版
http://www.4399.com/flash/76887.htm,宠物连连看可爱版
http://www.4399.com/flash/66922.htm,亚当找夏娃中文版
http://www.4399.com/flash/65959.htm,高楼爆破无敌版
http://www.4399.com/flash/34726.htm,4399水果连连看
http://www.4399.com/flash/47634.htm,让子弹飞
http://www.4399.com/flash/122189.htm,史上最贱小游戏3
http://www.4399.com/flash/184591.htm,捣蛋猪HD8.0
http://www.4399.com/flash/50306.htm,奇妙水世界
http://www.4399.com/flash/143168.htm,手纸没有了
http://www.4399.com/flash/79452.htm,森林冰火人3
http://www.4399.com/flash/73311.htm,破蛋专家
http://www.4399.com/flash/92953.htm,逗小猴开心7
http://www.4399.com/flash/132546.htm,亚当找夏娃2
http://www.4399.com/flash/80972.htm,宠物连连看经典版2
http://www.4399.com/flash/138976.htm,盗金父子
http://www.4399.com/flash/69774.htm,高楼爆破2无敌版
http://www.4399.com/flash/42075.htm,光头小子找出口
http://www.4399.com/flash/86544.htm,鸡蛋大逃亡2
http://www.4399.com/flash/30543.htm,小婴儿逃出系列1
http://www.4399.com/flash/63828.htm,红球与绿球
http://www.4399.com/flash/106849.htm,坏蛋冰淇淋2
http://www.4399.com/flash/41483.htm,装载卡车
http://www.4399.com/flash/16395.htm,小婴儿逃出系列2
http://www.4399.com/flash/158011.htm,小汽车的英雄梦
http://www.4399.com/flash/73122.htm,装载卡车3
http://www.4399.com/flash/102581.htm,帮鸟儿解冻
http://www.4399.com/flash/33249.htm,帮小狗取手绢
http://www.4399.com/flash/9840.htm,在线弹钢琴
http://www.4399.com/flash/78828.htm,益智乐高2中文版
http://www.4399.com/flash/35965.htm,直升机打气球
http://www.4399.com/flash/92108.htm,连连看原版
http://www.4399.com/flash/97275.htm,3D旋转麻将连连看
http://www.4399.com/flash/46428.htm,空姐阿Sue
http://www.4399.com/flash/24571.htm,宠物连连看3.1无敌版
http://www.4399.com/flash/8670.htm,宠物连连看特别版
http://www.4399.com/flash/50909.htm,植物战僵尸3D连连看
http://www.4399.com/flash/27265.htm,火柴人逃狱记
http://www.4399.com/flash/157666.htm,史上最贱小游戏13
http://www.4399.com/flash/113790.htm,找你妹正式版
http://www.4399.com/flash/123789.htm,恐龙觅食
http://www.4399.com/flash/128952.htm,坏蛋冰淇淋3
http://www.4399.com/flash/48349.htm,爱吃水果的虫子
http://www.4399.com/flash/1244.htm,红孩儿连连看
http://www.4399.com/flash/152162.htm,盗金父子2
http://www.4399.com/flash/8954.htm,阿sue家做客
http://www.4399.com/flash/142569.htm,一把火
http://www.4399.com/flash/91402.htm,保护橙子增强版3
http://www.4399.com/flash/56745.htm,动画师和动画
http://www.4399.com/flash/117146.htm,火柴人智闯飞艇
http://www.4399.com/flash/1287.htm,新麻雀连连看
http://www.4399.com/flash/134715.htm,捣蛋猪HD3.8
http://www.4399.com/flash/62725.htm,蜗牛鲍勃2中文版
http://www.4399.com/flash/123611.htm,小汽车的爱情梦
http://www.4399.com/flash/135633.htm,糖果去哪儿了2
http://www.4399.com/flash/151340.htm,熊猫逃生记之日本
http://www.4399.com/flash/98102.htm,乐高涡轮赛车
http://www.4399.com/flash/105811.htm,规划水资源3
http://www.4399.com/flash/98085.htm,消灭克隆人
http://www.4399.com/flash/98048.htm,货轮集装箱拼图
http://www.4399.com/flash/98002.htm,绿色小球回家记2
http://www.4399.com/flash/97983.htm,魔法对决
http://www.4399.com/flash/97992.htm,矿山爆破
http://www.4399.com/flash/97975.htm,麦兜当当伴我心
http://www.4399.com/flash/97967.htm,色彩方块铺地
http://www.4399.com/flash/97950.htm,乐高城市之旅
http://www.4399.com/flash/97943.htm,独眼小怪回家路
http://www.4399.com/flash/97939.htm,机器人闯迷宫
http://www.4399.com/flash/97852.htm,勇敢猎人战雪怪
http://www.4399.com/flash/97848.htm,奇思怪想嘟嘟猫
http://www.4399.com/flash/97794.htm,蔬菜翻牌
http://www.4399.com/flash/97763.htm,老鼠历险记2
http://www.4399.com/flash/97758.htm,摧毁鸡窝2
http://www.4399.com/flash/97741.htm,老鼠逃生
http://www.4399.com/flash/97706.htm,不断学习
http://www.4399.com/flash/97705.htm,愤怒的小鸟太空版HD选关版
http://www.4399.com/flash/97686.htm,愤怒的猫咪
http://www.4399.com/flash/97672.htm,贪吃的小仓鼠
http://www.4399.com/flash/97651.htm,大炮忍者
http://www.4399.com/flash/97619.htm,打开香槟
http://www.4399.com/flash/97613.htm,爆炸冲击波
http://www.4399.com/flash/97590.htm,帮小怪过桥回家
http://www.4399.com/flash/97568.htm,聪明的原始人
http://www.4399.com/flash/97558.htm,几何图形叠加
http://www.4399.com/flash/97520.htm,女孩出门需小心
http://www.4399.com/flash/97492.htm,海底吹泡泡
http://www.4399.com/flash/97424.htm,粘稠小怪消消看
http://www.4399.com/flash/97471.htm,海盗大炮击目标2加强版
http://www.4399.com/flash/97470.htm,海盗冲冲冲
http://www.4399.com/flash/97458.htm,齿轮替换
http://www.4399.com/flash/97422.htm,爆破火车
http://www.4399.com/flash/97427.htm,海绵宝宝玩泡泡
http://www.4399.com/flash/97416.htm,大炮灭害虫
http://www.4399.com/flash/97336.htm,狂野打雪仗
http://www.4399.com/flash/97414.htm,冰冻紫色头回家
http://www.4399.com/flash/97413.htm,铁路调车2
http://www.4399.com/flash/97412.htm,蓝色果冻回水里2
http://www.4399.com/flash/97320.htm,变身小怪
http://www.4399.com/flash/97235.htm,宝石迷阵旋转版
http://www.4399.com/flash/97194.htm,小懒羊要吃草2
http://www.4399.com/flash/97128.htm,果冻海绵宝宝3
http://www.4399.com/flash/97087.htm,让小球消失
http://www.4399.com/flash/97086.htm,桥梁工程师2
http://www.4399.com/flash/97056.htm,阿sue买家具2
http://www.4399.com/flash/97032.htm,星球移植
http://www.4399.com/flash/97035.htm,果冻星星爆破
http://www.4399.com/flash/97018.htm,变色龙的午餐
http://www.4399.com/flash/96930.htm,逃离带电水域
http://www.4399.com/flash/96918.htm,烟火俄罗斯方块
http://www.4399.com/flash/96903.htm,洛基吃坚果
http://www.4399.com/flash/96900.htm,唯美音乐弹球
http://www.4399.com/flash/96890.htm,修建火车道
http://www.4399.com/flash/1382.htm,宠物连连看2.5版
http://www.4399.com/flash/12669.htm,果蔬连连看
http://www.4399.com/flash/17801.htm,宠物连连看3.1
http://www.4399.com/flash/20660.htm,森林冰火人中文版
http://www.4399.com/flash/93551.htm,小鳄鱼爱洗澡中文版
http://www.4399.com/flash/113377.htm,森林冰火人4无敌版
http://www.4399.com/flash/10393.htm,石头连连看
http://www.4399.com/flash/79068.htm,高楼爆破3无敌版
http://www.4399.com/flash/853.htm,五子连珠
http://www.4399.com/flash/17403.htm,青蛙祖玛
http://www.4399.com/flash/57474.htm,蝴蝶连连看
http://www.4399.com/flash/4781.htm,花花连连看
http://www.4399.com/flash/136516.htm,消灭星星豪华版
http://www.4399.com/flash/54423.htm,4399打豆豆
http://www.4399.com/flash/2231.htm,宠物连连看2.6
http://www.4399.com/flash/63033.htm,森林冰火人双人迷宫
http://www.4399.com/flash/68259.htm,河马饲养员
http://www.4399.com/flash/106202.htm,消灭星星中文版
http://www.4399.com/flash/62002.htm,疯狂过山车2
http://www.4399.com/flash/100125.htm,装载卡车4
http://www.4399.com/flash/131178.htm,帮鸟儿解冻3
http://www.4399.com/flash/106933.htm,坏蛋冰淇淋2无敌版
http://www.4399.com/flash/171900.htm,装载卡车5
http://www.4399.com/flash/147327.htm,亚当找夏娃3
http://www.4399.com/flash/10919.htm,宠物连连看3.0版
http://www.4399.com/flash/71760.htm,小婴儿逃出系列3
http://www.4399.com/flash/156918.htm,坏小孩回家4
http://www.4399.com/flash/37529.htm,小火车过隧道无敌版
http://www.4399.com/flash/50350.htm,唤醒嗜睡的小人
http://www.4399.com/flash/41285.htm,朵拉的迷你高尔夫
http://www.4399.com/flash/130836.htm,消你妹
http://www.4399.com/flash/128302.htm,消灭星星3电脑版
http://www.4399.com/flash/103266.htm,炮兵突击
http://www.4399.com/flash/96689.htm,愤怒的小鸟太空版HD
http://www.4399.com/flash/57317.htm,激光炮轰小怪2
http://www.4399.com/flash/4782.htm,汽车标志连连看
http://www.4399.com/flash/89614.htm,托马斯过河
http://www.4399.com/flash/88882.htm,海绵宝宝3D大富翁2
http://www.4399.com/flash/138881.htm,激光炮轰小怪3加强版
http://www.4399.com/flash/21223.htm,小球进洞
http://www.4399.com/flash/89107.htm,黑太狼吃羊2
http://www.4399.com/flash/152489.htm,史上最贱小游戏之体育
http://www.4399.com/flash/80211.htm,中国熊猫2无敌版
http://www.4399.com/flash/92102.htm,连连看3.1原版
http://www.4399.com/flash/76887.htm,宠物连连看可爱版
http://www.4399.com/flash/66922.htm,亚当找夏娃中文版
http://www.4399.com/flash/65959.htm,高楼爆破无敌版
http://www.4399.com/flash/34726.htm,4399水果连连看
http://www.4399.com/flash/47634.htm,让子弹飞
http://www.4399.com/flash/122189.htm,史上最贱小游戏3
http://www.4399.com/flash/184591.htm,捣蛋猪HD8.0
http://www.4399.com/flash/50306.htm,奇妙水世界
http://www.4399.com/flash/143168.htm,手纸没有了
http://www.4399.com/flash/79452.htm,森林冰火人3
http://www.4399.com/flash/73311.htm,破蛋专家
http://www.4399.com/flash/92953.htm,逗小猴开心7
http://www.4399.com/flash/132546.htm,亚当找夏娃2
http://www.4399.com/flash/80972.htm,宠物连连看经典版2
http://www.4399.com/flash/138976.htm,盗金父子
http://www.4399.com/flash/69774.htm,高楼爆破2无敌版
http://www.4399.com/flash/42075.htm,光头小子找出口
http://www.4399.com/flash/86544.htm,鸡蛋大逃亡2
http://www.4399.com/flash/30543.htm,小婴儿逃出系列1
http://www.4399.com/flash/63828.htm,红球与绿球
http://www.4399.com/flash/106849.htm,坏蛋冰淇淋2
http://www.4399.com/flash/41483.htm,装载卡车
http://www.4399.com/flash/16395.htm,小婴儿逃出系列2
http://www.4399.com/flash/158011.htm,小汽车的英雄梦
http://www.4399.com/flash/73122.htm,装载卡车3
http://www.4399.com/flash/102581.htm,帮鸟儿解冻
http://www.4399.com/flash/33249.htm,帮小狗取手绢
http://www.4399.com/flash/9840.htm,在线弹钢琴
http://www.4399.com/flash/78828.htm,益智乐高2中文版
http://www.4399.com/flash/35965.htm,直升机打气球
http://www.4399.com/flash/92108.htm,连连看原版
http://www.4399.com/flash/97275.htm,3D旋转麻将连连看
http://www.4399.com/flash/46428.htm,空姐阿Sue
http://www.4399.com/flash/24571.htm,宠物连连看3.1无敌版
http://www.4399.com/flash/8670.htm,宠物连连看特别版
http://www.4399.com/flash/50909.htm,植物战僵尸3D连连看
http://www.4399.com/flash/27265.htm,火柴人逃狱记
http://www.4399.com/flash/157666.htm,史上最贱小游戏13
http://www.4399.com/flash/113790.htm,找你妹正式版
http://www.4399.com/flash/123789.htm,恐龙觅食
http://www.4399.com/flash/128952.htm,坏蛋冰淇淋3
http://www.4399.com/flash/48349.htm,爱吃水果的虫子
http://www.4399.com/flash/1244.htm,红孩儿连连看
http://www.4399.com/flash/152162.htm,盗金父子2
http://www.4399.com/flash/8954.htm,阿sue家做客
http://www.4399.com/flash/142569.htm,一把火
http://www.4399.com/flash/91402.htm,保护橙子增强版3
http://www.4399.com/flash/56745.htm,动画师和动画
http://www.4399.com/flash/117146.htm,火柴人智闯飞艇
http://www.4399.com/flash/1287.htm,新麻雀连连看
http://www.4399.com/flash/134715.htm,捣蛋猪HD3.8
http://www.4399.com/flash/62725.htm,蜗牛鲍勃2中文版
http://www.4399.com/flash/123611.htm,小汽车的爱情梦
http://www.4399.com/flash/135633.htm,糖果去哪儿了2
http://www.4399.com/flash/151340.htm,熊猫逃生记之日本
http://www.4399.com/flash/96835.htm,小海盗找金币
http://www.4399.com/flash/96874.htm,钢珠归位
http://www.4399.com/flash/96864.htm,迷你小猴寻亲记
http://www.4399.com/flash/96794.htm,抽笔王中文版
http://www.4399.com/flash/96784.htm,经典一笔画
http://www.4399.com/flash/96774.htm,送小球到出口3
http://www.4399.com/flash/96747.htm,小黑方块的爱情
http://www.4399.com/flash/96733.htm,勇闯迷石阵
http://www.4399.com/flash/96729.htm,糖果球
http://www.4399.com/flash/96712.htm,疯狂的小球3
http://www.4399.com/flash/96700.htm,高架桥铁路设计无敌版
http://www.4399.com/flash/96698.htm,照顾可爱婴儿3
http://www.4399.com/flash/96650.htm,胖豚鼠吃糖加强版
http://www.4399.com/flash/96642.htm,高架桥铁路设计
http://www.4399.com/flash/96647.htm,甜品圈祖玛
http://www.4399.com/flash/96644.htm,蓝绿小怪来闯关2
http://www.4399.com/flash/96618.htm,机器人闯工厂
http://www.4399.com/flash/96529.htm,小糖瓶落地加强版
http://www.4399.com/flash/96528.htm,邪恶的僵尸
http://www.4399.com/flash/96439.htm,幽灵大冒险
http://www.4399.com/flash/96435.htm,兔宝吃萝卜完整版
http://www.4399.com/flash/96383.htm,积木叠图形
http://www.4399.com/flash/96351.htm,少年骇客找东西
http://www.4399.com/flash/96334.htm,传递光明2
http://www.4399.com/flash/96321.htm,释放小球
http://www.4399.com/flash/96320.htm,摧毁城市
http://www.4399.com/flash/96311.htm,爱拼轩辕剑
http://www.4399.com/flash/96204.htm,战车金刚
http://www.4399.com/flash/96283.htm,小羊快快跑
http://www.4399.com/flash/96263.htm,让小宝贝睡觉
http://www.4399.com/flash/96262.htm,打包怪物加强版
http://www.4399.com/flash/96239.htm,爱情是从告白开始的
http://www.4399.com/flash/96227.htm,仙女的魔法棒
http://www.4399.com/flash/96209.htm,影子追踪者
http://www.4399.com/flash/96192.htm,色彩同化加强版
http://www.4399.com/flash/96172.htm,放飞蒲公英种子
http://www.4399.com/flash/96169.htm,高空弹力球
http://www.4399.com/flash/96147.htm,轰炸水果回家
http://www.4399.com/flash/96144.htm,逃出家居小屋
http://www.4399.com/flash/96139.htm,猫头鹰大对战2
http://www.4399.com/flash/96131.htm,小怪物包装工
http://www.4399.com/flash/96040.htm,愤怒的钢盔小虫
http://www.4399.com/flash/96071.htm,暴走怪脸玩大炮
http://www.4399.com/flash/96047.htm,女孩和小恐龙
http://www.4399.com/flash/95959.htm,开枪射牛仔
http://www.4399.com/flash/95908.htm,炮击训练
http://www.4399.com/flash/95882.htm,方块上的平衡球
http://www.4399.com/flash/95881.htm,玻璃球进箱
http://www.4399.com/flash/95810.htm,跳跃的小梨球
http://www.4399.com/flash/95800.htm,拯救火柴人5
http://www.4399.com/flash/95781.htm,疯狂动物渡河
http://www.4399.com/flash/95772.htm,种族混战
http://www.4399.com/flash/95767.htm,小老鼠下水道穿行
http://www.4399.com/flash/95746.htm,聪明的采矿工
http://www.4399.com/flash/95721.htm,愤怒的丑鸟2
http://www.4399.com/flash/95727.htm,愤怒的小鸟星空版
http://www.4399.com/flash/1382.htm,宠物连连看2.5版
http://www.4399.com/flash/12669.htm,果蔬连连看
http://www.4399.com/flash/17801.htm,宠物连连看3.1
http://www.4399.com/flash/20660.htm,森林冰火人中文版
http://www.4399.com/flash/93551.htm,小鳄鱼爱洗澡中文版
http://www.4399.com/flash/113377.htm,森林冰火人4无敌版
http://www.4399.com/flash/10393.htm,石头连连看
http://www.4399.com/flash/79068.htm,高楼爆破3无敌版
http://www.4399.com/flash/853.htm,五子连珠
http://www.4399.com/flash/17403.htm,青蛙祖玛
http://www.4399.com/flash/57474.htm,蝴蝶连连看
http://www.4399.com/flash/4781.htm,花花连连看
http://www.4399.com/flash/136516.htm,消灭星星豪华版
http://www.4399.com/flash/54423.htm,4399打豆豆
http://www.4399.com/flash/2231.htm,宠物连连看2.6
http://www.4399.com/flash/63033.htm,森林冰火人双人迷宫
http://www.4399.com/flash/68259.htm,河马饲养员
http://www.4399.com/flash/106202.htm,消灭星星中文版
http://www.4399.com/flash/62002.htm,疯狂过山车2
http://www.4399.com/flash/100125.htm,装载卡车4
http://www.4399.com/flash/131178.htm,帮鸟儿解冻3
http://www.4399.com/flash/106933.htm,坏蛋冰淇淋2无敌版
http://www.4399.com/flash/171900.htm,装载卡车5
http://www.4399.com/flash/147327.htm,亚当找夏娃3
http://www.4399.com/flash/10919.htm,宠物连连看3.0版
http://www.4399.com/flash/71760.htm,小婴儿逃出系列3
http://www.4399.com/flash/156918.htm,坏小孩回家4
http://www.4399.com/flash/37529.htm,小火车过隧道无敌版
http://www.4399.com/flash/50350.htm,唤醒嗜睡的小人
http://www.4399.com/flash/41285.htm,朵拉的迷你高尔夫
http://www.4399.com/flash/130836.htm,消你妹
http://www.4399.com/flash/128302.htm,消灭星星3电脑版
http://www.4399.com/flash/103266.htm,炮兵突击
http://www.4399.com/flash/96689.htm,愤怒的小鸟太空版HD
http://www.4399.com/flash/57317.htm,激光炮轰小怪2
http://www.4399.com/flash/4782.htm,汽车标志连连看
http://www.4399.com/flash/89614.htm,托马斯过河
http://www.4399.com/flash/88882.htm,海绵宝宝3D大富翁2
http://www.4399.com/flash/138881.htm,激光炮轰小怪3加强版
http://www.4399.com/flash/21223.htm,小球进洞
http://www.4399.com/flash/89107.htm,黑太狼吃羊2
http://www.4399.com/flash/152489.htm,史上最贱小游戏之体育
http://www.4399.com/flash/80211.htm,中国熊猫2无敌版
http://www.4399.com/flash/92102.htm,连连看3.1原版
http://www.4399.com/flash/76887.htm,宠物连连看可爱版
http://www.4399.com/flash/66922.htm,亚当找夏娃中文版
http://www.4399.com/flash/65959.htm,高楼爆破无敌版
http://www.4399.com/flash/34726.htm,4399水果连连看
http://www.4399.com/flash/47634.htm,让子弹飞
http://www.4399.com/flash/122189.htm,史上最贱小游戏3
http://www.4399.com/flash/184591.htm,捣蛋猪HD8.0
http://www.4399.com/flash/50306.htm,奇妙水世界
http://www.4399.com/flash/143168.htm,手纸没有了
http://www.4399.com/flash/79452.htm,森林冰火人3
http://www.4399.com/flash/73311.htm,破蛋专家
http://www.4399.com/flash/92953.htm,逗小猴开心7
http://www.4399.com/flash/132546.htm,亚当找夏娃2
http://www.4399.com/flash/80972.htm,宠物连连看经典版2
http://www.4399.com/flash/138976.htm,盗金父子
http://www.4399.com/flash/69774.htm,高楼爆破2无敌版
http://www.4399.com/flash/42075.htm,光头小子找出口
http://www.4399.com/flash/86544.htm,鸡蛋大逃亡2
http://www.4399.com/flash/30543.htm,小婴儿逃出系列1
http://www.4399.com/flash/63828.htm,红球与绿球
http://www.4399.com/flash/106849.htm,坏蛋冰淇淋2
http://www.4399.com/flash/41483.htm,装载卡车
http://www.4399.com/flash/16395.htm,小婴儿逃出系列2
http://www.4399.com/flash/158011.htm,小汽车的英雄梦
http://www.4399.com/flash/73122.htm,装载卡车3
http://www.4399.com/flash/102581.htm,帮鸟儿解冻
http://www.4399.com/flash/33249.htm,帮小狗取手绢
http://www.4399.com/flash/9840.htm,在线弹钢琴
http://www.4399.com/flash/78828.htm,益智乐高2中文版
http://www.4399.com/flash/35965.htm,直升机打气球
http://www.4399.com/flash/92108.htm,连连看原版
http://www.4399.com/flash/97275.htm,3D旋转麻将连连看
http://www.4399.com/flash/46428.htm,空姐阿Sue
http://www.4399.com/flash/24571.htm,宠物连连看3.1无敌版
http://www.4399.com/flash/8670.htm,宠物连连看特别版
http://www.4399.com/flash/50909.htm,植物战僵尸3D连连看
http://www.4399.com/flash/27265.htm,火柴人逃狱记
http://www.4399.com/flash/157666.htm,史上最贱小游戏13
http://www.4399.com/flash/113790.htm,找你妹正式版
http://www.4399.com/flash/123789.htm,恐龙觅食
http://www.4399.com/flash/128952.htm,坏蛋冰淇淋3
http://www.4399.com/flash/48349.htm,爱吃水果的虫子
http://www.4399.com/flash/1244.htm,红孩儿连连看
http://www.4399.com/flash/152162.htm,盗金父子2
http://www.4399.com/flash/8954.htm,阿sue家做客
http://www.4399.com/flash/142569.htm,一把火
http://www.4399.com/flash/91402.htm,保护橙子增强版3
http://www.4399.com/flash/56745.htm,动画师和动画
http://www.4399.com/flash/117146.htm,火柴人智闯飞艇
http://www.4399.com/flash/1287.htm,新麻雀连连看
http://www.4399.com/flash/134715.htm,捣蛋猪HD3.8
http://www.4399.com/flash/62725.htm,蜗牛鲍勃2中文版
http://www.4399.com/flash/123611.htm,小汽车的爱情梦
http://www.4399.com/flash/135633.htm,糖果去哪儿了2
http://www.4399.com/flash/151340.htm,熊猫逃生记之日本
http://www.4399.com/flash/95710.htm,涂鸦物理
http://www.4399.com/flash/95701.htm,过山车贵宾2
http://www.4399.com/flash/95572.htm,滑板初学者
http://www.4399.com/flash/95620.htm,反击海贼
http://www.4399.com/flash/95590.htm,德波尼亚
http://www.4399.com/flash/95577.htm,奖牌榜
http://www.4399.com/flash/95548.htm,聪明的山羊
http://www.4399.com/flash/95549.htm,小美海盗船
http://www.4399.com/flash/95507.htm,救命之弓2加强版
http://www.4399.com/flash/95476.htm,住在电脑里的男人
http://www.4399.com/flash/95448.htm,恐龙妈妈丢石头
http://www.4399.com/flash/95428.htm,活佛济公3找不同
http://www.4399.com/flash/95405.htm,逃出挖掘机工人的房间
http://www.4399.com/flash/95401.htm,天黑请关灯
http://www.4399.com/flash/95382.htm,仲夏夜抓萤火虫
http://www.4399.com/flash/95376.htm,紫方块闯天关
http://www.4399.com/flash/95363.htm,神秘宝藏
http://www.4399.com/flash/95362.htm,拯救糖果
http://www.4399.com/flash/95304.htm,积木堆叠塔
http://www.4399.com/flash/95283.htm,聪明的农场老伯
http://www.4399.com/flash/95292.htm,糖果工厂流水线
http://www.4399.com/flash/95291.htm,释放木偶人
http://www.4399.com/flash/95287.htm,字母堆星星
http://www.4399.com/flash/95252.htm,超级迷你英雄
http://www.4399.com/flash/95258.htm,纯果乐对对碰
http://www.4399.com/flash/95186.htm,白兔历险记7
http://www.4399.com/flash/95170.htm,空中花园
http://www.4399.com/flash/95145.htm,聪明的鸟儿
http://www.4399.com/flash/95153.htm,托马斯智力大拼图
http://www.4399.com/flash/95070.htm,月影猫
http://www.4399.com/flash/95124.htm,魔法战役
http://www.4399.com/flash/95078.htm,小脸猫吃金币
http://www.4399.com/flash/95072.htm,寻找神奇宝贝
http://www.4399.com/flash/95029.htm,轰炸小猫
http://www.4399.com/flash/95023.htm,维京的战役
http://www.4399.com/flash/95015.htm,比伯火箭炮2
http://www.4399.com/flash/95011.htm,火箭太空冒险
http://www.4399.com/flash/94945.htm,沙滩鸡尾酒
http://www.4399.com/flash/94868.htm,愤怒的丑鸟中文版
http://www.4399.com/flash/94835.htm,电磁机器人闯天关
http://www.4399.com/flash/94830.htm,演示逻辑2
http://www.4399.com/flash/94813.htm,修水管男孩2
http://www.4399.com/flash/94805.htm,重力方块消除
http://www.4399.com/flash/94802.htm,水果的战争
http://www.4399.com/flash/94784.htm,爸爸是英雄
http://www.4399.com/flash/94777.htm,轩辕剑天之痕连连看
http://www.4399.com/flash/94769.htm,找字
http://www.4399.com/flash/94734.htm,蓝色果冻回水里
http://www.4399.com/flash/94732.htm,接通消防水管
http://www.4399.com/flash/94720.htm,外出的小驴
http://www.4399.com/flash/94715.htm,逃离公车模型爱好者房间
http://www.4399.com/flash/94714.htm,公鸡吃小虫
http://www.4399.com/flash/94634.htm,诱杀小老鼠
http://www.4399.com/flash/94607.htm,脑力方块大作战
http://www.4399.com/flash/94605.htm,绵羊满天飞
http://www.4399.com/flash/94573.htm,炮轰怪人
http://www.4399.com/flash/1382.htm,宠物连连看2.5版
http://www.4399.com/flash/12669.htm,果蔬连连看
http://www.4399.com/flash/17801.htm,宠物连连看3.1
http://www.4399.com/flash/20660.htm,森林冰火人中文版
http://www.4399.com/flash/93551.htm,小鳄鱼爱洗澡中文版
http://www.4399.com/flash/113377.htm,森林冰火人4无敌版
http://www.4399.com/flash/10393.htm,石头连连看
http://www.4399.com/flash/79068.htm,高楼爆破3无敌版
http://www.4399.com/flash/853.htm,五子连珠
http://www.4399.com/flash/17403.htm,青蛙祖玛
http://www.4399.com/flash/57474.htm,蝴蝶连连看
http://www.4399.com/flash/4781.htm,花花连连看
http://www.4399.com/flash/136516.htm,消灭星星豪华版
http://www.4399.com/flash/54423.htm,4399打豆豆
http://www.4399.com/flash/2231.htm,宠物连连看2.6
http://www.4399.com/flash/63033.htm,森林冰火人双人迷宫
http://www.4399.com/flash/68259.htm,河马饲养员
http://www.4399.com/flash/106202.htm,消灭星星中文版
http://www.4399.com/flash/62002.htm,疯狂过山车2
http://www.4399.com/flash/100125.htm,装载卡车4
http://www.4399.com/flash/131178.htm,帮鸟儿解冻3
http://www.4399.com/flash/106933.htm,坏蛋冰淇淋2无敌版
http://www.4399.com/flash/171900.htm,装载卡车5
http://www.4399.com/flash/147327.htm,亚当找夏娃3
http://www.4399.com/flash/10919.htm,宠物连连看3.0版
http://www.4399.com/flash/71760.htm,小婴儿逃出系列3
http://www.4399.com/flash/156918.htm,坏小孩回家4
http://www.4399.com/flash/37529.htm,小火车过隧道无敌版
http://www.4399.com/flash/50350.htm,唤醒嗜睡的小人
http://www.4399.com/flash/41285.htm,朵拉的迷你高尔夫
http://www.4399.com/flash/130836.htm,消你妹
http://www.4399.com/flash/128302.htm,消灭星星3电脑版
http://www.4399.com/flash/103266.htm,炮兵突击
http://www.4399.com/flash/96689.htm,愤怒的小鸟太空版HD
http://www.4399.com/flash/57317.htm,激光炮轰小怪2
http://www.4399.com/flash/4782.htm,汽车标志连连看
http://www.4399.com/flash/89614.htm,托马斯过河
http://www.4399.com/flash/88882.htm,海绵宝宝3D大富翁2
http://www.4399.com/flash/138881.htm,激光炮轰小怪3加强版
http://www.4399.com/flash/21223.htm,小球进洞
http://www.4399.com/flash/89107.htm,黑太狼吃羊2
http://www.4399.com/flash/152489.htm,史上最贱小游戏之体育
http://www.4399.com/flash/80211.htm,中国熊猫2无敌版
http://www.4399.com/flash/92102.htm,连连看3.1原版
http://www.4399.com/flash/76887.htm,宠物连连看可爱版
http://www.4399.com/flash/66922.htm,亚当找夏娃中文版
http://www.4399.com/flash/65959.htm,高楼爆破无敌版
http://www.4399.com/flash/34726.htm,4399水果连连看
http://www.4399.com/flash/47634.htm,让子弹飞
http://www.4399.com/flash/122189.htm,史上最贱小游戏3
http://www.4399.com/flash/184591.htm,捣蛋猪HD8.0
http://www.4399.com/flash/50306.htm,奇妙水世界
http://www.4399.com/flash/143168.htm,手纸没有了
http://www.4399.com/flash/79452.htm,森林冰火人3
http://www.4399.com/flash/73311.htm,破蛋专家
http://www.4399.com/flash/92953.htm,逗小猴开心7
http://www.4399.com/flash/132546.htm,亚当找夏娃2
http://www.4399.com/flash/80972.htm,宠物连连看经典版2
http://www.4399.com/flash/138976.htm,盗金父子
http://www.4399.com/flash/69774.htm,高楼爆破2无敌版
http://www.4399.com/flash/42075.htm,光头小子找出口
http://www.4399.com/flash/86544.htm,鸡蛋大逃亡2
http://www.4399.com/flash/30543.htm,小婴儿逃出系列1
http://www.4399.com/flash/63828.htm,红球与绿球
http://www.4399.com/flash/106849.htm,坏蛋冰淇淋2
http://www.4399.com/flash/41483.htm,装载卡车
http://www.4399.com/flash/16395.htm,小婴儿逃出系列2
http://www.4399.com/flash/158011.htm,小汽车的英雄梦
http://www.4399.com/flash/73122.htm,装载卡车3
http://www.4399.com/flash/102581.htm,帮鸟儿解冻
http://www.4399.com/flash/33249.htm,帮小狗取手绢
http://www.4399.com/flash/9840.htm,在线弹钢琴
http://www.4399.com/flash/78828.htm,益智乐高2中文版
http://www.4399.com/flash/35965.htm,直升机打气球
http://www.4399.com/flash/92108.htm,连连看原版
http://www.4399.com/flash/97275.htm,3D旋转麻将连连看
http://www.4399.com/flash/46428.htm,空姐阿Sue
http://www.4399.com/flash/24571.htm,宠物连连看3.1无敌版
http://www.4399.com/flash/8670.htm,宠物连连看特别版
http://www.4399.com/flash/50909.htm,植物战僵尸3D连连看
http://www.4399.com/flash/27265.htm,火柴人逃狱记
http://www.4399.com/flash/157666.htm,史上最贱小游戏13
http://www.4399.com/flash/113790.htm,找你妹正式版
http://www.4399.com/flash/123789.htm,恐龙觅食
http://www.4399.com/flash/128952.htm,坏蛋冰淇淋3
http://www.4399.com/flash/48349.htm,爱吃水果的虫子
http://www.4399.com/flash/1244.htm,红孩儿连连看
http://www.4399.com/flash/152162.htm,盗金父子2
http://www.4399.com/flash/8954.htm,阿sue家做客
http://www.4399.com/flash/142569.htm,一把火
http://www.4399.com/flash/91402.htm,保护橙子增强版3
http://www.4399.com/flash/56745.htm,动画师和动画
http://www.4399.com/flash/117146.htm,火柴人智闯飞艇
http://www.4399.com/flash/1287.htm,新麻雀连连看
http://www.4399.com/flash/134715.htm,捣蛋猪HD3.8
http://www.4399.com/flash/62725.htm,蜗牛鲍勃2中文版
http://www.4399.com/flash/123611.htm,小汽车的爱情梦
http://www.4399.com/flash/135633.htm,糖果去哪儿了2
http://www.4399.com/flash/151340.htm,熊猫逃生记之日本
http://www.4399.com/flash/94474.htm,怪物岛走迷宫
http://www.4399.com/flash/94532.htm,忍者画家2
http://www.4399.com/flash/94489.htm,外星人回飞碟
http://www.4399.com/flash/94460.htm,乐高岛玩积木
http://www.4399.com/flash/94379.htm,收集钻石
http://www.4399.com/flash/94370.htm,大家来找茬之天之痕
http://www.4399.com/flash/94342.htm,绿色小怪找出口
http://www.4399.com/flash/94277.htm,水果勇士
http://www.4399.com/flash/94267.htm,小火车过隧道中文版
http://www.4399.com/flash/94279.htm,为了国王外传
http://www.4399.com/flash/94210.htm,机器人工厂逃生
http://www.4399.com/flash/94208.htm,鼠标操作2
http://www.4399.com/flash/94199.htm,小球找按钮
http://www.4399.com/flash/94117.htm,射击瓶子2
http://www.4399.com/flash/94107.htm,愤怒的小鸟免费神鹰版
http://www.4399.com/flash/94096.htm,愤怒的懒鸟
http://www.4399.com/flash/94094.htm,果冻海绵宝宝2
http://www.4399.com/flash/94060.htm,池塘大作战
http://www.4399.com/flash/94012.htm,魔鬼山历险记
http://www.4399.com/flash/94027.htm,外星宝宝回家路
http://www.4399.com/flash/93937.htm,脑力世界波2
http://www.4399.com/flash/93931.htm,让奶牛飞一会儿
http://www.4399.com/flash/93904.htm,小乌龟要回家
http://www.4399.com/flash/93894.htm,送可爱积木回家
http://www.4399.com/flash/93878.htm,机器迷城
http://www.4399.com/flash/93859.htm,训练可爱海豚
http://www.4399.com/flash/93850.htm,积木归位
http://www.4399.com/flash/93847.htm,为了国王3
http://www.4399.com/flash/93785.htm,智慧圆球
http://www.4399.com/flash/93744.htm,精确打击
http://www.4399.com/flash/93732.htm,下水道收集黄金
http://www.4399.com/flash/93679.htm,飞翔的企鹅
http://www.4399.com/flash/93663.htm,转动齿轮
http://www.4399.com/flash/93647.htm,钻地工人
http://www.4399.com/flash/93640.htm,邪雾4
http://www.4399.com/flash/93636.htm,懒猫晒太阳
http://www.4399.com/flash/93567.htm,拯救种子中文版
http://www.4399.com/flash/93565.htm,神秘圣殿
http://www.4399.com/flash/93551.htm,小鳄鱼爱洗澡中文版
http://www.4399.com/flash/93477.htm,精灵鼠的奇境
http://www.4399.com/flash/93436.htm,蜘蛛侠照相
http://www.4399.com/flash/93413.htm,苹果成熟时
http://www.4399.com/flash/93371.htm,愤怒的水上乐园
http://www.4399.com/flash/93322.htm,贝克的午夜之旅
http://www.4399.com/flash/93320.htm,回收炸弹
http://www.4399.com/flash/93305.htm,神奇七侠
http://www.4399.com/flash/93267.htm,神奇的铅笔
http://www.4399.com/flash/93215.htm,枯木重生
http://www.4399.com/flash/93170.htm,高难度建筑3
http://www.4399.com/flash/93178.htm,鬼斯鬼屋探秘
http://www.4399.com/flash/93127.htm,小人闯天关2
http://www.4399.com/flash/93104.htm,独眼怪寻宝之旅
http://www.4399.com/flash/93073.htm,保护河马
http://www.4399.com/flash/92987.htm,洪水来了
http://www.4399.com/flash/92986.htm,元素平衡
http://www.4399.com/flash/92975.htm,推小怪下悬崖
http://www.4399.com/flash/1382.htm,宠物连连看2.5版
http://www.4399.com/flash/12669.htm,果蔬连连看
http://www.4399.com/flash/17801.htm,宠物连连看3.1
http://www.4399.com/flash/20660.htm,森林冰火人中文版
http://www.4399.com/flash/93551.htm,小鳄鱼爱洗澡中文版
http://www.4399.com/flash/113377.htm,森林冰火人4无敌版
http://www.4399.com/flash/10393.htm,石头连连看
http://www.4399.com/flash/79068.htm,高楼爆破3无敌版
http://www.4399.com/flash/853.htm,五子连珠
http://www.4399.com/flash/17403.htm,青蛙祖玛
http://www.4399.com/flash/57474.htm,蝴蝶连连看
http://www.4399.com/flash/4781.htm,花花连连看
http://www.4399.com/flash/136516.htm,消灭星星豪华版
http://www.4399.com/flash/54423.htm,4399打豆豆
http://www.4399.com/flash/2231.htm,宠物连连看2.6
http://www.4399.com/flash/63033.htm,森林冰火人双人迷宫
http://www.4399.com/flash/68259.htm,河马饲养员
http://www.4399.com/flash/106202.htm,消灭星星中文版
http://www.4399.com/flash/62002.htm,疯狂过山车2
http://www.4399.com/flash/100125.htm,装载卡车4
http://www.4399.com/flash/131178.htm,帮鸟儿解冻3
http://www.4399.com/flash/106933.htm,坏蛋冰淇淋2无敌版
http://www.4399.com/flash/171900.htm,装载卡车5
http://www.4399.com/flash/147327.htm,亚当找夏娃3
http://www.4399.com/flash/10919.htm,宠物连连看3.0版
http://www.4399.com/flash/71760.htm,小婴儿逃出系列3
http://www.4399.com/flash/156918.htm,坏小孩回家4
http://www.4399.com/flash/37529.htm,小火车过隧道无敌版
http://www.4399.com/flash/50350.htm,唤醒嗜睡的小人
http://www.4399.com/flash/41285.htm,朵拉的迷你高尔夫
http://www.4399.com/flash/130836.htm,消你妹
http://www.4399.com/flash/128302.htm,消灭星星3电脑版
http://www.4399.com/flash/103266.htm,炮兵突击
http://www.4399.com/flash/96689.htm,愤怒的小鸟太空版HD
http://www.4399.com/flash/57317.htm,激光炮轰小怪2
http://www.4399.com/flash/4782.htm,汽车标志连连看
http://www.4399.com/flash/89614.htm,托马斯过河
http://www.4399.com/flash/88882.htm,海绵宝宝3D大富翁2
http://www.4399.com/flash/138881.htm,激光炮轰小怪3加强版
http://www.4399.com/flash/21223.htm,小球进洞
http://www.4399.com/flash/89107.htm,黑太狼吃羊2
http://www.4399.com/flash/152489.htm,史上最贱小游戏之体育
http://www.4399.com/flash/80211.htm,中国熊猫2无敌版
http://www.4399.com/flash/92102.htm,连连看3.1原版
http://www.4399.com/flash/76887.htm,宠物连连看可爱版
http://www.4399.com/flash/66922.htm,亚当找夏娃中文版
http://www.4399.com/flash/65959.htm,高楼爆破无敌版
http://www.4399.com/flash/34726.htm,4399水果连连看
http://www.4399.com/flash/47634.htm,让子弹飞
http://www.4399.com/flash/122189.htm,史上最贱小游戏3
http://www.4399.com/flash/184591.htm,捣蛋猪HD8.0
http://www.4399.com/flash/50306.htm,奇妙水世界
http://www.4399.com/flash/143168.htm,手纸没有了
http://www.4399.com/flash/79452.htm,森林冰火人3
http://www.4399.com/flash/73311.htm,破蛋专家
http://www.4399.com/flash/92953.htm,逗小猴开心7
http://www.4399.com/flash/132546.htm,亚当找夏娃2
http://www.4399.com/flash/80972.htm,宠物连连看经典版2
http://www.4399.com/flash/138976.htm,盗金父子
http://www.4399.com/flash/69774.htm,高楼爆破2无敌版
http://www.4399.com/flash/42075.htm,光头小子找出口
http://www.4399.com/flash/86544.htm,鸡蛋大逃亡2
http://www.4399.com/flash/30543.htm,小婴儿逃出系列1
http://www.4399.com/flash/63828.htm,红球与绿球
http://www.4399.com/flash/106849.htm,坏蛋冰淇淋2
http://www.4399.com/flash/41483.htm,装载卡车
http://www.4399.com/flash/16395.htm,小婴儿逃出系列2
http://www.4399.com/flash/158011.htm,小汽车的英雄梦
http://www.4399.com/flash/73122.htm,装载卡车3
http://www.4399.com/flash/102581.htm,帮鸟儿解冻
http://www.4399.com/flash/33249.htm,帮小狗取手绢
http://www.4399.com/flash/9840.htm,在线弹钢琴
http://www.4399.com/flash/78828.htm,益智乐高2中文版
http://www.4399.com/flash/35965.htm,直升机打气球
http://www.4399.com/flash/92108.htm,连连看原版
http://www.4399.com/flash/97275.htm,3D旋转麻将连连看
http://www.4399.com/flash/46428.htm,空姐阿Sue
http://www.4399.com/flash/24571.htm,宠物连连看3.1无敌版
http://www.4399.com/flash/8670.htm,宠物连连看特别版
http://www.4399.com/flash/50909.htm,植物战僵尸3D连连看
http://www.4399.com/flash/27265.htm,火柴人逃狱记
http://www.4399.com/flash/157666.htm,史上最贱小游戏13
http://www.4399.com/flash/113790.htm,找你妹正式版
http://www.4399.com/flash/123789.htm,恐龙觅食
http://www.4399.com/flash/128952.htm,坏蛋冰淇淋3
http://www.4399.com/flash/48349.htm,爱吃水果的虫子
http://www.4399.com/flash/1244.htm,红孩儿连连看
http://www.4399.com/flash/152162.htm,盗金父子2
http://www.4399.com/flash/8954.htm,阿sue家做客
http://www.4399.com/flash/142569.htm,一把火
http://www.4399.com/flash/91402.htm,保护橙子增强版3
http://www.4399.com/flash/56745.htm,动画师和动画
http://www.4399.com/flash/117146.htm,火柴人智闯飞艇
http://www.4399.com/flash/1287.htm,新麻雀连连看
http://www.4399.com/flash/134715.htm,捣蛋猪HD3.8
http://www.4399.com/flash/62725.htm,蜗牛鲍勃2中文版
http://www.4399.com/flash/123611.htm,小汽车的爱情梦
http://www.4399.com/flash/135633.htm,糖果去哪儿了2
http://www.4399.com/flash/151340.htm,熊猫逃生记之日本
http://www.4399.com/flash/92974.htm,闪耀磁力球
http://www.4399.com/flash/92953.htm,逗小猴开心7
http://www.4399.com/flash/92951.htm,魔法师重力控制
http://www.4399.com/flash/92890.htm,酷巴营救女友
http://www.4399.com/flash/92838.htm,毛球进箱2
http://www.4399.com/flash/92796.htm,愤怒小鸟版记忆2
http://www.4399.com/flash/92785.htm,岛屿祖玛
http://www.4399.com/flash/92756.htm,黏黏球搭高塔行星版
http://www.4399.com/flash/92753.htm,特种兵大救援
http://www.4399.com/flash/92733.htm,破壳而出
http://www.4399.com/flash/92691.htm,小青蛙找真爱
http://www.4399.com/flash/92686.htm,异星战场之失落符号
http://www.4399.com/flash/92656.htm,树蛙寻宝
http://www.4399.com/flash/92634.htm,波莉女孩爱洗澡
http://www.4399.com/flash/92590.htm,盖瑞的神秘花园
http://www.4399.com/flash/92588.htm,小水珠找星星
http://www.4399.com/flash/92585.htm,僵尸复活
http://www.4399.com/flash/92582.htm,机械小人
http://www.4399.com/flash/92567.htm,折纸寻宝
http://www.4399.com/flash/92513.htm,柠檬三兄弟
http://www.4399.com/flash/92463.htm,小软和鲜花
http://www.4399.com/flash/92439.htm,调皮的小球员
http://www.4399.com/flash/92432.htm,愚蠢的埃拉
http://www.4399.com/flash/92398.htm,寻找H元素
http://www.4399.com/flash/92393.htm,迷宫之旅
http://www.4399.com/flash/92385.htm,果冻海绵宝宝
http://www.4399.com/flash/92379.htm,铁路谷2
http://www.4399.com/flash/92352.htm,热气球之旅3正式版
http://www.4399.com/flash/92350.htm,变形小怪找钻石
http://www.4399.com/flash/92343.htm,外星小怪回家
http://www.4399.com/flash/92317.htm,漫画整人2
http://www.4399.com/flash/92292.htm,送泡泡糖果回家
http://www.4399.com/flash/92220.htm,蓝色小怪找宝箱
http://www.4399.com/flash/92181.htm,小虫子漂流记
http://www.4399.com/flash/92174.htm,相扑选手吃寿司
http://www.4399.com/flash/92172.htm,冰球入网
http://www.4399.com/flash/92129.htm,红球采集星星2
http://www.4399.com/flash/92128.htm,狂炸木乃伊
http://www.4399.com/flash/92123.htm,像素工厂
http://www.4399.com/flash/92066.htm,送飞行器回家
http://www.4399.com/flash/92052.htm,泡泡与动物2
http://www.4399.com/flash/92042.htm,消灭强盗2
http://www.4399.com/flash/91958.htm,消灭蘑菇增强版2
http://www.4399.com/flash/91912.htm,送外星小虫回家
http://www.4399.com/flash/91952.htm,送恶魔上天
http://www.4399.com/flash/91950.htm,吃我的果冻加强版
http://www.4399.com/flash/91934.htm,智慧翻转
http://www.4399.com/flash/91933.htm,繁忙假期
http://www.4399.com/flash/91916.htm,纸牌麻将连连看
http://www.4399.com/flash/91898.htm,粘液落地加强版
http://www.4399.com/flash/91897.htm,红色小怪找朋友
http://www.4399.com/flash/91894.htm,汽车过河
http://www.4399.com/flash/91828.htm,西部小火车
http://www.4399.com/flash/91796.htm,捣蛋鬼偷东西
http://www.4399.com/flash/91792.htm,新兵日记
http://www.4399.com/flash/91758.htm,环游世界对对碰
http://www.4399.com/flash/1382.htm,宠物连连看2.5版
http://www.4399.com/flash/12669.htm,果蔬连连看
http://www.4399.com/flash/17801.htm,宠物连连看3.1
http://www.4399.com/flash/20660.htm,森林冰火人中文版
http://www.4399.com/flash/93551.htm,小鳄鱼爱洗澡中文版
http://www.4399.com/flash/113377.htm,森林冰火人4无敌版
http://www.4399.com/flash/10393.htm,石头连连看
http://www.4399.com/flash/79068.htm,高楼爆破3无敌版
http://www.4399.com/flash/853.htm,五子连珠
http://www.4399.com/flash/17403.htm,青蛙祖玛
http://www.4399.com/flash/57474.htm,蝴蝶连连看
http://www.4399.com/flash/4781.htm,花花连连看
http://www.4399.com/flash/136516.htm,消灭星星豪华版
http://www.4399.com/flash/54423.htm,4399打豆豆
http://www.4399.com/flash/2231.htm,宠物连连看2.6
http://www.4399.com/flash/63033.htm,森林冰火人双人迷宫
http://www.4399.com/flash/68259.htm,河马饲养员
http://www.4399.com/flash/106202.htm,消灭星星中文版
http://www.4399.com/flash/62002.htm,疯狂过山车2
http://www.4399.com/flash/100125.htm,装载卡车4
http://www.4399.com/flash/131178.htm,帮鸟儿解冻3
http://www.4399.com/flash/106933.htm,坏蛋冰淇淋2无敌版
http://www.4399.com/flash/171900.htm,装载卡车5
http://www.4399.com/flash/147327.htm,亚当找夏娃3
http://www.4399.com/flash/10919.htm,宠物连连看3.0版
http://www.4399.com/flash/71760.htm,小婴儿逃出系列3
http://www.4399.com/flash/156918.htm,坏小孩回家4
http://www.4399.com/flash/37529.htm,小火车过隧道无敌版
http://www.4399.com/flash/50350.htm,唤醒嗜睡的小人
http://www.4399.com/flash/41285.htm,朵拉的迷你高尔夫
http://www.4399.com/flash/130836.htm,消你妹
http://www.4399.com/flash/128302.htm,消灭星星3电脑版
http://www.4399.com/flash/103266.htm,炮兵突击
http://www.4399.com/flash/96689.htm,愤怒的小鸟太空版HD
http://www.4399.com/flash/57317.htm,激光炮轰小怪2
http://www.4399.com/flash/4782.htm,汽车标志连连看
http://www.4399.com/flash/89614.htm,托马斯过河
http://www.4399.com/flash/88882.htm,海绵宝宝3D大富翁2
http://www.4399.com/flash/138881.htm,激光炮轰小怪3加强版
http://www.4399.com/flash/21223.htm,小球进洞
http://www.4399.com/flash/89107.htm,黑太狼吃羊2
http://www.4399.com/flash/152489.htm,史上最贱小游戏之体育
http://www.4399.com/flash/80211.htm,中国熊猫2无敌版
http://www.4399.com/flash/92102.htm,连连看3.1原版
http://www.4399.com/flash/76887.htm,宠物连连看可爱版
http://www.4399.com/flash/66922.htm,亚当找夏娃中文版
http://www.4399.com/flash/65959.htm,高楼爆破无敌版
http://www.4399.com/flash/34726.htm,4399水果连连看
http://www.4399.com/flash/47634.htm,让子弹飞
http://www.4399.com/flash/122189.htm,史上最贱小游戏3
http://www.4399.com/flash/184591.htm,捣蛋猪HD8.0
http://www.4399.com/flash/50306.htm,奇妙水世界
http://www.4399.com/flash/143168.htm,手纸没有了
http://www.4399.com/flash/79452.htm,森林冰火人3
http://www.4399.com/flash/73311.htm,破蛋专家
http://www.4399.com/flash/92953.htm,逗小猴开心7
http://www.4399.com/flash/132546.htm,亚当找夏娃2
http://www.4399.com/flash/80972.htm,宠物连连看经典版2
http://www.4399.com/flash/138976.htm,盗金父子
http://www.4399.com/flash/69774.htm,高楼爆破2无敌版
http://www.4399.com/flash/42075.htm,光头小子找出口
http://www.4399.com/flash/86544.htm,鸡蛋大逃亡2
http://www.4399.com/flash/30543.htm,小婴儿逃出系列1
http://www.4399.com/flash/63828.htm,红球与绿球
http://www.4399.com/flash/106849.htm,坏蛋冰淇淋2
http://www.4399.com/flash/41483.htm,装载卡车
http://www.4399.com/flash/16395.htm,小婴儿逃出系列2
http://www.4399.com/flash/158011.htm,小汽车的英雄梦
http://www.4399.com/flash/73122.htm,装载卡车3
http://www.4399.com/flash/102581.htm,帮鸟儿解冻
http://www.4399.com/flash/33249.htm,帮小狗取手绢
http://www.4399.com/flash/9840.htm,在线弹钢琴
http://www.4399.com/flash/78828.htm,益智乐高2中文版
http://www.4399.com/flash/35965.htm,直升机打气球
http://www.4399.com/flash/92108.htm,连连看原版
http://www.4399.com/flash/97275.htm,3D旋转麻将连连看
http://www.4399.com/flash/46428.htm,空姐阿Sue
http://www.4399.com/flash/24571.htm,宠物连连看3.1无敌版
http://www.4399.com/flash/8670.htm,宠物连连看特别版
http://www.4399.com/flash/50909.htm,植物战僵尸3D连连看
http://www.4399.com/flash/27265.htm,火柴人逃狱记
http://www.4399.com/flash/157666.htm,史上最贱小游戏13
http://www.4399.com/flash/113790.htm,找你妹正式版
http://www.4399.com/flash/123789.htm,恐龙觅食
http://www.4399.com/flash/128952.htm,坏蛋冰淇淋3
http://www.4399.com/flash/48349.htm,爱吃水果的虫子
http://www.4399.com/flash/1244.htm,红孩儿连连看
http://www.4399.com/flash/152162.htm,盗金父子2
http://www.4399.com/flash/8954.htm,阿sue家做客
http://www.4399.com/flash/142569.htm,一把火
http://www.4399.com/flash/91402.htm,保护橙子增强版3
http://www.4399.com/flash/56745.htm,动画师和动画
http://www.4399.com/flash/117146.htm,火柴人智闯飞艇
http://www.4399.com/flash/1287.htm,新麻雀连连看
http://www.4399.com/flash/134715.htm,捣蛋猪HD3.8
http://www.4399.com/flash/62725.htm,蜗牛鲍勃2中文版
http://www.4399.com/flash/123611.htm,小汽车的爱情梦
http://www.4399.com/flash/135633.htm,糖果去哪儿了2
http://www.4399.com/flash/151340.htm,熊猫逃生记之日本
http://www.4399.com/flash/91756.htm,炸飞笑脸
http://www.4399.com/flash/91719.htm,小红帽和灰大狼
http://www.4399.com/flash/91715.htm,愤怒的小鸟消消看2
http://www.4399.com/flash/91689.htm,宇航员回舱
http://www.4399.com/flash/91670.htm,人偶回收站
http://www.4399.com/flash/91666.htm,画线开心小球
http://www.4399.com/flash/91661.htm,压扁小怪兽
http://www.4399.com/flash/91606.htm,朵拉爱采花
http://www.4399.com/flash/91562.htm,3D骰子
http://www.4399.com/flash/91554.htm,杀死巨魔
http://www.4399.com/flash/91522.htm,神风敢死猪
http://www.4399.com/flash/91505.htm,大嘴怪的复仇
http://www.4399.com/flash/91480.htm,笑脸方块回家路
http://www.4399.com/flash/91474.htm,星星和月亮
http://www.4399.com/flash/91467.htm,黏黏球搭高塔四季版
http://www.4399.com/flash/91447.htm,喵星人找真爱
http://www.4399.com/flash/91431.htm,猫咪抢吃鱼
http://www.4399.com/flash/91404.htm,火柴人射足球
http://www.4399.com/flash/91385.htm,给鳄鱼喂食
http://www.4399.com/flash/91359.htm,送独眼章鱼回家完整版
http://www.4399.com/flash/91358.htm,划线接糖2
http://www.4399.com/flash/91308.htm,金鱼连连看
http://www.4399.com/flash/91300.htm,小熊爱吃蛋糕
http://www.4399.com/flash/91266.htm,俄罗斯宝石消消看2
http://www.4399.com/flash/91260.htm,惊醒小象2中文版
http://www.4399.com/flash/91235.htm,海底乌贼消消看
http://www.4399.com/flash/91227.htm,最佳停球
http://www.4399.com/flash/91202.htm,海绵宝宝之珊迪采坚果2正式版
http://www.4399.com/flash/91160.htm,搭建峡谷轨道桥
http://www.4399.com/flash/91142.htm,天降礼盒
http://www.4399.com/flash/91140.htm,欧洲杯之谜
http://www.4399.com/flash/91111.htm,粘液落地
http://www.4399.com/flash/91077.htm,充气狗找骨头
http://www.4399.com/flash/91092.htm,机器人灭病毒加强版
http://www.4399.com/flash/91089.htm,拯救种子
http://www.4399.com/flash/91060.htm,测试脑力2
http://www.4399.com/flash/91016.htm,智慧连链条选关版
http://www.4399.com/flash/91012.htm,埃及祖玛
http://www.4399.com/flash/90998.htm,脑力世界波
http://www.4399.com/flash/90965.htm,解救外星生物
http://www.4399.com/flash/90894.htm,王座之战
http://www.4399.com/flash/90881.htm,打包怪物
http://www.4399.com/flash/90847.htm,危险炸弹
http://www.4399.com/flash/90829.htm,逃出梦中的别墅终极版v1.5
http://www.4399.com/flash/90822.htm,宝石迷阵3试玩版
http://www.4399.com/flash/90808.htm,三刀过关2
http://www.4399.com/flash/90805.htm,马达加斯加3企鹅大炮
http://www.4399.com/flash/90772.htm,浆果入桶
http://www.4399.com/flash/90751.htm,智慧连链条
http://www.4399.com/flash/90735.htm,可爱阿sue记忆翻牌
http://www.4399.com/flash/90726.htm,警长追劫匪
http://www.4399.com/flash/90693.htm,馋嘴的兔子
http://www.4399.com/flash/90610.htm,可爱公主炸弹人
http://www.4399.com/flash/90608.htm,涂鸦王国的拯救
http://www.4399.com/flash/90600.htm,软件工程师芭比
http://www.4399.com/flash/90593.htm,送怪怪脸回家选关版
http://www.4399.com/flash/1382.htm,宠物连连看2.5版
http://www.4399.com/flash/12669.htm,果蔬连连看
http://www.4399.com/flash/17801.htm,宠物连连看3.1
http://www.4399.com/flash/20660.htm,森林冰火人中文版
http://www.4399.com/flash/93551.htm,小鳄鱼爱洗澡中文版
http://www.4399.com/flash/113377.htm,森林冰火人4无敌版
http://www.4399.com/flash/10393.htm,石头连连看
http://www.4399.com/flash/79068.htm,高楼爆破3无敌版
http://www.4399.com/flash/853.htm,五子连珠
http://www.4399.com/flash/17403.htm,青蛙祖玛
http://www.4399.com/flash/57474.htm,蝴蝶连连看
http://www.4399.com/flash/4781.htm,花花连连看
http://www.4399.com/flash/136516.htm,消灭星星豪华版
http://www.4399.com/flash/54423.htm,4399打豆豆
http://www.4399.com/flash/2231.htm,宠物连连看2.6
http://www.4399.com/flash/63033.htm,森林冰火人双人迷宫
http://www.4399.com/flash/68259.htm,河马饲养员
http://www.4399.com/flash/106202.htm,消灭星星中文版
http://www.4399.com/flash/62002.htm,疯狂过山车2
http://www.4399.com/flash/100125.htm,装载卡车4
http://www.4399.com/flash/131178.htm,帮鸟儿解冻3
http://www.4399.com/flash/106933.htm,坏蛋冰淇淋2无敌版
http://www.4399.com/flash/171900.htm,装载卡车5
http://www.4399.com/flash/147327.htm,亚当找夏娃3
http://www.4399.com/flash/10919.htm,宠物连连看3.0版
http://www.4399.com/flash/71760.htm,小婴儿逃出系列3
http://www.4399.com/flash/156918.htm,坏小孩回家4
http://www.4399.com/flash/37529.htm,小火车过隧道无敌版
http://www.4399.com/flash/50350.htm,唤醒嗜睡的小人
http://www.4399.com/flash/41285.htm,朵拉的迷你高尔夫
http://www.4399.com/flash/130836.htm,消你妹
http://www.4399.com/flash/128302.htm,消灭星星3电脑版
http://www.4399.com/flash/103266.htm,炮兵突击
http://www.4399.com/flash/96689.htm,愤怒的小鸟太空版HD
http://www.4399.com/flash/57317.htm,激光炮轰小怪2
http://www.4399.com/flash/4782.htm,汽车标志连连看
http://www.4399.com/flash/89614.htm,托马斯过河
http://www.4399.com/flash/88882.htm,海绵宝宝3D大富翁2
http://www.4399.com/flash/138881.htm,激光炮轰小怪3加强版
http://www.4399.com/flash/21223.htm,小球进洞
http://www.4399.com/flash/89107.htm,黑太狼吃羊2
http://www.4399.com/flash/152489.htm,史上最贱小游戏之体育
http://www.4399.com/flash/80211.htm,中国熊猫2无敌版
http://www.4399.com/flash/92102.htm,连连看3.1原版
http://www.4399.com/flash/76887.htm,宠物连连看可爱版
http://www.4399.com/flash/66922.htm,亚当找夏娃中文版
http://www.4399.com/flash/65959.htm,高楼爆破无敌版
http://www.4399.com/flash/34726.htm,4399水果连连看
http://www.4399.com/flash/47634.htm,让子弹飞
http://www.4399.com/flash/122189.htm,史上最贱小游戏3
http://www.4399.com/flash/184591.htm,捣蛋猪HD8.0
http://www.4399.com/flash/50306.htm,奇妙水世界
http://www.4399.com/flash/143168.htm,手纸没有了
http://www.4399.com/flash/79452.htm,森林冰火人3
http://www.4399.com/flash/73311.htm,破蛋专家
http://www.4399.com/flash/92953.htm,逗小猴开心7
http://www.4399.com/flash/132546.htm,亚当找夏娃2
http://www.4399.com/flash/80972.htm,宠物连连看经典版2
http://www.4399.com/flash/138976.htm,盗金父子
http://www.4399.com/flash/69774.htm,高楼爆破2无敌版
http://www.4399.com/flash/42075.htm,光头小子找出口
http://www.4399.com/flash/86544.htm,鸡蛋大逃亡2
http://www.4399.com/flash/30543.htm,小婴儿逃出系列1
http://www.4399.com/flash/63828.htm,红球与绿球
http://www.4399.com/flash/106849.htm,坏蛋冰淇淋2
http://www.4399.com/flash/41483.htm,装载卡车
http://www.4399.com/flash/16395.htm,小婴儿逃出系列2
http://www.4399.com/flash/158011.htm,小汽车的英雄梦
http://www.4399.com/flash/73122.htm,装载卡车3
http://www.4399.com/flash/102581.htm,帮鸟儿解冻
http://www.4399.com/flash/33249.htm,帮小狗取手绢
http://www.4399.com/flash/9840.htm,在线弹钢琴
http://www.4399.com/flash/78828.htm,益智乐高2中文版
http://www.4399.com/flash/35965.htm,直升机打气球
http://www.4399.com/flash/92108.htm,连连看原版
http://www.4399.com/flash/97275.htm,3D旋转麻将连连看
http://www.4399.com/flash/46428.htm,空姐阿Sue
http://www.4399.com/flash/24571.htm,宠物连连看3.1无敌版
http://www.4399.com/flash/8670.htm,宠物连连看特别版
http://www.4399.com/flash/50909.htm,植物战僵尸3D连连看
http://www.4399.com/flash/27265.htm,火柴人逃狱记
http://www.4399.com/flash/157666.htm,史上最贱小游戏13
http://www.4399.com/flash/113790.htm,找你妹正式版
http://www.4399.com/flash/123789.htm,恐龙觅食
http://www.4399.com/flash/128952.htm,坏蛋冰淇淋3
http://www.4399.com/flash/48349.htm,爱吃水果的虫子
http://www.4399.com/flash/1244.htm,红孩儿连连看
http://www.4399.com/flash/152162.htm,盗金父子2
http://www.4399.com/flash/8954.htm,阿sue家做客
http://www.4399.com/flash/142569.htm,一把火
http://www.4399.com/flash/91402.htm,保护橙子增强版3
http://www.4399.com/flash/56745.htm,动画师和动画
http://www.4399.com/flash/117146.htm,火柴人智闯飞艇
http://www.4399.com/flash/1287.htm,新麻雀连连看
http://www.4399.com/flash/134715.htm,捣蛋猪HD3.8
http://www.4399.com/flash/62725.htm,蜗牛鲍勃2中文版
http://www.4399.com/flash/123611.htm,小汽车的爱情梦
http://www.4399.com/flash/135633.htm,糖果去哪儿了2
http://www.4399.com/flash/151340.htm,熊猫逃生记之日本
http://www.4399.com/flash/90590.htm,极限爆破
http://www.4399.com/flash/90570.htm,小猫在太空
http://www.4399.com/flash/90558.htm,消灭小怪
http://www.4399.com/flash/90550.htm,病毒实验
http://www.4399.com/flash/90548.htm,消灭强盗选关版
http://www.4399.com/flash/90489.htm,送怪怪脸回家
http://www.4399.com/flash/90488.htm,3D炸积木
http://www.4399.com/flash/90441.htm,粗心阿sue找东西
http://www.4399.com/flash/90405.htm,芭比开车去郊游
http://www.4399.com/flash/90398.htm,送小动物回家
http://www.4399.com/flash/90377.htm,玩具赛道飞车
http://www.4399.com/flash/90379.htm,智商河豚
http://www.4399.com/flash/90374.htm,转速滚道正式版
http://www.4399.com/flash/90361.htm,吃我的果冻
http://www.4399.com/flash/90301.htm,愤怒的厨师
http://www.4399.com/flash/90225.htm,聪明的矿工
http://www.4399.com/flash/90248.htm,落跑的新郎
http://www.4399.com/flash/90227.htm,小松鼠爱坚果
http://www.4399.com/flash/90216.htm,送西瓜回家2
http://www.4399.com/flash/90207.htm,画线接鸡蛋
http://www.4399.com/flash/90141.htm,保护大头
http://www.4399.com/flash/90128.htm,机器人与方块
http://www.4399.com/flash/90122.htm,3D愤怒的坚果2
http://www.4399.com/flash/90102.htm,快乐小球吃果酱
http://www.4399.com/flash/90088.htm,滑翔的光环
http://www.4399.com/flash/90079.htm,古代中国女孩找茬
http://www.4399.com/flash/90041.htm,绿巨人逃生
http://www.4399.com/flash/90025.htm,逃离致命沙漠
http://www.4399.com/flash/90024.htm,GOGO小火车高清版
http://www.4399.com/flash/89952.htm,唤醒盒子4
http://www.4399.com/flash/89886.htm,字母给汽车铺路
http://www.4399.com/flash/89875.htm,小镇侦探
http://www.4399.com/flash/89779.htm,佩德罗砸宝石
http://www.4399.com/flash/89829.htm,立体俄罗斯方块
http://www.4399.com/flash/89817.htm,创意对对碰
http://www.4399.com/flash/89763.htm,汽车总动员大富翁
http://www.4399.com/flash/89738.htm,机器人叛乱
http://www.4399.com/flash/89732.htm,小绵羊记忆翻牌
http://www.4399.com/flash/89711.htm,小熊找真爱加强版
http://www.4399.com/flash/89643.htm,安妮水果大丰收
http://www.4399.com/flash/87852.htm,创意生存房间2
http://www.4399.com/flash/89614.htm,托马斯过河
http://www.4399.com/flash/89605.htm,送独眼章鱼回家修改版
http://www.4399.com/flash/89602.htm,奇趣撞车增强选关版
http://www.4399.com/flash/89600.htm,熊猫鹊桥会选关版
http://www.4399.com/flash/89587.htm,小爱丽丝逃脱
http://www.4399.com/flash/89578.htm,水果麻将连连看
http://www.4399.com/flash/89570.htm,物理笑脸球2
http://www.4399.com/flash/89569.htm,消灭笨山贼2
http://www.4399.com/flash/89568.htm,切绳子
http://www.4399.com/flash/89508.htm,愤怒的小鸟挤兑猪
http://www.4399.com/flash/89474.htm,跳动的音符豆
http://www.4399.com/flash/89471.htm,僵尸祖玛
http://www.4399.com/flash/89429.htm,熊猫鹊桥会
http://www.4399.com/flash/89428.htm,熊猫冲冲冲
http://www.4399.com/flash/89416.htm,拯救大胡子方块
http://www.4399.com/flash/1382.htm,宠物连连看2.5版
http://www.4399.com/flash/12669.htm,果蔬连连看
http://www.4399.com/flash/17801.htm,宠物连连看3.1
http://www.4399.com/flash/20660.htm,森林冰火人中文版
http://www.4399.com/flash/93551.htm,小鳄鱼爱洗澡中文版
http://www.4399.com/flash/113377.htm,森林冰火人4无敌版
http://www.4399.com/flash/10393.htm,石头连连看
http://www.4399.com/flash/79068.htm,高楼爆破3无敌版
http://www.4399.com/flash/853.htm,五子连珠
http://www.4399.com/flash/17403.htm,青蛙祖玛
http://www.4399.com/flash/57474.htm,蝴蝶连连看
http://www.4399.com/flash/4781.htm,花花连连看
http://www.4399.com/flash/136516.htm,消灭星星豪华版
http://www.4399.com/flash/54423.htm,4399打豆豆
http://www.4399.com/flash/2231.htm,宠物连连看2.6
http://www.4399.com/flash/63033.htm,森林冰火人双人迷宫
http://www.4399.com/flash/68259.htm,河马饲养员
http://www.4399.com/flash/106202.htm,消灭星星中文版
http://www.4399.com/flash/62002.htm,疯狂过山车2
http://www.4399.com/flash/100125.htm,装载卡车4
http://www.4399.com/flash/131178.htm,帮鸟儿解冻3
http://www.4399.com/flash/106933.htm,坏蛋冰淇淋2无敌版
http://www.4399.com/flash/171900.htm,装载卡车5
http://www.4399.com/flash/147327.htm,亚当找夏娃3
http://www.4399.com/flash/10919.htm,宠物连连看3.0版
http://www.4399.com/flash/71760.htm,小婴儿逃出系列3
http://www.4399.com/flash/156918.htm,坏小孩回家4
http://www.4399.com/flash/37529.htm,小火车过隧道无敌版
http://www.4399.com/flash/50350.htm,唤醒嗜睡的小人
http://www.4399.com/flash/41285.htm,朵拉的迷你高尔夫
http://www.4399.com/flash/130836.htm,消你妹
http://www.4399.com/flash/128302.htm,消灭星星3电脑版
http://www.4399.com/flash/103266.htm,炮兵突击
http://www.4399.com/flash/96689.htm,愤怒的小鸟太空版HD
http://www.4399.com/flash/57317.htm,激光炮轰小怪2
http://www.4399.com/flash/4782.htm,汽车标志连连看
http://www.4399.com/flash/89614.htm,托马斯过河
http://www.4399.com/flash/88882.htm,海绵宝宝3D大富翁2
http://www.4399.com/flash/138881.htm,激光炮轰小怪3加强版
http://www.4399.com/flash/21223.htm,小球进洞
http://www.4399.com/flash/89107.htm,黑太狼吃羊2
http://www.4399.com/flash/152489.htm,史上最贱小游戏之体育
http://www.4399.com/flash/80211.htm,中国熊猫2无敌版
http://www.4399.com/flash/92102.htm,连连看3.1原版
http://www.4399.com/flash/76887.htm,宠物连连看可爱版
http://www.4399.com/flash/66922.htm,亚当找夏娃中文版
http://www.4399.com/flash/65959.htm,高楼爆破无敌版
http://www.4399.com/flash/34726.htm,4399水果连连看
http://www.4399.com/flash/47634.htm,让子弹飞
http://www.4399.com/flash/122189.htm,史上最贱小游戏3
http://www.4399.com/flash/184591.htm,捣蛋猪HD8.0
http://www.4399.com/flash/50306.htm,奇妙水世界
http://www.4399.com/flash/143168.htm,手纸没有了
http://www.4399.com/flash/79452.htm,森林冰火人3
http://www.4399.com/flash/73311.htm,破蛋专家
http://www.4399.com/flash/92953.htm,逗小猴开心7
http://www.4399.com/flash/132546.htm,亚当找夏娃2
http://www.4399.com/flash/80972.htm,宠物连连看经典版2
http://www.4399.com/flash/138976.htm,盗金父子
http://www.4399.com/flash/69774.htm,高楼爆破2无敌版
http://www.4399.com/flash/42075.htm,光头小子找出口
http://www.4399.com/flash/86544.htm,鸡蛋大逃亡2
http://www.4399.com/flash/30543.htm,小婴儿逃出系列1
http://www.4399.com/flash/63828.htm,红球与绿球
http://www.4399.com/flash/106849.htm,坏蛋冰淇淋2
http://www.4399.com/flash/41483.htm,装载卡车
http://www.4399.com/flash/16395.htm,小婴儿逃出系列2
http://www.4399.com/flash/158011.htm,小汽车的英雄梦
http://www.4399.com/flash/73122.htm,装载卡车3
http://www.4399.com/flash/102581.htm,帮鸟儿解冻
http://www.4399.com/flash/33249.htm,帮小狗取手绢
http://www.4399.com/flash/9840.htm,在线弹钢琴
http://www.4399.com/flash/78828.htm,益智乐高2中文版
http://www.4399.com/flash/35965.htm,直升机打气球
http://www.4399.com/flash/92108.htm,连连看原版
http://www.4399.com/flash/97275.htm,3D旋转麻将连连看
http://www.4399.com/flash/46428.htm,空姐阿Sue
http://www.4399.com/flash/24571.htm,宠物连连看3.1无敌版
http://www.4399.com/flash/8670.htm,宠物连连看特别版
http://www.4399.com/flash/50909.htm,植物战僵尸3D连连看
http://www.4399.com/flash/27265.htm,火柴人逃狱记
http://www.4399.com/flash/157666.htm,史上最贱小游戏13
http://www.4399.com/flash/113790.htm,找你妹正式版
http://www.4399.com/flash/123789.htm,恐龙觅食
http://www.4399.com/flash/128952.htm,坏蛋冰淇淋3
http://www.4399.com/flash/48349.htm,爱吃水果的虫子
http://www.4399.com/flash/1244.htm,红孩儿连连看
http://www.4399.com/flash/152162.htm,盗金父子2
http://www.4399.com/flash/8954.htm,阿sue家做客
http://www.4399.com/flash/142569.htm,一把火
http://www.4399.com/flash/91402.htm,保护橙子增强版3
http://www.4399.com/flash/56745.htm,动画师和动画
http://www.4399.com/flash/117146.htm,火柴人智闯飞艇
http://www.4399.com/flash/1287.htm,新麻雀连连看
http://www.4399.com/flash/134715.htm,捣蛋猪HD3.8
http://www.4399.com/flash/62725.htm,蜗牛鲍勃2中文版
http://www.4399.com/flash/123611.htm,小汽车的爱情梦
http://www.4399.com/flash/135633.htm,糖果去哪儿了2
http://www.4399.com/flash/151340.htm,熊猫逃生记之日本
http://www.4399.com/flash/89402.htm,石头花园中文版
http://www.4399.com/flash/89389.htm,快乐游泳圈
http://www.4399.com/flash/89375.htm,堆积木块
http://www.4399.com/flash/89317.htm,贪吃的章鱼
http://www.4399.com/flash/89293.htm,飞车撞小车2修改版
http://www.4399.com/flash/89282.htm,外星人玩迷宫
http://www.4399.com/flash/89275.htm,可爱宠物麻将连连看
http://www.4399.com/flash/89224.htm,大西洋捕鱼
http://www.4399.com/flash/89213.htm,地狱使者之鬼森
http://www.4399.com/flash/89212.htm,宝石撞击
http://www.4399.com/flash/89188.htm,末日逃生
http://www.4399.com/flash/89184.htm,可爱朵拉消消看
http://www.4399.com/flash/89183.htm,怪物岛上的红方块
http://www.4399.com/flash/89167.htm,引爆独眼怪
http://www.4399.com/flash/89150.htm,破冰总动员
http://www.4399.com/flash/89149.htm,炮弹兄弟修改版
http://www.4399.com/flash/89143.htm,泰迪熊大冒险
http://www.4399.com/flash/89125.htm,农场圈地
http://www.4399.com/flash/89109.htm,可爱记忆翻牌
http://www.4399.com/flash/89107.htm,黑太狼吃羊2
http://www.4399.com/flash/89062.htm,幽灵村庄逃生
http://www.4399.com/flash/89056.htm,胖豚鼠吃糖
http://www.4399.com/flash/89031.htm,掘金矿工
http://www.4399.com/flash/88968.htm,怪物吃饼干2
http://www.4399.com/flash/88882.htm,海绵宝宝3D大富翁2
http://www.4399.com/flash/88937.htm,春天对对碰
http://www.4399.com/flash/88934.htm,海绵宝宝智力大拼图
http://www.4399.com/flash/88931.htm,聪明的魔法师
http://www.4399.com/flash/88902.htm,疯狂戴夫逃离小院
http://www.4399.com/flash/88838.htm,字中字
http://www.4399.com/flash/88780.htm,金字塔盗墓者
http://www.4399.com/flash/88765.htm,立体方块回家
http://www.4399.com/flash/88711.htm,小网球回家
http://www.4399.com/flash/88697.htm,送西瓜回家
http://www.4399.com/flash/88694.htm,邪恶蜘蛛侠4
http://www.4399.com/flash/88693.htm,画笔小人回铁笼
http://www.4399.com/flash/88695.htm,棕色方块下地狱2
http://www.4399.com/flash/88677.htm,涂鸦俄罗斯方块
http://www.4399.com/flash/88614.htm,绿方块回家滑冰版
http://www.4399.com/flash/88565.htm,弗雷逃离实验室
http://www.4399.com/flash/88559.htm,大炮打泡泡
http://www.4399.com/flash/88553.htm,消除噪音
http://www.4399.com/flash/88551.htm,飞车撞箱子
http://www.4399.com/flash/88487.htm,飞车撞小车2
http://www.4399.com/flash/88436.htm,朵拉探险家找东西
http://www.4399.com/flash/88398.htm,灾难来临时
http://www.4399.com/flash/88428.htm,摧毁禁锢之塔
http://www.4399.com/flash/88385.htm,小猫环游世界
http://www.4399.com/flash/88384.htm,阿sue填色3
http://www.4399.com/flash/88319.htm,整理工具箱
http://www.4399.com/flash/88312.htm,兔子爱吃卷心菜中文版
http://www.4399.com/flash/88295.htm,彩虹的形成
http://www.4399.com/flash/88284.htm,消灭强盗
http://www.4399.com/flash/88268.htm,色彩同化
http://www.4399.com/flash/88232.htm,拆！洗衣机
http://www.4399.com/flash/88231.htm,百慕大探险
http://www.4399.com/flash/1382.htm,宠物连连看2.5版
http://www.4399.com/flash/12669.htm,果蔬连连看
http://www.4399.com/flash/17801.htm,宠物连连看3.1
http://www.4399.com/flash/20660.htm,森林冰火人中文版
http://www.4399.com/flash/93551.htm,小鳄鱼爱洗澡中文版
http://www.4399.com/flash/113377.htm,森林冰火人4无敌版
http://www.4399.com/flash/10393.htm,石头连连看
http://www.4399.com/flash/79068.htm,高楼爆破3无敌版
http://www.4399.com/flash/853.htm,五子连珠
http://www.4399.com/flash/17403.htm,青蛙祖玛
http://www.4399.com/flash/57474.htm,蝴蝶连连看
http://www.4399.com/flash/4781.htm,花花连连看
http://www.4399.com/flash/136516.htm,消灭星星豪华版
http://www.4399.com/flash/54423.htm,4399打豆豆
http://www.4399.com/flash/2231.htm,宠物连连看2.6
http://www.4399.com/flash/63033.htm,森林冰火人双人迷宫
http://www.4399.com/flash/68259.htm,河马饲养员
http://www.4399.com/flash/106202.htm,消灭星星中文版
http://www.4399.com/flash/62002.htm,疯狂过山车2
http://www.4399.com/flash/100125.htm,装载卡车4
http://www.4399.com/flash/131178.htm,帮鸟儿解冻3
http://www.4399.com/flash/106933.htm,坏蛋冰淇淋2无敌版
http://www.4399.com/flash/171900.htm,装载卡车5
http://www.4399.com/flash/147327.htm,亚当找夏娃3
http://www.4399.com/flash/10919.htm,宠物连连看3.0版
http://www.4399.com/flash/71760.htm,小婴儿逃出系列3
http://www.4399.com/flash/156918.htm,坏小孩回家4
http://www.4399.com/flash/37529.htm,小火车过隧道无敌版
http://www.4399.com/flash/50350.htm,唤醒嗜睡的小人
http://www.4399.com/flash/41285.htm,朵拉的迷你高尔夫
http://www.4399.com/flash/130836.htm,消你妹
http://www.4399.com/flash/128302.htm,消灭星星3电脑版
http://www.4399.com/flash/103266.htm,炮兵突击
http://www.4399.com/flash/96689.htm,愤怒的小鸟太空版HD
http://www.4399.com/flash/57317.htm,激光炮轰小怪2
http://www.4399.com/flash/4782.htm,汽车标志连连看
http://www.4399.com/flash/89614.htm,托马斯过河
http://www.4399.com/flash/88882.htm,海绵宝宝3D大富翁2
http://www.4399.com/flash/138881.htm,激光炮轰小怪3加强版
http://www.4399.com/flash/21223.htm,小球进洞
http://www.4399.com/flash/89107.htm,黑太狼吃羊2
http://www.4399.com/flash/152489.htm,史上最贱小游戏之体育
http://www.4399.com/flash/80211.htm,中国熊猫2无敌版
http://www.4399.com/flash/92102.htm,连连看3.1原版
http://www.4399.com/flash/76887.htm,宠物连连看可爱版
http://www.4399.com/flash/66922.htm,亚当找夏娃中文版
http://www.4399.com/flash/65959.htm,高楼爆破无敌版
http://www.4399.com/flash/34726.htm,4399水果连连看
http://www.4399.com/flash/47634.htm,让子弹飞
http://www.4399.com/flash/122189.htm,史上最贱小游戏3
http://www.4399.com/flash/184591.htm,捣蛋猪HD8.0
http://www.4399.com/flash/50306.htm,奇妙水世界
http://www.4399.com/flash/143168.htm,手纸没有了
http://www.4399.com/flash/79452.htm,森林冰火人3
http://www.4399.com/flash/73311.htm,破蛋专家
http://www.4399.com/flash/92953.htm,逗小猴开心7
http://www.4399.com/flash/132546.htm,亚当找夏娃2
http://www.4399.com/flash/80972.htm,宠物连连看经典版2
http://www.4399.com/flash/138976.htm,盗金父子
http://www.4399.com/flash/69774.htm,高楼爆破2无敌版
http://www.4399.com/flash/42075.htm,光头小子找出口
http://www.4399.com/flash/86544.htm,鸡蛋大逃亡2
http://www.4399.com/flash/30543.htm,小婴儿逃出系列1
http://www.4399.com/flash/63828.htm,红球与绿球
http://www.4399.com/flash/106849.htm,坏蛋冰淇淋2
http://www.4399.com/flash/41483.htm,装载卡车
http://www.4399.com/flash/16395.htm,小婴儿逃出系列2
http://www.4399.com/flash/158011.htm,小汽车的英雄梦
http://www.4399.com/flash/73122.htm,装载卡车3
http://www.4399.com/flash/102581.htm,帮鸟儿解冻
http://www.4399.com/flash/33249.htm,帮小狗取手绢
http://www.4399.com/flash/9840.htm,在线弹钢琴
http://www.4399.com/flash/78828.htm,益智乐高2中文版
http://www.4399.com/flash/35965.htm,直升机打气球
http://www.4399.com/flash/92108.htm,连连看原版
http://www.4399.com/flash/97275.htm,3D旋转麻将连连看
http://www.4399.com/flash/46428.htm,空姐阿Sue
http://www.4399.com/flash/24571.htm,宠物连连看3.1无敌版
http://www.4399.com/flash/8670.htm,宠物连连看特别版
http://www.4399.com/flash/50909.htm,植物战僵尸3D连连看
http://www.4399.com/flash/27265.htm,火柴人逃狱记
http://www.4399.com/flash/157666.htm,史上最贱小游戏13
http://www.4399.com/flash/113790.htm,找你妹正式版
http://www.4399.com/flash/123789.htm,恐龙觅食
http://www.4399.com/flash/128952.htm,坏蛋冰淇淋3
http://www.4399.com/flash/48349.htm,爱吃水果的虫子
http://www.4399.com/flash/1244.htm,红孩儿连连看
http://www.4399.com/flash/152162.htm,盗金父子2
http://www.4399.com/flash/8954.htm,阿sue家做客
http://www.4399.com/flash/142569.htm,一把火
http://www.4399.com/flash/91402.htm,保护橙子增强版3
http://www.4399.com/flash/56745.htm,动画师和动画
http://www.4399.com/flash/117146.htm,火柴人智闯飞艇
http://www.4399.com/flash/1287.htm,新麻雀连连看
http://www.4399.com/flash/134715.htm,捣蛋猪HD3.8
http://www.4399.com/flash/62725.htm,蜗牛鲍勃2中文版
http://www.4399.com/flash/123611.htm,小汽车的爱情梦
http://www.4399.com/flash/135633.htm,糖果去哪儿了2
http://www.4399.com/flash/151340.htm,熊猫逃生记之日本
http://www.4399.com/flash/88219.htm,农场解谜
http://www.4399.com/flash/88216.htm,愤怒的农夫
http://www.4399.com/flash/88213.htm,逗小猴开心5新版
http://www.4399.com/flash/88193.htm,鸡蛋冲冲冲
http://www.4399.com/flash/88172.htm,结婚大冒险
http://www.4399.com/flash/88159.htm,粉红小兔逃跑
http://www.4399.com/flash/83071.htm,蜂蜜制造工厂
http://www.4399.com/flash/88098.htm,愤怒的小鸟之射击小猪
http://www.4399.com/flash/88075.htm,拯救小鸡自制版
http://www.4399.com/flash/58053.htm,豆娃美术班
http://www.4399.com/flash/88045.htm,赶跑小鬼
http://www.4399.com/flash/88031.htm,托马斯货物匹配
http://www.4399.com/flash/88023.htm,阴阳融合
http://www.4399.com/flash/87969.htm,夺宝神兵
http://www.4399.com/flash/87946.htm,重建花园大厦
http://www.4399.com/flash/87931.htm,小兔子火车
http://www.4399.com/flash/87891.htm,甲虫妈妈
http://www.4399.com/flash/87887.htm,骨牌总动员
http://www.4399.com/flash/87829.htm,万圣节版连连看
http://www.4399.com/flash/87817.htm,德鲁回蘑菇房
http://www.4399.com/flash/87815.htm,地牢里的钥匙
http://www.4399.com/flash/87811.htm,飞哥与小佛建塔正式版
http://www.4399.com/flash/87796.htm,热成像间谍2
http://www.4399.com/flash/87774.htm,大脸猴与火刺猬
http://www.4399.com/flash/87755.htm,杯具高尔夫
http://www.4399.com/flash/87742.htm,战地坦克
http://www.4399.com/flash/87599.htm,海绵宝宝丢扳手
http://www.4399.com/flash/87675.htm,小岛大战食人花
http://www.4399.com/flash/87660.htm,海绵宝宝下沙雨
http://www.4399.com/flash/87638.htm,送独眼章鱼回家
http://www.4399.com/flash/87595.htm,切割小球
http://www.4399.com/flash/87577.htm,五星战队养宠物
http://www.4399.com/flash/87604.htm,小鳄鱼爱洗澡
http://www.4399.com/flash/87517.htm,摧毁木偶人
http://www.4399.com/flash/87513.htm,炸彩块喂鲨鱼FB版
http://www.4399.com/flash/87499.htm,风车转啊转
http://www.4399.com/flash/87477.htm,愤怒的复仇者
http://www.4399.com/flash/87464.htm,送小鱼回家
http://www.4399.com/flash/87463.htm,成就解锁3
http://www.4399.com/flash/87386.htm,小球进铁桶
http://www.4399.com/flash/87384.htm,铅笔画迷宫
http://www.4399.com/flash/87242.htm,白兔历险记6
http://www.4399.com/flash/87155.htm,送小盒回家2
http://www.4399.com/flash/87149.htm,拯救小小猎人2
http://www.4399.com/flash/87116.htm,海绵宝宝扔飞盘
http://www.4399.com/flash/87112.htm,海绵宝宝搭积木
http://www.4399.com/flash/87023.htm,高尔夫球进洞
http://www.4399.com/flash/86984.htm,天线精灵历险记
http://www.4399.com/flash/86981.htm,鲁道夫的飞行器
http://www.4399.com/flash/86902.htm,古堡的实验室
http://www.4399.com/flash/86876.htm,唤醒老爷爷
http://www.4399.com/flash/86776.htm,没有重力的地方
http://www.4399.com/flash/86716.htm,海绵宝宝大扫除
http://www.4399.com/flash/86696.htm,无头机器人
http://www.4399.com/flash/86646.htm,新版愤怒的小鸟弹跳球
http://www.4399.com/flash/86644.htm,黏黏逃脱术
http://www.4399.com/flash/1382.htm,宠物连连看2.5版
http://www.4399.com/flash/12669.htm,果蔬连连看
http://www.4399.com/flash/17801.htm,宠物连连看3.1
http://www.4399.com/flash/20660.htm,森林冰火人中文版
http://www.4399.com/flash/93551.htm,小鳄鱼爱洗澡中文版
http://www.4399.com/flash/113377.htm,森林冰火人4无敌版
http://www.4399.com/flash/10393.htm,石头连连看
http://www.4399.com/flash/79068.htm,高楼爆破3无敌版
http://www.4399.com/flash/853.htm,五子连珠
http://www.4399.com/flash/17403.htm,青蛙祖玛
http://www.4399.com/flash/57474.htm,蝴蝶连连看
http://www.4399.com/flash/4781.htm,花花连连看
http://www.4399.com/flash/136516.htm,消灭星星豪华版
http://www.4399.com/flash/54423.htm,4399打豆豆
http://www.4399.com/flash/2231.htm,宠物连连看2.6
http://www.4399.com/flash/63033.htm,森林冰火人双人迷宫
http://www.4399.com/flash/68259.htm,河马饲养员
http://www.4399.com/flash/106202.htm,消灭星星中文版
http://www.4399.com/flash/62002.htm,疯狂过山车2
http://www.4399.com/flash/100125.htm,装载卡车4
http://www.4399.com/flash/131178.htm,帮鸟儿解冻3
http://www.4399.com/flash/106933.htm,坏蛋冰淇淋2无敌版
http://www.4399.com/flash/171900.htm,装载卡车5
http://www.4399.com/flash/147327.htm,亚当找夏娃3
http://www.4399.com/flash/10919.htm,宠物连连看3.0版
http://www.4399.com/flash/71760.htm,小婴儿逃出系列3
http://www.4399.com/flash/156918.htm,坏小孩回家4
http://www.4399.com/flash/37529.htm,小火车过隧道无敌版
http://www.4399.com/flash/50350.htm,唤醒嗜睡的小人
http://www.4399.com/flash/41285.htm,朵拉的迷你高尔夫
http://www.4399.com/flash/130836.htm,消你妹
http://www.4399.com/flash/128302.htm,消灭星星3电脑版
http://www.4399.com/flash/103266.htm,炮兵突击
http://www.4399.com/flash/96689.htm,愤怒的小鸟太空版HD
http://www.4399.com/flash/57317.htm,激光炮轰小怪2
http://www.4399.com/flash/4782.htm,汽车标志连连看
http://www.4399.com/flash/89614.htm,托马斯过河
http://www.4399.com/flash/88882.htm,海绵宝宝3D大富翁2
http://www.4399.com/flash/138881.htm,激光炮轰小怪3加强版
http://www.4399.com/flash/21223.htm,小球进洞
http://www.4399.com/flash/89107.htm,黑太狼吃羊2
http://www.4399.com/flash/152489.htm,史上最贱小游戏之体育
http://www.4399.com/flash/80211.htm,中国熊猫2无敌版
http://www.4399.com/flash/92102.htm,连连看3.1原版
http://www.4399.com/flash/76887.htm,宠物连连看可爱版
http://www.4399.com/flash/66922.htm,亚当找夏娃中文版
http://www.4399.com/flash/65959.htm,高楼爆破无敌版
http://www.4399.com/flash/34726.htm,4399水果连连看
http://www.4399.com/flash/47634.htm,让子弹飞
http://www.4399.com/flash/122189.htm,史上最贱小游戏3
http://www.4399.com/flash/184591.htm,捣蛋猪HD8.0
http://www.4399.com/flash/50306.htm,奇妙水世界
http://www.4399.com/flash/143168.htm,手纸没有了
http://www.4399.com/flash/79452.htm,森林冰火人3
http://www.4399.com/flash/73311.htm,破蛋专家
http://www.4399.com/flash/92953.htm,逗小猴开心7
http://www.4399.com/flash/132546.htm,亚当找夏娃2
http://www.4399.com/flash/80972.htm,宠物连连看经典版2
http://www.4399.com/flash/138976.htm,盗金父子
http://www.4399.com/flash/69774.htm,高楼爆破2无敌版
http://www.4399.com/flash/42075.htm,光头小子找出口
http://www.4399.com/flash/86544.htm,鸡蛋大逃亡2
http://www.4399.com/flash/30543.htm,小婴儿逃出系列1
http://www.4399.com/flash/63828.htm,红球与绿球
http://www.4399.com/flash/106849.htm,坏蛋冰淇淋2
http://www.4399.com/flash/41483.htm,装载卡车
http://www.4399.com/flash/16395.htm,小婴儿逃出系列2
http://www.4399.com/flash/158011.htm,小汽车的英雄梦
http://www.4399.com/flash/73122.htm,装载卡车3
http://www.4399.com/flash/102581.htm,帮鸟儿解冻
http://www.4399.com/flash/33249.htm,帮小狗取手绢
http://www.4399.com/flash/9840.htm,在线弹钢琴
http://www.4399.com/flash/78828.htm,益智乐高2中文版
http://www.4399.com/flash/35965.htm,直升机打气球
http://www.4399.com/flash/92108.htm,连连看原版
http://www.4399.com/flash/97275.htm,3D旋转麻将连连看
http://www.4399.com/flash/46428.htm,空姐阿Sue
http://www.4399.com/flash/24571.htm,宠物连连看3.1无敌版
http://www.4399.com/flash/8670.htm,宠物连连看特别版
http://www.4399.com/flash/50909.htm,植物战僵尸3D连连看
http://www.4399.com/flash/27265.htm,火柴人逃狱记
http://www.4399.com/flash/157666.htm,史上最贱小游戏13
http://www.4399.com/flash/113790.htm,找你妹正式版
http://www.4399.com/flash/123789.htm,恐龙觅食
http://www.4399.com/flash/128952.htm,坏蛋冰淇淋3
http://www.4399.com/flash/48349.htm,爱吃水果的虫子
http://www.4399.com/flash/1244.htm,红孩儿连连看
http://www.4399.com/flash/152162.htm,盗金父子2
http://www.4399.com/flash/8954.htm,阿sue家做客
http://www.4399.com/flash/142569.htm,一把火
http://www.4399.com/flash/91402.htm,保护橙子增强版3
http://www.4399.com/flash/56745.htm,动画师和动画
http://www.4399.com/flash/117146.htm,火柴人智闯飞艇
http://www.4399.com/flash/1287.htm,新麻雀连连看
http://www.4399.com/flash/134715.htm,捣蛋猪HD3.8
http://www.4399.com/flash/62725.htm,蜗牛鲍勃2中文版
http://www.4399.com/flash/123611.htm,小汽车的爱情梦
http://www.4399.com/flash/135633.htm,糖果去哪儿了2
http://www.4399.com/flash/151340.htm,熊猫逃生记之日本
http://www.4399.com/flash/86640.htm,愤怒的小鸟配对
http://www.4399.com/flash/86642.htm,盒子回家2
http://www.4399.com/flash/86627.htm,指挥铁路
http://www.4399.com/flash/86609.htm,炸掉大花鼠
http://www.4399.com/flash/86557.htm,射击道尔顿
http://www.4399.com/flash/86554.htm,兔子爱吃卷心菜
http://www.4399.com/flash/86544.htm,鸡蛋大逃亡2
http://www.4399.com/flash/86500.htm,玩具店
http://www.4399.com/flash/86496.htm,小球怒砸南瓜头3
http://www.4399.com/flash/86452.htm,神秘的酒吧3
http://www.4399.com/flash/86446.htm,杰克警长
http://www.4399.com/flash/86438.htm,会飞的小猪2
http://www.4399.com/flash/86388.htm,小黑球灭灯2
http://www.4399.com/flash/86420.htm,平衡叠积木
http://www.4399.com/flash/86371.htm,少年骇客力量之路
http://www.4399.com/flash/86353.htm,忍者的试炼
http://www.4399.com/flash/86245.htm,饥饿的小熊
http://www.4399.com/flash/86226.htm,小鸟十字爆2
http://www.4399.com/flash/86149.htm,另类接水管中文版
http://www.4399.com/flash/86144.htm,狐狸滚球增强版2
http://www.4399.com/flash/86139.htm,物块替换
http://www.4399.com/flash/86131.htm,大猩猩勇闯动物园
http://www.4399.com/flash/86073.htm,智慧骑士找公主
http://www.4399.com/flash/85989.htm,迷宫逃生
http://www.4399.com/flash/85986.htm,愤怒的查利
http://www.4399.com/flash/85981.htm,愤怒的小鸟太空拼图
http://www.4399.com/flash/85974.htm,寻找奶牛
http://www.4399.com/flash/85958.htm,道路拼接
http://www.4399.com/flash/85813.htm,简易对对碰
http://www.4399.com/flash/85916.htm,龙斗台球
http://www.4399.com/flash/85906.htm,杰克找帽子
http://www.4399.com/flash/85884.htm,愤怒的小鸟之对对碰
http://www.4399.com/flash/85880.htm,鲨鱼猎人
http://www.4399.com/flash/85860.htm,疯狂的企鹅修改版
http://www.4399.com/flash/85858.htm,苹果电脑房逃生
http://www.4399.com/flash/85831.htm,海绵宝宝奖杯俄罗斯
http://www.4399.com/flash/85814.htm,重力橙子加强版
http://www.4399.com/flash/85811.htm,蔬菜打水果
http://www.4399.com/flash/85810.htm,筋斗云
http://www.4399.com/flash/85809.htm,植物大战僵尸之引爆炸弹
http://www.4399.com/flash/85801.htm,奇怪的入侵者
http://www.4399.com/flash/85780.htm,黄球回家
http://www.4399.com/flash/85782.htm,黑精灵回家
http://www.4399.com/flash/85767.htm,点击乐5
http://www.4399.com/flash/85746.htm,愤怒小鸟平衡球
http://www.4399.com/flash/85735.htm,立体搭积木
http://www.4399.com/flash/85713.htm,黛比送宝宝回家
http://www.4399.com/flash/85682.htm,疯狂击球
http://www.4399.com/flash/85667.htm,恐惧的小鸟
http://www.4399.com/flash/85643.htm,红绿小怪回家
http://www.4399.com/flash/85558.htm,少年骇客玛雅之剑
http://www.4399.com/flash/85526.htm,老雷斯的故事
http://www.4399.com/flash/85494.htm,毛球进箱
http://www.4399.com/flash/85489.htm,武士历险记
http://www.4399.com/flash/85479.htm,气球飞上天2
http://www.4399.com/flash/85477.htm,红球采集星星
http://www.4399.com/flash/1382.htm,宠物连连看2.5版
http://www.4399.com/flash/12669.htm,果蔬连连看
http://www.4399.com/flash/17801.htm,宠物连连看3.1
http://www.4399.com/flash/20660.htm,森林冰火人中文版
http://www.4399.com/flash/93551.htm,小鳄鱼爱洗澡中文版
http://www.4399.com/flash/113377.htm,森林冰火人4无敌版
http://www.4399.com/flash/10393.htm,石头连连看
http://www.4399.com/flash/79068.htm,高楼爆破3无敌版
http://www.4399.com/flash/853.htm,五子连珠
http://www.4399.com/flash/17403.htm,青蛙祖玛
http://www.4399.com/flash/57474.htm,蝴蝶连连看
http://www.4399.com/flash/4781.htm,花花连连看
http://www.4399.com/flash/136516.htm,消灭星星豪华版
http://www.4399.com/flash/54423.htm,4399打豆豆
http://www.4399.com/flash/2231.htm,宠物连连看2.6
http://www.4399.com/flash/63033.htm,森林冰火人双人迷宫
http://www.4399.com/flash/68259.htm,河马饲养员
http://www.4399.com/flash/106202.htm,消灭星星中文版
http://www.4399.com/flash/62002.htm,疯狂过山车2
http://www.4399.com/flash/100125.htm,装载卡车4
http://www.4399.com/flash/131178.htm,帮鸟儿解冻3
http://www.4399.com/flash/106933.htm,坏蛋冰淇淋2无敌版
http://www.4399.com/flash/171900.htm,装载卡车5
http://www.4399.com/flash/147327.htm,亚当找夏娃3
http://www.4399.com/flash/10919.htm,宠物连连看3.0版
http://www.4399.com/flash/71760.htm,小婴儿逃出系列3
http://www.4399.com/flash/156918.htm,坏小孩回家4
http://www.4399.com/flash/37529.htm,小火车过隧道无敌版
http://www.4399.com/flash/50350.htm,唤醒嗜睡的小人
http://www.4399.com/flash/41285.htm,朵拉的迷你高尔夫
http://www.4399.com/flash/130836.htm,消你妹
http://www.4399.com/flash/128302.htm,消灭星星3电脑版
http://www.4399.com/flash/103266.htm,炮兵突击
http://www.4399.com/flash/96689.htm,愤怒的小鸟太空版HD
http://www.4399.com/flash/57317.htm,激光炮轰小怪2
http://www.4399.com/flash/4782.htm,汽车标志连连看
http://www.4399.com/flash/89614.htm,托马斯过河
http://www.4399.com/flash/88882.htm,海绵宝宝3D大富翁2
http://www.4399.com/flash/138881.htm,激光炮轰小怪3加强版
http://www.4399.com/flash/21223.htm,小球进洞
http://www.4399.com/flash/89107.htm,黑太狼吃羊2
http://www.4399.com/flash/152489.htm,史上最贱小游戏之体育
http://www.4399.com/flash/80211.htm,中国熊猫2无敌版
http://www.4399.com/flash/92102.htm,连连看3.1原版
http://www.4399.com/flash/76887.htm,宠物连连看可爱版
http://www.4399.com/flash/66922.htm,亚当找夏娃中文版
http://www.4399.com/flash/65959.htm,高楼爆破无敌版
http://www.4399.com/flash/34726.htm,4399水果连连看
http://www.4399.com/flash/47634.htm,让子弹飞
http://www.4399.com/flash/122189.htm,史上最贱小游戏3
http://www.4399.com/flash/184591.htm,捣蛋猪HD8.0
http://www.4399.com/flash/50306.htm,奇妙水世界
http://www.4399.com/flash/143168.htm,手纸没有了
http://www.4399.com/flash/79452.htm,森林冰火人3
http://www.4399.com/flash/73311.htm,破蛋专家
http://www.4399.com/flash/92953.htm,逗小猴开心7
http://www.4399.com/flash/132546.htm,亚当找夏娃2
http://www.4399.com/flash/80972.htm,宠物连连看经典版2
http://www.4399.com/flash/138976.htm,盗金父子
http://www.4399.com/flash/69774.htm,高楼爆破2无敌版
http://www.4399.com/flash/42075.htm,光头小子找出口
http://www.4399.com/flash/86544.htm,鸡蛋大逃亡2
http://www.4399.com/flash/30543.htm,小婴儿逃出系列1
http://www.4399.com/flash/63828.htm,红球与绿球
http://www.4399.com/flash/106849.htm,坏蛋冰淇淋2
http://www.4399.com/flash/41483.htm,装载卡车
http://www.4399.com/flash/16395.htm,小婴儿逃出系列2
http://www.4399.com/flash/158011.htm,小汽车的英雄梦
http://www.4399.com/flash/73122.htm,装载卡车3
http://www.4399.com/flash/102581.htm,帮鸟儿解冻
http://www.4399.com/flash/33249.htm,帮小狗取手绢
http://www.4399.com/flash/9840.htm,在线弹钢琴
http://www.4399.com/flash/78828.htm,益智乐高2中文版
http://www.4399.com/flash/35965.htm,直升机打气球
http://www.4399.com/flash/92108.htm,连连看原版
http://www.4399.com/flash/97275.htm,3D旋转麻将连连看
http://www.4399.com/flash/46428.htm,空姐阿Sue
http://www.4399.com/flash/24571.htm,宠物连连看3.1无敌版
http://www.4399.com/flash/8670.htm,宠物连连看特别版
http://www.4399.com/flash/50909.htm,植物战僵尸3D连连看
http://www.4399.com/flash/27265.htm,火柴人逃狱记
http://www.4399.com/flash/157666.htm,史上最贱小游戏13
http://www.4399.com/flash/113790.htm,找你妹正式版
http://www.4399.com/flash/123789.htm,恐龙觅食
http://www.4399.com/flash/128952.htm,坏蛋冰淇淋3
http://www.4399.com/flash/48349.htm,爱吃水果的虫子
http://www.4399.com/flash/1244.htm,红孩儿连连看
http://www.4399.com/flash/152162.htm,盗金父子2
http://www.4399.com/flash/8954.htm,阿sue家做客
http://www.4399.com/flash/142569.htm,一把火
http://www.4399.com/flash/91402.htm,保护橙子增强版3
http://www.4399.com/flash/56745.htm,动画师和动画
http://www.4399.com/flash/117146.htm,火柴人智闯飞艇
http://www.4399.com/flash/1287.htm,新麻雀连连看
http://www.4399.com/flash/134715.htm,捣蛋猪HD3.8
http://www.4399.com/flash/62725.htm,蜗牛鲍勃2中文版
http://www.4399.com/flash/123611.htm,小汽车的爱情梦
http://www.4399.com/flash/135633.htm,糖果去哪儿了2
http://www.4399.com/flash/151340.htm,熊猫逃生记之日本
http://www.4399.com/flash/85457.htm,长鼻子杰克
http://www.4399.com/flash/85403.htm,我是天使
http://www.4399.com/flash/85398.htm,大鱼儿吃小鱼儿
http://www.4399.com/flash/85392.htm,浣熊宠物店逃脱
http://www.4399.com/flash/85388.htm,失落的灵魂魔画
http://www.4399.com/flash/85341.htm,乔尼寻宝记3
http://www.4399.com/flash/85340.htm,变形金刚大战
http://www.4399.com/flash/85298.htm,街头技巧停车
http://www.4399.com/flash/85297.htm,森林泡泡大战
http://www.4399.com/flash/85206.htm,森林冰火人3无敌版
http://www.4399.com/flash/85228.htm,炮弹打宝箱
http://www.4399.com/flash/85186.htm,赶走黑脸
http://www.4399.com/flash/85183.htm,消除彩色方块2
http://www.4399.com/flash/85171.htm,水桶球
http://www.4399.com/flash/85112.htm,海盗任务
http://www.4399.com/flash/85082.htm,半神拼图
http://www.4399.com/flash/85071.htm,魔龙的信使
http://www.4399.com/flash/85055.htm,愤怒的小鸟找数字
http://www.4399.com/flash/85013.htm,物理小球2
http://www.4399.com/flash/85010.htm,丛林之战
http://www.4399.com/flash/84992.htm,齿轮回漩涡2中文版
http://www.4399.com/flash/84981.htm,旋转忍者
http://www.4399.com/flash/84973.htm,愤怒小鸟找字母
http://www.4399.com/flash/84966.htm,小猴吃钻石
http://www.4399.com/flash/84963.htm,愤怒小鸟拼图
http://www.4399.com/flash/84917.htm,小老鼠猜云朵
http://www.4399.com/flash/84914.htm,军官采蘑菇
http://www.4399.com/flash/84912.htm,僵尸男孩回家
http://www.4399.com/flash/84908.htm,转动木质轮盘
http://www.4399.com/flash/84901.htm,骑士救公主
http://www.4399.com/flash/84896.htm,丑八怪开大炮
http://www.4399.com/flash/84890.htm,多彩鸡蛋消消看
http://www.4399.com/flash/84885.htm,幽灵的轮回
http://www.4399.com/flash/84847.htm,春天来了
http://www.4399.com/flash/84826.htm,逃离火山
http://www.4399.com/flash/84788.htm,柯南与10只烟
http://www.4399.com/flash/84781.htm,七大奇迹对对碰
http://www.4399.com/flash/84752.htm,复仇者联盟找星星
http://www.4399.com/flash/84726.htm,下一个是什么
http://www.4399.com/flash/84724.htm,解救美人鱼
http://www.4399.com/flash/84706.htm,陀螺争霸
http://www.4399.com/flash/84683.htm,勇士回家
http://www.4399.com/flash/84658.htm,过山车贵宾加强版
http://www.4399.com/flash/84644.htm,方块切割
http://www.4399.com/flash/84647.htm,小胡子海盗大冒险
http://www.4399.com/flash/84633.htm,愤怒的小鸟拼图2
http://www.4399.com/flash/84642.htm,翻滚的小熊
http://www.4399.com/flash/84573.htm,骑士回城堡
http://www.4399.com/flash/84598.htm,病毒平衡
http://www.4399.com/flash/84590.htm,复仇者的敌人
http://www.4399.com/flash/84586.htm,自由奔跑
http://www.4399.com/flash/84554.htm,顽皮炸弹
http://www.4399.com/flash/84524.htm,降世神通之豆兵
http://www.4399.com/flash/84476.htm,拆！寿司盒
http://www.4399.com/flash/84465.htm,天神之战
http://www.4399.com/flash/84438.htm,能量球入洞
http://www.4399.com/flash/1382.htm,宠物连连看2.5版
http://www.4399.com/flash/12669.htm,果蔬连连看
http://www.4399.com/flash/17801.htm,宠物连连看3.1
http://www.4399.com/flash/20660.htm,森林冰火人中文版
http://www.4399.com/flash/93551.htm,小鳄鱼爱洗澡中文版
http://www.4399.com/flash/113377.htm,森林冰火人4无敌版
http://www.4399.com/flash/10393.htm,石头连连看
http://www.4399.com/flash/79068.htm,高楼爆破3无敌版
http://www.4399.com/flash/853.htm,五子连珠
http://www.4399.com/flash/17403.htm,青蛙祖玛
http://www.4399.com/flash/57474.htm,蝴蝶连连看
http://www.4399.com/flash/4781.htm,花花连连看
http://www.4399.com/flash/136516.htm,消灭星星豪华版
http://www.4399.com/flash/54423.htm,4399打豆豆
http://www.4399.com/flash/2231.htm,宠物连连看2.6
http://www.4399.com/flash/63033.htm,森林冰火人双人迷宫
http://www.4399.com/flash/68259.htm,河马饲养员
http://www.4399.com/flash/106202.htm,消灭星星中文版
http://www.4399.com/flash/62002.htm,疯狂过山车2
http://www.4399.com/flash/100125.htm,装载卡车4
http://www.4399.com/flash/131178.htm,帮鸟儿解冻3
http://www.4399.com/flash/106933.htm,坏蛋冰淇淋2无敌版
http://www.4399.com/flash/171900.htm,装载卡车5
http://www.4399.com/flash/147327.htm,亚当找夏娃3
http://www.4399.com/flash/10919.htm,宠物连连看3.0版
http://www.4399.com/flash/71760.htm,小婴儿逃出系列3
http://www.4399.com/flash/156918.htm,坏小孩回家4
http://www.4399.com/flash/37529.htm,小火车过隧道无敌版
http://www.4399.com/flash/50350.htm,唤醒嗜睡的小人
http://www.4399.com/flash/41285.htm,朵拉的迷你高尔夫
http://www.4399.com/flash/130836.htm,消你妹
http://www.4399.com/flash/128302.htm,消灭星星3电脑版
http://www.4399.com/flash/103266.htm,炮兵突击
http://www.4399.com/flash/96689.htm,愤怒的小鸟太空版HD
http://www.4399.com/flash/57317.htm,激光炮轰小怪2
http://www.4399.com/flash/4782.htm,汽车标志连连看
http://www.4399.com/flash/89614.htm,托马斯过河
http://www.4399.com/flash/88882.htm,海绵宝宝3D大富翁2
http://www.4399.com/flash/138881.htm,激光炮轰小怪3加强版
http://www.4399.com/flash/21223.htm,小球进洞
http://www.4399.com/flash/89107.htm,黑太狼吃羊2
http://www.4399.com/flash/152489.htm,史上最贱小游戏之体育
http://www.4399.com/flash/80211.htm,中国熊猫2无敌版
http://www.4399.com/flash/92102.htm,连连看3.1原版
http://www.4399.com/flash/76887.htm,宠物连连看可爱版
http://www.4399.com/flash/66922.htm,亚当找夏娃中文版
http://www.4399.com/flash/65959.htm,高楼爆破无敌版
http://www.4399.com/flash/34726.htm,4399水果连连看
http://www.4399.com/flash/47634.htm,让子弹飞
http://www.4399.com/flash/122189.htm,史上最贱小游戏3
http://www.4399.com/flash/184591.htm,捣蛋猪HD8.0
http://www.4399.com/flash/50306.htm,奇妙水世界
http://www.4399.com/flash/143168.htm,手纸没有了
http://www.4399.com/flash/79452.htm,森林冰火人3
http://www.4399.com/flash/73311.htm,破蛋专家
http://www.4399.com/flash/92953.htm,逗小猴开心7
http://www.4399.com/flash/132546.htm,亚当找夏娃2
http://www.4399.com/flash/80972.htm,宠物连连看经典版2
http://www.4399.com/flash/138976.htm,盗金父子
http://www.4399.com/flash/69774.htm,高楼爆破2无敌版
http://www.4399.com/flash/42075.htm,光头小子找出口
http://www.4399.com/flash/86544.htm,鸡蛋大逃亡2
http://www.4399.com/flash/30543.htm,小婴儿逃出系列1
http://www.4399.com/flash/63828.htm,红球与绿球
http://www.4399.com/flash/106849.htm,坏蛋冰淇淋2
http://www.4399.com/flash/41483.htm,装载卡车
http://www.4399.com/flash/16395.htm,小婴儿逃出系列2
http://www.4399.com/flash/158011.htm,小汽车的英雄梦
http://www.4399.com/flash/73122.htm,装载卡车3
http://www.4399.com/flash/102581.htm,帮鸟儿解冻
http://www.4399.com/flash/33249.htm,帮小狗取手绢
http://www.4399.com/flash/9840.htm,在线弹钢琴
http://www.4399.com/flash/78828.htm,益智乐高2中文版
http://www.4399.com/flash/35965.htm,直升机打气球
http://www.4399.com/flash/92108.htm,连连看原版
http://www.4399.com/flash/97275.htm,3D旋转麻将连连看
http://www.4399.com/flash/46428.htm,空姐阿Sue
http://www.4399.com/flash/24571.htm,宠物连连看3.1无敌版
http://www.4399.com/flash/8670.htm,宠物连连看特别版
http://www.4399.com/flash/50909.htm,植物战僵尸3D连连看
http://www.4399.com/flash/27265.htm,火柴人逃狱记
http://www.4399.com/flash/157666.htm,史上最贱小游戏13
http://www.4399.com/flash/113790.htm,找你妹正式版
http://www.4399.com/flash/123789.htm,恐龙觅食
http://www.4399.com/flash/128952.htm,坏蛋冰淇淋3
http://www.4399.com/flash/48349.htm,爱吃水果的虫子
http://www.4399.com/flash/1244.htm,红孩儿连连看
http://www.4399.com/flash/152162.htm,盗金父子2
http://www.4399.com/flash/8954.htm,阿sue家做客
http://www.4399.com/flash/142569.htm,一把火
http://www.4399.com/flash/91402.htm,保护橙子增强版3
http://www.4399.com/flash/56745.htm,动画师和动画
http://www.4399.com/flash/117146.htm,火柴人智闯飞艇
http://www.4399.com/flash/1287.htm,新麻雀连连看
http://www.4399.com/flash/134715.htm,捣蛋猪HD3.8
http://www.4399.com/flash/62725.htm,蜗牛鲍勃2中文版
http://www.4399.com/flash/123611.htm,小汽车的爱情梦
http://www.4399.com/flash/135633.htm,糖果去哪儿了2
http://www.4399.com/flash/151340.htm,熊猫逃生记之日本
http://www.4399.com/flash/84404.htm,愤怒的小鸟拼图
http://www.4399.com/flash/84364.htm,画皮
http://www.4399.com/flash/84317.htm,传送油桶2
http://www.4399.com/flash/84312.htm,贪婪的海贼
http://www.4399.com/flash/82643.htm,宝石总动员
http://www.4399.com/flash/84307.htm,雕塑家的秘密
http://www.4399.com/flash/84289.htm,小绵羊吃草
http://www.4399.com/flash/84268.htm,复仇者找茬
http://www.4399.com/flash/84197.htm,空难后的逃脱
http://www.4399.com/flash/84225.htm,蒸汽变形器加强版
http://www.4399.com/flash/84223.htm,小虫子回家
http://www.4399.com/flash/84191.htm,魔术帽子
http://www.4399.com/flash/84175.htm,小朵拉找数字
http://www.4399.com/flash/84128.htm,海绵宝宝的秘密
http://www.4399.com/flash/84117.htm,摧毁小红星2
http://www.4399.com/flash/84113.htm,鸟类维护者
http://www.4399.com/flash/84109.htm,六棱体消消乐
http://www.4399.com/flash/84107.htm,忙碌的伴娘
http://www.4399.com/flash/84099.htm,碰碰机器人
http://www.4399.com/flash/84098.htm,�逦萏由�
http://www.4399.com/flash/84094.htm,快乐小球摘星星
http://www.4399.com/flash/84092.htm,朵拉世界找不同
http://www.4399.com/flash/84097.htm,企鹅拯救南极
http://www.4399.com/flash/84062.htm,动物气球大爆炸
http://www.4399.com/flash/84023.htm,愤怒小鸟回家
http://www.4399.com/flash/84004.htm,独眼小黑怪
http://www.4399.com/flash/84000.htm,毛绒球平衡
http://www.4399.com/flash/83984.htm,折翼的小飞猪
http://www.4399.com/flash/83970.htm,小猴子扔香蕉2
http://www.4399.com/flash/83968.htm,英文坦克大战
http://www.4399.com/flash/83965.htm,动物收容所逃脱3
http://www.4399.com/flash/83962.htm,果篮归类
http://www.4399.com/flash/83918.htm,小猪回家
http://www.4399.com/flash/83915.htm,兔子农场种萝卜
http://www.4399.com/flash/83904.htm,海盗寻宝藏
http://www.4399.com/flash/83887.htm,海盗寻宝藏选关版
http://www.4399.com/flash/83885.htm,王子修电网
http://www.4399.com/flash/83882.htm,小猫爱吃鱼
http://www.4399.com/flash/83881.htm,玛雅之神
http://www.4399.com/flash/83871.htm,朵拉和迭戈拼图
http://www.4399.com/flash/83850.htm,奇幻的世界
http://www.4399.com/flash/83783.htm,原子之谜2
http://www.4399.com/flash/83766.htm,大树下的生命
http://www.4399.com/flash/83763.htm,唤醒维京人2
http://www.4399.com/flash/83768.htm,炸死海盗2
http://www.4399.com/flash/83719.htm,小动物大冒险
http://www.4399.com/flash/83679.htm,炸毁桥梁无敌版
http://www.4399.com/flash/83715.htm,聪明的建筑工
http://www.4399.com/flash/83653.htm,逃出啦啦队的房间
http://www.4399.com/flash/83639.htm,圆球与方块
http://www.4399.com/flash/83569.htm,冒险者加农炮
http://www.4399.com/flash/83562.htm,柯南密室十标签
http://www.4399.com/flash/83510.htm,巨龙找茬
http://www.4399.com/flash/83523.htm,冰块消防员
http://www.4399.com/flash/83463.htm,木偶人逃生
http://www.4399.com/flash/83456.htm,红绿小球回家记
http://www.4399.com/flash/1382.htm,宠物连连看2.5版
http://www.4399.com/flash/12669.htm,果蔬连连看
http://www.4399.com/flash/17801.htm,宠物连连看3.1
http://www.4399.com/flash/20660.htm,森林冰火人中文版
http://www.4399.com/flash/93551.htm,小鳄鱼爱洗澡中文版
http://www.4399.com/flash/113377.htm,森林冰火人4无敌版
http://www.4399.com/flash/10393.htm,石头连连看
http://www.4399.com/flash/79068.htm,高楼爆破3无敌版
http://www.4399.com/flash/853.htm,五子连珠
http://www.4399.com/flash/17403.htm,青蛙祖玛
http://www.4399.com/flash/57474.htm,蝴蝶连连看
http://www.4399.com/flash/4781.htm,花花连连看
http://www.4399.com/flash/136516.htm,消灭星星豪华版
http://www.4399.com/flash/54423.htm,4399打豆豆
http://www.4399.com/flash/2231.htm,宠物连连看2.6
http://www.4399.com/flash/63033.htm,森林冰火人双人迷宫
http://www.4399.com/flash/68259.htm,河马饲养员
http://www.4399.com/flash/106202.htm,消灭星星中文版
http://www.4399.com/flash/62002.htm,疯狂过山车2
http://www.4399.com/flash/100125.htm,装载卡车4
http://www.4399.com/flash/131178.htm,帮鸟儿解冻3
http://www.4399.com/flash/106933.htm,坏蛋冰淇淋2无敌版
http://www.4399.com/flash/171900.htm,装载卡车5
http://www.4399.com/flash/147327.htm,亚当找夏娃3
http://www.4399.com/flash/10919.htm,宠物连连看3.0版
http://www.4399.com/flash/71760.htm,小婴儿逃出系列3
http://www.4399.com/flash/156918.htm,坏小孩回家4
http://www.4399.com/flash/37529.htm,小火车过隧道无敌版
http://www.4399.com/flash/50350.htm,唤醒嗜睡的小人
http://www.4399.com/flash/41285.htm,朵拉的迷你高尔夫
http://www.4399.com/flash/130836.htm,消你妹
http://www.4399.com/flash/128302.htm,消灭星星3电脑版
http://www.4399.com/flash/103266.htm,炮兵突击
http://www.4399.com/flash/96689.htm,愤怒的小鸟太空版HD
http://www.4399.com/flash/57317.htm,激光炮轰小怪2
http://www.4399.com/flash/4782.htm,汽车标志连连看
http://www.4399.com/flash/89614.htm,托马斯过河
http://www.4399.com/flash/88882.htm,海绵宝宝3D大富翁2
http://www.4399.com/flash/138881.htm,激光炮轰小怪3加强版
http://www.4399.com/flash/21223.htm,小球进洞
http://www.4399.com/flash/89107.htm,黑太狼吃羊2
http://www.4399.com/flash/152489.htm,史上最贱小游戏之体育
http://www.4399.com/flash/80211.htm,中国熊猫2无敌版
http://www.4399.com/flash/92102.htm,连连看3.1原版
http://www.4399.com/flash/76887.htm,宠物连连看可爱版
http://www.4399.com/flash/66922.htm,亚当找夏娃中文版
http://www.4399.com/flash/65959.htm,高楼爆破无敌版
http://www.4399.com/flash/34726.htm,4399水果连连看
http://www.4399.com/flash/47634.htm,让子弹飞
http://www.4399.com/flash/122189.htm,史上最贱小游戏3
http://www.4399.com/flash/184591.htm,捣蛋猪HD8.0
http://www.4399.com/flash/50306.htm,奇妙水世界
http://www.4399.com/flash/143168.htm,手纸没有了
http://www.4399.com/flash/79452.htm,森林冰火人3
http://www.4399.com/flash/73311.htm,破蛋专家
http://www.4399.com/flash/92953.htm,逗小猴开心7
http://www.4399.com/flash/132546.htm,亚当找夏娃2
http://www.4399.com/flash/80972.htm,宠物连连看经典版2
http://www.4399.com/flash/138976.htm,盗金父子
http://www.4399.com/flash/69774.htm,高楼爆破2无敌版
http://www.4399.com/flash/42075.htm,光头小子找出口
http://www.4399.com/flash/86544.htm,鸡蛋大逃亡2
http://www.4399.com/flash/30543.htm,小婴儿逃出系列1
http://www.4399.com/flash/63828.htm,红球与绿球
http://www.4399.com/flash/106849.htm,坏蛋冰淇淋2
http://www.4399.com/flash/41483.htm,装载卡车
http://www.4399.com/flash/16395.htm,小婴儿逃出系列2
http://www.4399.com/flash/158011.htm,小汽车的英雄梦
http://www.4399.com/flash/73122.htm,装载卡车3
http://www.4399.com/flash/102581.htm,帮鸟儿解冻
http://www.4399.com/flash/33249.htm,帮小狗取手绢
http://www.4399.com/flash/9840.htm,在线弹钢琴
http://www.4399.com/flash/78828.htm,益智乐高2中文版
http://www.4399.com/flash/35965.htm,直升机打气球
http://www.4399.com/flash/92108.htm,连连看原版
http://www.4399.com/flash/97275.htm,3D旋转麻将连连看
http://www.4399.com/flash/46428.htm,空姐阿Sue
http://www.4399.com/flash/24571.htm,宠物连连看3.1无敌版
http://www.4399.com/flash/8670.htm,宠物连连看特别版
http://www.4399.com/flash/50909.htm,植物战僵尸3D连连看
http://www.4399.com/flash/27265.htm,火柴人逃狱记
http://www.4399.com/flash/157666.htm,史上最贱小游戏13
http://www.4399.com/flash/113790.htm,找你妹正式版
http://www.4399.com/flash/123789.htm,恐龙觅食
http://www.4399.com/flash/128952.htm,坏蛋冰淇淋3
http://www.4399.com/flash/48349.htm,爱吃水果的虫子
http://www.4399.com/flash/1244.htm,红孩儿连连看
http://www.4399.com/flash/152162.htm,盗金父子2
http://www.4399.com/flash/8954.htm,阿sue家做客
http://www.4399.com/flash/142569.htm,一把火
http://www.4399.com/flash/91402.htm,保护橙子增强版3
http://www.4399.com/flash/56745.htm,动画师和动画
http://www.4399.com/flash/117146.htm,火柴人智闯飞艇
http://www.4399.com/flash/1287.htm,新麻雀连连看
http://www.4399.com/flash/134715.htm,捣蛋猪HD3.8
http://www.4399.com/flash/62725.htm,蜗牛鲍勃2中文版
http://www.4399.com/flash/123611.htm,小汽车的爱情梦
http://www.4399.com/flash/135633.htm,糖果去哪儿了2
http://www.4399.com/flash/151340.htm,熊猫逃生记之日本
http://www.4399.com/flash/83452.htm,饥饿的小猪
http://www.4399.com/flash/83449.htm,海蕾大入侵
http://www.4399.com/flash/83417.htm,拆迁建筑
http://www.4399.com/flash/83387.htm,黄方块回家
http://www.4399.com/flash/83383.htm,小巧机器人推箱子
http://www.4399.com/flash/83379.htm,方块圣瓶2加强版
http://www.4399.com/flash/83378.htm,隐藏的星座
http://www.4399.com/flash/83355.htm,方块圣瓶2
http://www.4399.com/flash/83326.htm,巫师的正义之战
http://www.4399.com/flash/83320.htm,托托寻找东西
http://www.4399.com/flash/83318.htm,记忆力大考验
http://www.4399.com/flash/83307.htm,接住掉落的积木
http://www.4399.com/flash/83269.htm,怪物先行者2
http://www.4399.com/flash/83254.htm,瓷砖消消看
http://www.4399.com/flash/83247.htm,星星大盗
http://www.4399.com/flash/83246.htm,噬星者
http://www.4399.com/flash/83227.htm,摧毁雪人城堡2
http://www.4399.com/flash/83181.htm,缩放笑脸球2
http://www.4399.com/flash/83182.htm,饼干闯天关
http://www.4399.com/flash/83113.htm,宠物连连看可爱版2
http://www.4399.com/flash/83089.htm,愤怒小鸟找女友
http://www.4399.com/flash/83079.htm,我们三兄弟
http://www.4399.com/flash/83076.htm,趣味找茬2
http://www.4399.com/flash/83065.htm,蓝色方块回家
http://www.4399.com/flash/83030.htm,逃离3D房间
http://www.4399.com/flash/82993.htm,喂小动物吃东西修改版
http://www.4399.com/flash/82988.htm,甜蜜蜜修改版
http://www.4399.com/flash/82979.htm,开心麻将连连看
http://www.4399.com/flash/82976.htm,维京女孩驯龙记
http://www.4399.com/flash/82945.htm,气球飞上天选关版
http://www.4399.com/flash/82974.htm,安妮的任务
http://www.4399.com/flash/82942.htm,保护奶牛选关版
http://www.4399.com/flash/82935.htm,笨猪警察修改版
http://www.4399.com/flash/82927.htm,蓝色盒子2选关版
http://www.4399.com/flash/82913.htm,永恒的爱
http://www.4399.com/flash/82880.htm,蓝色盒子选关版
http://www.4399.com/flash/82864.htm,蓝色盒子2
http://www.4399.com/flash/82858.htm,逃出兵器库
http://www.4399.com/flash/82856.htm,气球飞上天
http://www.4399.com/flash/82853.htm,失去的家2
http://www.4399.com/flash/82822.htm,雪人的魔法帽
http://www.4399.com/flash/82820.htm,趣味汉字对对碰
http://www.4399.com/flash/82778.htm,保护奶牛
http://www.4399.com/flash/82759.htm,孵化小鸡
http://www.4399.com/flash/82763.htm,老板与员工的博弈
http://www.4399.com/flash/82776.htm,反重力小鸭2
http://www.4399.com/flash/82730.htm,喂小动物吃东西
http://www.4399.com/flash/82704.htm,消灭蘑菇增强版
http://www.4399.com/flash/82746.htm,甜蜜蜜
http://www.4399.com/flash/82886.htm,反重力小鸭2无敌版
http://www.4399.com/flash/82672.htm,保护橙子自制版
http://www.4399.com/flash/82646.htm,十字消消看
http://www.4399.com/flash/82601.htm,奇特方块2
http://www.4399.com/flash/82598.htm,功夫熊猫找数字
http://www.4399.com/flash/82597.htm,丘比特之刃2
http://www.4399.com/flash/82571.htm,星空曲线选关版
http://www.4399.com/flash/1382.htm,宠物连连看2.5版
http://www.4399.com/flash/12669.htm,果蔬连连看
http://www.4399.com/flash/17801.htm,宠物连连看3.1
http://www.4399.com/flash/20660.htm,森林冰火人中文版
http://www.4399.com/flash/93551.htm,小鳄鱼爱洗澡中文版
http://www.4399.com/flash/113377.htm,森林冰火人4无敌版
http://www.4399.com/flash/10393.htm,石头连连看
http://www.4399.com/flash/79068.htm,高楼爆破3无敌版
http://www.4399.com/flash/853.htm,五子连珠
http://www.4399.com/flash/17403.htm,青蛙祖玛
http://www.4399.com/flash/57474.htm,蝴蝶连连看
http://www.4399.com/flash/4781.htm,花花连连看
http://www.4399.com/flash/136516.htm,消灭星星豪华版
http://www.4399.com/flash/54423.htm,4399打豆豆
http://www.4399.com/flash/2231.htm,宠物连连看2.6
http://www.4399.com/flash/63033.htm,森林冰火人双人迷宫
http://www.4399.com/flash/68259.htm,河马饲养员
http://www.4399.com/flash/106202.htm,消灭星星中文版
http://www.4399.com/flash/62002.htm,疯狂过山车2
http://www.4399.com/flash/100125.htm,装载卡车4
http://www.4399.com/flash/131178.htm,帮鸟儿解冻3
http://www.4399.com/flash/106933.htm,坏蛋冰淇淋2无敌版
http://www.4399.com/flash/171900.htm,装载卡车5
http://www.4399.com/flash/147327.htm,亚当找夏娃3
http://www.4399.com/flash/10919.htm,宠物连连看3.0版
http://www.4399.com/flash/71760.htm,小婴儿逃出系列3
http://www.4399.com/flash/156918.htm,坏小孩回家4
http://www.4399.com/flash/37529.htm,小火车过隧道无敌版
http://www.4399.com/flash/50350.htm,唤醒嗜睡的小人
http://www.4399.com/flash/41285.htm,朵拉的迷你高尔夫
http://www.4399.com/flash/130836.htm,消你妹
http://www.4399.com/flash/128302.htm,消灭星星3电脑版
http://www.4399.com/flash/103266.htm,炮兵突击
http://www.4399.com/flash/96689.htm,愤怒的小鸟太空版HD
http://www.4399.com/flash/57317.htm,激光炮轰小怪2
http://www.4399.com/flash/4782.htm,汽车标志连连看
http://www.4399.com/flash/89614.htm,托马斯过河
http://www.4399.com/flash/88882.htm,海绵宝宝3D大富翁2
http://www.4399.com/flash/138881.htm,激光炮轰小怪3加强版
http://www.4399.com/flash/21223.htm,小球进洞
http://www.4399.com/flash/89107.htm,黑太狼吃羊2
http://www.4399.com/flash/152489.htm,史上最贱小游戏之体育
http://www.4399.com/flash/80211.htm,中国熊猫2无敌版
http://www.4399.com/flash/92102.htm,连连看3.1原版
http://www.4399.com/flash/76887.htm,宠物连连看可爱版
http://www.4399.com/flash/66922.htm,亚当找夏娃中文版
http://www.4399.com/flash/65959.htm,高楼爆破无敌版
http://www.4399.com/flash/34726.htm,4399水果连连看
http://www.4399.com/flash/47634.htm,让子弹飞
http://www.4399.com/flash/122189.htm,史上最贱小游戏3
http://www.4399.com/flash/184591.htm,捣蛋猪HD8.0
http://www.4399.com/flash/50306.htm,奇妙水世界
http://www.4399.com/flash/143168.htm,手纸没有了
http://www.4399.com/flash/79452.htm,森林冰火人3
http://www.4399.com/flash/73311.htm,破蛋专家
http://www.4399.com/flash/92953.htm,逗小猴开心7
http://www.4399.com/flash/132546.htm,亚当找夏娃2
http://www.4399.com/flash/80972.htm,宠物连连看经典版2
http://www.4399.com/flash/138976.htm,盗金父子
http://www.4399.com/flash/69774.htm,高楼爆破2无敌版
http://www.4399.com/flash/42075.htm,光头小子找出口
http://www.4399.com/flash/86544.htm,鸡蛋大逃亡2
http://www.4399.com/flash/30543.htm,小婴儿逃出系列1
http://www.4399.com/flash/63828.htm,红球与绿球
http://www.4399.com/flash/106849.htm,坏蛋冰淇淋2
http://www.4399.com/flash/41483.htm,装载卡车
http://www.4399.com/flash/16395.htm,小婴儿逃出系列2
http://www.4399.com/flash/158011.htm,小汽车的英雄梦
http://www.4399.com/flash/73122.htm,装载卡车3
http://www.4399.com/flash/102581.htm,帮鸟儿解冻
http://www.4399.com/flash/33249.htm,帮小狗取手绢
http://www.4399.com/flash/9840.htm,在线弹钢琴
http://www.4399.com/flash/78828.htm,益智乐高2中文版
http://www.4399.com/flash/35965.htm,直升机打气球
http://www.4399.com/flash/92108.htm,连连看原版
http://www.4399.com/flash/97275.htm,3D旋转麻将连连看
http://www.4399.com/flash/46428.htm,空姐阿Sue
http://www.4399.com/flash/24571.htm,宠物连连看3.1无敌版
http://www.4399.com/flash/8670.htm,宠物连连看特别版
http://www.4399.com/flash/50909.htm,植物战僵尸3D连连看
http://www.4399.com/flash/27265.htm,火柴人逃狱记
http://www.4399.com/flash/157666.htm,史上最贱小游戏13
http://www.4399.com/flash/113790.htm,找你妹正式版
http://www.4399.com/flash/123789.htm,恐龙觅食
http://www.4399.com/flash/128952.htm,坏蛋冰淇淋3
http://www.4399.com/flash/48349.htm,爱吃水果的虫子
http://www.4399.com/flash/1244.htm,红孩儿连连看
http://www.4399.com/flash/152162.htm,盗金父子2
http://www.4399.com/flash/8954.htm,阿sue家做客
http://www.4399.com/flash/142569.htm,一把火
http://www.4399.com/flash/91402.htm,保护橙子增强版3
http://www.4399.com/flash/56745.htm,动画师和动画
http://www.4399.com/flash/117146.htm,火柴人智闯飞艇
http://www.4399.com/flash/1287.htm,新麻雀连连看
http://www.4399.com/flash/134715.htm,捣蛋猪HD3.8
http://www.4399.com/flash/62725.htm,蜗牛鲍勃2中文版
http://www.4399.com/flash/123611.htm,小汽车的爱情梦
http://www.4399.com/flash/135633.htm,糖果去哪儿了2
http://www.4399.com/flash/151340.htm,熊猫逃生记之日本
http://www.4399.com/flash/82565.htm,糖果平衡选关版
http://www.4399.com/flash/82602.htm,消灭企鹅情人节选关版
http://www.4399.com/flash/82556.htm,忍者蛙
http://www.4399.com/flash/82550.htm,狡猾的狐狸
http://www.4399.com/flash/82539.htm,保护小刺猬
http://www.4399.com/flash/82517.htm,狮塔逃生
http://www.4399.com/flash/82476.htm,逃出外星人的抓捕
http://www.4399.com/flash/82456.htm,鬼屋找东西
http://www.4399.com/flash/82450.htm,情人节逃脱房间
http://www.4399.com/flash/82447.htm,个性祖玛
http://www.4399.com/flash/82427.htm,可爱小怪连连看
http://www.4399.com/flash/82422.htm,射击瓶子
http://www.4399.com/flash/82415.htm,咖啡加点糖
http://www.4399.com/flash/82355.htm,糖果平衡
http://www.4399.com/flash/82406.htm,卡通人物连连看
http://www.4399.com/flash/82379.htm,阿sue汉堡店
http://www.4399.com/flash/82374.htm,分子结构
http://www.4399.com/flash/82353.htm,丘比特之刃2选关版
http://www.4399.com/flash/82345.htm,唤醒小鸟2
http://www.4399.com/flash/82307.htm,情人节数独
http://www.4399.com/flash/82308.htm,超级换换换
http://www.4399.com/flash/82303.htm,砸死愤怒的小鸟选关版
http://www.4399.com/flash/82241.htm,巫师塔探秘
http://www.4399.com/flash/82225.htm,魔法蜡笔
http://www.4399.com/flash/82203.htm,送绿猪回家
http://www.4399.com/flash/82175.htm,混乱的家庭
http://www.4399.com/flash/82095.htm,逃出黄色房子
http://www.4399.com/flash/82091.htm,白雪公主的情人节
http://www.4399.com/flash/82085.htm,外星人逃离玩具店
http://www.4399.com/flash/82093.htm,消灭企鹅情人节版
http://www.4399.com/flash/82058.htm,扑克牌碰碰看
http://www.4399.com/flash/82045.htm,小黄人建塔
http://www.4399.com/flash/81923.htm,复仇者联盟
http://www.4399.com/flash/81888.htm,找茬之宫锁珠帘
http://www.4399.com/flash/81862.htm,纳米坦克选关版
http://www.4399.com/flash/81861.htm,铅球弹弓
http://www.4399.com/flash/81837.htm,3D版推箱子
http://www.4399.com/flash/81816.htm,情人节病毒
http://www.4399.com/flash/81775.htm,小怪修飞船
http://www.4399.com/flash/81739.htm,兴奋的小龙
http://www.4399.com/flash/81737.htm,太阳救星星
http://www.4399.com/flash/81551.htm,港口装载车
http://www.4399.com/flash/81732.htm,孵化恐龙蛋
http://www.4399.com/flash/81690.htm,幽灵船逃生
http://www.4399.com/flash/81666.htm,元宵猜灯谜
http://www.4399.com/flash/81639.htm,逃离游泳池
http://www.4399.com/flash/81637.htm,枪刺小鱼
http://www.4399.com/flash/81631.htm,燃烧的心脏
http://www.4399.com/flash/81623.htm,木匠小屋逃生
http://www.4399.com/flash/81599.htm,拯救火柴人3
http://www.4399.com/flash/81525.htm,宇宙的尺度2
http://www.4399.com/flash/81501.htm,消灭怪水果
http://www.4399.com/flash/81401.htm,水晶球对对碰
http://www.4399.com/flash/81420.htm,码头俄罗斯方块
http://www.4399.com/flash/81394.htm,点亮灯泡2选关版
http://www.4399.com/flash/81338.htm,米奇房间找数字
http://www.4399.com/flash/1382.htm,宠物连连看2.5版
http://www.4399.com/flash/12669.htm,果蔬连连看
http://www.4399.com/flash/17801.htm,宠物连连看3.1
http://www.4399.com/flash/20660.htm,森林冰火人中文版
http://www.4399.com/flash/93551.htm,小鳄鱼爱洗澡中文版
http://www.4399.com/flash/113377.htm,森林冰火人4无敌版
http://www.4399.com/flash/10393.htm,石头连连看
http://www.4399.com/flash/79068.htm,高楼爆破3无敌版
http://www.4399.com/flash/853.htm,五子连珠
http://www.4399.com/flash/17403.htm,青蛙祖玛
http://www.4399.com/flash/57474.htm,蝴蝶连连看
http://www.4399.com/flash/4781.htm,花花连连看
http://www.4399.com/flash/136516.htm,消灭星星豪华版
http://www.4399.com/flash/54423.htm,4399打豆豆
http://www.4399.com/flash/2231.htm,宠物连连看2.6
http://www.4399.com/flash/63033.htm,森林冰火人双人迷宫
http://www.4399.com/flash/68259.htm,河马饲养员
http://www.4399.com/flash/106202.htm,消灭星星中文版
http://www.4399.com/flash/62002.htm,疯狂过山车2
http://www.4399.com/flash/100125.htm,装载卡车4
http://www.4399.com/flash/131178.htm,帮鸟儿解冻3
http://www.4399.com/flash/106933.htm,坏蛋冰淇淋2无敌版
http://www.4399.com/flash/171900.htm,装载卡车5
http://www.4399.com/flash/147327.htm,亚当找夏娃3
http://www.4399.com/flash/10919.htm,宠物连连看3.0版
http://www.4399.com/flash/71760.htm,小婴儿逃出系列3
http://www.4399.com/flash/156918.htm,坏小孩回家4
http://www.4399.com/flash/37529.htm,小火车过隧道无敌版
http://www.4399.com/flash/50350.htm,唤醒嗜睡的小人
http://www.4399.com/flash/41285.htm,朵拉的迷你高尔夫
http://www.4399.com/flash/130836.htm,消你妹
http://www.4399.com/flash/128302.htm,消灭星星3电脑版
http://www.4399.com/flash/103266.htm,炮兵突击
http://www.4399.com/flash/96689.htm,愤怒的小鸟太空版HD
http://www.4399.com/flash/57317.htm,激光炮轰小怪2
http://www.4399.com/flash/4782.htm,汽车标志连连看
http://www.4399.com/flash/89614.htm,托马斯过河
http://www.4399.com/flash/88882.htm,海绵宝宝3D大富翁2
http://www.4399.com/flash/138881.htm,激光炮轰小怪3加强版
http://www.4399.com/flash/21223.htm,小球进洞
http://www.4399.com/flash/89107.htm,黑太狼吃羊2
http://www.4399.com/flash/152489.htm,史上最贱小游戏之体育
http://www.4399.com/flash/80211.htm,中国熊猫2无敌版
http://www.4399.com/flash/92102.htm,连连看3.1原版
http://www.4399.com/flash/76887.htm,宠物连连看可爱版
http://www.4399.com/flash/66922.htm,亚当找夏娃中文版
http://www.4399.com/flash/65959.htm,高楼爆破无敌版
http://www.4399.com/flash/34726.htm,4399水果连连看
http://www.4399.com/flash/47634.htm,让子弹飞
http://www.4399.com/flash/122189.htm,史上最贱小游戏3
http://www.4399.com/flash/184591.htm,捣蛋猪HD8.0
http://www.4399.com/flash/50306.htm,奇妙水世界
http://www.4399.com/flash/143168.htm,手纸没有了
http://www.4399.com/flash/79452.htm,森林冰火人3
http://www.4399.com/flash/73311.htm,破蛋专家
http://www.4399.com/flash/92953.htm,逗小猴开心7
http://www.4399.com/flash/132546.htm,亚当找夏娃2
http://www.4399.com/flash/80972.htm,宠物连连看经典版2
http://www.4399.com/flash/138976.htm,盗金父子
http://www.4399.com/flash/69774.htm,高楼爆破2无敌版
http://www.4399.com/flash/42075.htm,光头小子找出口
http://www.4399.com/flash/86544.htm,鸡蛋大逃亡2
http://www.4399.com/flash/30543.htm,小婴儿逃出系列1
http://www.4399.com/flash/63828.htm,红球与绿球
http://www.4399.com/flash/106849.htm,坏蛋冰淇淋2
http://www.4399.com/flash/41483.htm,装载卡车
http://www.4399.com/flash/16395.htm,小婴儿逃出系列2
http://www.4399.com/flash/158011.htm,小汽车的英雄梦
http://www.4399.com/flash/73122.htm,装载卡车3
http://www.4399.com/flash/102581.htm,帮鸟儿解冻
http://www.4399.com/flash/33249.htm,帮小狗取手绢
http://www.4399.com/flash/9840.htm,在线弹钢琴
http://www.4399.com/flash/78828.htm,益智乐高2中文版
http://www.4399.com/flash/35965.htm,直升机打气球
http://www.4399.com/flash/92108.htm,连连看原版
http://www.4399.com/flash/97275.htm,3D旋转麻将连连看
http://www.4399.com/flash/46428.htm,空姐阿Sue
http://www.4399.com/flash/24571.htm,宠物连连看3.1无敌版
http://www.4399.com/flash/8670.htm,宠物连连看特别版
http://www.4399.com/flash/50909.htm,植物战僵尸3D连连看
http://www.4399.com/flash/27265.htm,火柴人逃狱记
http://www.4399.com/flash/157666.htm,史上最贱小游戏13
http://www.4399.com/flash/113790.htm,找你妹正式版
http://www.4399.com/flash/123789.htm,恐龙觅食
http://www.4399.com/flash/128952.htm,坏蛋冰淇淋3
http://www.4399.com/flash/48349.htm,爱吃水果的虫子
http://www.4399.com/flash/1244.htm,红孩儿连连看
http://www.4399.com/flash/152162.htm,盗金父子2
http://www.4399.com/flash/8954.htm,阿sue家做客
http://www.4399.com/flash/142569.htm,一把火
http://www.4399.com/flash/91402.htm,保护橙子增强版3
http://www.4399.com/flash/56745.htm,动画师和动画
http://www.4399.com/flash/117146.htm,火柴人智闯飞艇
http://www.4399.com/flash/1287.htm,新麻雀连连看
http://www.4399.com/flash/134715.htm,捣蛋猪HD3.8
http://www.4399.com/flash/62725.htm,蜗牛鲍勃2中文版
http://www.4399.com/flash/123611.htm,小汽车的爱情梦
http://www.4399.com/flash/135633.htm,糖果去哪儿了2
http://www.4399.com/flash/151340.htm,熊猫逃生记之日本
http://www.4399.com/flash/81335.htm,章鱼解谜团
http://www.4399.com/flash/81310.htm,鬼脸实验室
http://www.4399.com/flash/81291.htm,消灭小毛球
http://www.4399.com/flash/81266.htm,找茬一点点2
http://www.4399.com/flash/81219.htm,猴子采香蕉
http://www.4399.com/flash/81209.htm,致命点击
http://www.4399.com/flash/81216.htm,野蛮停车
http://www.4399.com/flash/81226.htm,矿工小分队
http://www.4399.com/flash/81122.htm,文明进化史
http://www.4399.com/flash/81102.htm,赶走小绿猪
http://www.4399.com/flash/81072.htm,砸死愤怒的小鸟
http://www.4399.com/flash/81047.htm,小雪人冒险无敌版
http://www.4399.com/flash/81038.htm,微妙的能量2
http://www.4399.com/flash/81034.htm,比伯火箭炮
http://www.4399.com/flash/81008.htm,救出外星人
http://www.4399.com/flash/80996.htm,炸毁方块
http://www.4399.com/flash/80995.htm,元素结合
http://www.4399.com/flash/80993.htm,雪洞逃生
http://www.4399.com/flash/80985.htm,摧毁机器人炸药版
http://www.4399.com/flash/80977.htm,鬼魂记忆
http://www.4399.com/flash/80959.htm,涂鸦大冒险2
http://www.4399.com/flash/80972.htm,宠物连连看经典版2
http://www.4399.com/flash/80957.htm,混乱的大炮
http://www.4399.com/flash/80987.htm,无敌小蜜蜂
http://www.4399.com/flash/80927.htm,圣诞公公要回家
http://www.4399.com/flash/80949.htm,平衡木块
http://www.4399.com/flash/80889.htm,记忆翻汽车
http://www.4399.com/flash/80878.htm,毛毛虫的飞天梦
http://www.4399.com/flash/80859.htm,北极熊跳冰块
http://www.4399.com/flash/80836.htm,平衡奶牛2
http://www.4399.com/flash/80822.htm,猫咪大炮
http://www.4399.com/flash/80818.htm,新新宠物连连看2
http://www.4399.com/flash/80814.htm,植物大战僵尸碰碰碰
http://www.4399.com/flash/80787.htm,地球的起源
http://www.4399.com/flash/80775.htm,残酷谎言:新娘
http://www.4399.com/flash/80763.htm,泡泡相吸
http://www.4399.com/flash/80678.htm,摧毁雪人城堡
http://www.4399.com/flash/80676.htm,传送油桶
http://www.4399.com/flash/80662.htm,运动员房间逃生
http://www.4399.com/flash/80646.htm,愤怒的猫娘
http://www.4399.com/flash/80638.htm,消灭方块魔怪
http://www.4399.com/flash/80623.htm,古埃及麻将
http://www.4399.com/flash/80618.htm,纳米之路
http://www.4399.com/flash/80585.htm,企鹅战役
http://www.4399.com/flash/80568.htm,小黑人寻心之旅
http://www.4399.com/flash/80547.htm,拯救企鹅
http://www.4399.com/flash/80563.htm,拯救愤怒小鸟
http://www.4399.com/flash/80527.htm,灵珠消消看2
http://www.4399.com/flash/80480.htm,魔法花瓶2
http://www.4399.com/flash/80476.htm,聪明的猫头鹰
http://www.4399.com/flash/80470.htm,咕噜大师2
http://www.4399.com/flash/80467.htm,管道机械鼠
http://www.4399.com/flash/80454.htm,带小球回家
http://www.4399.com/flash/80404.htm,机场塔楼4
http://www.4399.com/flash/80395.htm,叠加工程
http://www.4399.com/flash/80362.htm,背炸弹的小羊
http://www.4399.com/flash/1382.htm,宠物连连看2.5版
http://www.4399.com/flash/12669.htm,果蔬连连看
http://www.4399.com/flash/17801.htm,宠物连连看3.1
http://www.4399.com/flash/20660.htm,森林冰火人中文版
http://www.4399.com/flash/93551.htm,小鳄鱼爱洗澡中文版
http://www.4399.com/flash/113377.htm,森林冰火人4无敌版
http://www.4399.com/flash/10393.htm,石头连连看
http://www.4399.com/flash/79068.htm,高楼爆破3无敌版
http://www.4399.com/flash/853.htm,五子连珠
http://www.4399.com/flash/17403.htm,青蛙祖玛
http://www.4399.com/flash/57474.htm,蝴蝶连连看
http://www.4399.com/flash/4781.htm,花花连连看
http://www.4399.com/flash/136516.htm,消灭星星豪华版
http://www.4399.com/flash/54423.htm,4399打豆豆
http://www.4399.com/flash/2231.htm,宠物连连看2.6
http://www.4399.com/flash/63033.htm,森林冰火人双人迷宫
http://www.4399.com/flash/68259.htm,河马饲养员
http://www.4399.com/flash/106202.htm,消灭星星中文版
http://www.4399.com/flash/62002.htm,疯狂过山车2
http://www.4399.com/flash/100125.htm,装载卡车4
http://www.4399.com/flash/131178.htm,帮鸟儿解冻3
http://www.4399.com/flash/106933.htm,坏蛋冰淇淋2无敌版
http://www.4399.com/flash/171900.htm,装载卡车5
http://www.4399.com/flash/147327.htm,亚当找夏娃3
http://www.4399.com/flash/10919.htm,宠物连连看3.0版
http://www.4399.com/flash/71760.htm,小婴儿逃出系列3
http://www.4399.com/flash/156918.htm,坏小孩回家4
http://www.4399.com/flash/37529.htm,小火车过隧道无敌版
http://www.4399.com/flash/50350.htm,唤醒嗜睡的小人
http://www.4399.com/flash/41285.htm,朵拉的迷你高尔夫
http://www.4399.com/flash/130836.htm,消你妹
http://www.4399.com/flash/128302.htm,消灭星星3电脑版
http://www.4399.com/flash/103266.htm,炮兵突击
http://www.4399.com/flash/96689.htm,愤怒的小鸟太空版HD
http://www.4399.com/flash/57317.htm,激光炮轰小怪2
http://www.4399.com/flash/4782.htm,汽车标志连连看
http://www.4399.com/flash/89614.htm,托马斯过河
http://www.4399.com/flash/88882.htm,海绵宝宝3D大富翁2
http://www.4399.com/flash/138881.htm,激光炮轰小怪3加强版
http://www.4399.com/flash/21223.htm,小球进洞
http://www.4399.com/flash/89107.htm,黑太狼吃羊2
http://www.4399.com/flash/152489.htm,史上最贱小游戏之体育
http://www.4399.com/flash/80211.htm,中国熊猫2无敌版
http://www.4399.com/flash/92102.htm,连连看3.1原版
http://www.4399.com/flash/76887.htm,宠物连连看可爱版
http://www.4399.com/flash/66922.htm,亚当找夏娃中文版
http://www.4399.com/flash/65959.htm,高楼爆破无敌版
http://www.4399.com/flash/34726.htm,4399水果连连看
http://www.4399.com/flash/47634.htm,让子弹飞
http://www.4399.com/flash/122189.htm,史上最贱小游戏3
http://www.4399.com/flash/184591.htm,捣蛋猪HD8.0
http://www.4399.com/flash/50306.htm,奇妙水世界
http://www.4399.com/flash/143168.htm,手纸没有了
http://www.4399.com/flash/79452.htm,森林冰火人3
http://www.4399.com/flash/73311.htm,破蛋专家
http://www.4399.com/flash/92953.htm,逗小猴开心7
http://www.4399.com/flash/132546.htm,亚当找夏娃2
http://www.4399.com/flash/80972.htm,宠物连连看经典版2
http://www.4399.com/flash/138976.htm,盗金父子
http://www.4399.com/flash/69774.htm,高楼爆破2无敌版
http://www.4399.com/flash/42075.htm,光头小子找出口
http://www.4399.com/flash/86544.htm,鸡蛋大逃亡2
http://www.4399.com/flash/30543.htm,小婴儿逃出系列1
http://www.4399.com/flash/63828.htm,红球与绿球
http://www.4399.com/flash/106849.htm,坏蛋冰淇淋2
http://www.4399.com/flash/41483.htm,装载卡车
http://www.4399.com/flash/16395.htm,小婴儿逃出系列2
http://www.4399.com/flash/158011.htm,小汽车的英雄梦
http://www.4399.com/flash/73122.htm,装载卡车3
http://www.4399.com/flash/102581.htm,帮鸟儿解冻
http://www.4399.com/flash/33249.htm,帮小狗取手绢
http://www.4399.com/flash/9840.htm,在线弹钢琴
http://www.4399.com/flash/78828.htm,益智乐高2中文版
http://www.4399.com/flash/35965.htm,直升机打气球
http://www.4399.com/flash/92108.htm,连连看原版
http://www.4399.com/flash/97275.htm,3D旋转麻将连连看
http://www.4399.com/flash/46428.htm,空姐阿Sue
http://www.4399.com/flash/24571.htm,宠物连连看3.1无敌版
http://www.4399.com/flash/8670.htm,宠物连连看特别版
http://www.4399.com/flash/50909.htm,植物战僵尸3D连连看
http://www.4399.com/flash/27265.htm,火柴人逃狱记
http://www.4399.com/flash/157666.htm,史上最贱小游戏13
http://www.4399.com/flash/113790.htm,找你妹正式版
http://www.4399.com/flash/123789.htm,恐龙觅食
http://www.4399.com/flash/128952.htm,坏蛋冰淇淋3
http://www.4399.com/flash/48349.htm,爱吃水果的虫子
http://www.4399.com/flash/1244.htm,红孩儿连连看
http://www.4399.com/flash/152162.htm,盗金父子2
http://www.4399.com/flash/8954.htm,阿sue家做客
http://www.4399.com/flash/142569.htm,一把火
http://www.4399.com/flash/91402.htm,保护橙子增强版3
http://www.4399.com/flash/56745.htm,动画师和动画
http://www.4399.com/flash/117146.htm,火柴人智闯飞艇
http://www.4399.com/flash/1287.htm,新麻雀连连看
http://www.4399.com/flash/134715.htm,捣蛋猪HD3.8
http://www.4399.com/flash/62725.htm,蜗牛鲍勃2中文版
http://www.4399.com/flash/123611.htm,小汽车的爱情梦
http://www.4399.com/flash/135633.htm,糖果去哪儿了2
http://www.4399.com/flash/151340.htm,熊猫逃生记之日本
http://www.4399.com/flash/80299.htm,弹射毛线团
http://www.4399.com/flash/80298.htm,笑脸小方块
http://www.4399.com/flash/80282.htm,海盗消消看
http://www.4399.com/flash/80211.htm,中国熊猫2无敌版
http://www.4399.com/flash/80202.htm,忍者飞天猪中文版
http://www.4399.com/flash/80165.htm,点亮灯泡2
http://www.4399.com/flash/80158.htm,给汽车铺路
http://www.4399.com/flash/80125.htm,朵拉找东西
http://www.4399.com/flash/80087.htm,小怪摘星
http://www.4399.com/flash/80032.htm,投掷芒果糖
http://www.4399.com/flash/79989.htm,王子找公主
http://www.4399.com/flash/79943.htm,解冻企鹅
http://www.4399.com/flash/79915.htm,麻吉配对
http://www.4399.com/flash/79835.htm,电灯点亮3
http://www.4399.com/flash/79824.htm,解救西班牙猞猁
http://www.4399.com/flash/79816.htm,小球的重力世界
http://www.4399.com/flash/79799.htm,小恐龙飞船逃生
http://www.4399.com/flash/79745.htm,火星加农炮
http://www.4399.com/flash/79733.htm,沃特一家人
http://www.4399.com/flash/79720.htm,帮助艾妮
http://www.4399.com/flash/79727.htm,淘金牛仔
http://www.4399.com/flash/79580.htm,迷你的宠物连连看
http://www.4399.com/flash/79566.htm,中国龙泡泡龙
http://www.4399.com/flash/79499.htm,西红柿要长大
http://www.4399.com/flash/79481.htm,光速卡车赛道
http://www.4399.com/flash/79452.htm,森林冰火人3
http://www.4399.com/flash/79442.htm,逃离汉堡店
http://www.4399.com/flash/79420.htm,中国熊猫2
http://www.4399.com/flash/79415.htm,机器人星球逃脱2
http://www.4399.com/flash/79340.htm,病毒祖玛
http://www.4399.com/flash/79337.htm,粘粘世界-精灵垒塔2
http://www.4399.com/flash/79314.htm,贪吃的狗熊
http://www.4399.com/flash/79175.htm,拆!午餐盒2
http://www.4399.com/flash/79076.htm,雪地小星星
http://www.4399.com/flash/79017.htm,蹦蹦洛洛
http://www.4399.com/flash/79006.htm,炸死海盗升级版
http://www.4399.com/flash/78967.htm,仍然只有一关
http://www.4399.com/flash/79068.htm,高楼爆破3无敌版
http://www.4399.com/flash/78828.htm,益智乐高2中文版
http://www.4399.com/flash/78809.htm,僵尸打植物
http://www.4399.com/flash/78779.htm,高楼爆破2中文版
http://www.4399.com/flash/78713.htm,城市机器人买漫画
http://www.4399.com/flash/78634.htm,神锅天降
http://www.4399.com/flash/78619.htm,梦幻圣诞连连看
http://www.4399.com/flash/78616.htm,消灭方块恶魔
http://www.4399.com/flash/78597.htm,奶牛敢死队圣诞版
http://www.4399.com/flash/78596.htm,影子军团
http://www.4399.com/flash/78591.htm,毁灭闹钟中文版
http://www.4399.com/flash/78569.htm,家庭主男
http://www.4399.com/flash/78480.htm,火山逃命
http://www.4399.com/flash/78470.htm,3D监狱逃脱3
http://www.4399.com/flash/78454.htm,饥饿小动物
http://www.4399.com/flash/78381.htm,巴布铺设暖气管道
http://www.4399.com/flash/78303.htm,消灭红方块
http://www.4399.com/flash/78289.htm,电灯点亮2中文版
http://www.4399.com/flash/78253.htm,圣诞叠方块
http://www.4399.com/flash/1382.htm,宠物连连看2.5版
http://www.4399.com/flash/12669.htm,果蔬连连看
http://www.4399.com/flash/17801.htm,宠物连连看3.1
http://www.4399.com/flash/20660.htm,森林冰火人中文版
http://www.4399.com/flash/93551.htm,小鳄鱼爱洗澡中文版
http://www.4399.com/flash/113377.htm,森林冰火人4无敌版
http://www.4399.com/flash/10393.htm,石头连连看
http://www.4399.com/flash/79068.htm,高楼爆破3无敌版
http://www.4399.com/flash/853.htm,五子连珠
http://www.4399.com/flash/17403.htm,青蛙祖玛
http://www.4399.com/flash/57474.htm,蝴蝶连连看
http://www.4399.com/flash/4781.htm,花花连连看
http://www.4399.com/flash/136516.htm,消灭星星豪华版
http://www.4399.com/flash/54423.htm,4399打豆豆
http://www.4399.com/flash/2231.htm,宠物连连看2.6
http://www.4399.com/flash/63033.htm,森林冰火人双人迷宫
http://www.4399.com/flash/68259.htm,河马饲养员
http://www.4399.com/flash/106202.htm,消灭星星中文版
http://www.4399.com/flash/62002.htm,疯狂过山车2
http://www.4399.com/flash/100125.htm,装载卡车4
http://www.4399.com/flash/131178.htm,帮鸟儿解冻3
http://www.4399.com/flash/106933.htm,坏蛋冰淇淋2无敌版
http://www.4399.com/flash/171900.htm,装载卡车5
http://www.4399.com/flash/147327.htm,亚当找夏娃3
http://www.4399.com/flash/10919.htm,宠物连连看3.0版
http://www.4399.com/flash/71760.htm,小婴儿逃出系列3
http://www.4399.com/flash/156918.htm,坏小孩回家4
http://www.4399.com/flash/37529.htm,小火车过隧道无敌版
http://www.4399.com/flash/50350.htm,唤醒嗜睡的小人
http://www.4399.com/flash/41285.htm,朵拉的迷你高尔夫
http://www.4399.com/flash/130836.htm,消你妹
http://www.4399.com/flash/128302.htm,消灭星星3电脑版
http://www.4399.com/flash/103266.htm,炮兵突击
http://www.4399.com/flash/96689.htm,愤怒的小鸟太空版HD
http://www.4399.com/flash/57317.htm,激光炮轰小怪2
http://www.4399.com/flash/4782.htm,汽车标志连连看
http://www.4399.com/flash/89614.htm,托马斯过河
http://www.4399.com/flash/88882.htm,海绵宝宝3D大富翁2
http://www.4399.com/flash/138881.htm,激光炮轰小怪3加强版
http://www.4399.com/flash/21223.htm,小球进洞
http://www.4399.com/flash/89107.htm,黑太狼吃羊2
http://www.4399.com/flash/152489.htm,史上最贱小游戏之体育
http://www.4399.com/flash/80211.htm,中国熊猫2无敌版
http://www.4399.com/flash/92102.htm,连连看3.1原版
http://www.4399.com/flash/76887.htm,宠物连连看可爱版
http://www.4399.com/flash/66922.htm,亚当找夏娃中文版
http://www.4399.com/flash/65959.htm,高楼爆破无敌版
http://www.4399.com/flash/34726.htm,4399水果连连看
http://www.4399.com/flash/47634.htm,让子弹飞
http://www.4399.com/flash/122189.htm,史上最贱小游戏3
http://www.4399.com/flash/184591.htm,捣蛋猪HD8.0
http://www.4399.com/flash/50306.htm,奇妙水世界
http://www.4399.com/flash/143168.htm,手纸没有了
http://www.4399.com/flash/79452.htm,森林冰火人3
http://www.4399.com/flash/73311.htm,破蛋专家
http://www.4399.com/flash/92953.htm,逗小猴开心7
http://www.4399.com/flash/132546.htm,亚当找夏娃2
http://www.4399.com/flash/80972.htm,宠物连连看经典版2
http://www.4399.com/flash/138976.htm,盗金父子
http://www.4399.com/flash/69774.htm,高楼爆破2无敌版
http://www.4399.com/flash/42075.htm,光头小子找出口
http://www.4399.com/flash/86544.htm,鸡蛋大逃亡2
http://www.4399.com/flash/30543.htm,小婴儿逃出系列1
http://www.4399.com/flash/63828.htm,红球与绿球
http://www.4399.com/flash/106849.htm,坏蛋冰淇淋2
http://www.4399.com/flash/41483.htm,装载卡车
http://www.4399.com/flash/16395.htm,小婴儿逃出系列2
http://www.4399.com/flash/158011.htm,小汽车的英雄梦
http://www.4399.com/flash/73122.htm,装载卡车3
http://www.4399.com/flash/102581.htm,帮鸟儿解冻
http://www.4399.com/flash/33249.htm,帮小狗取手绢
http://www.4399.com/flash/9840.htm,在线弹钢琴
http://www.4399.com/flash/78828.htm,益智乐高2中文版
http://www.4399.com/flash/35965.htm,直升机打气球
http://www.4399.com/flash/92108.htm,连连看原版
http://www.4399.com/flash/97275.htm,3D旋转麻将连连看
http://www.4399.com/flash/46428.htm,空姐阿Sue
http://www.4399.com/flash/24571.htm,宠物连连看3.1无敌版
http://www.4399.com/flash/8670.htm,宠物连连看特别版
http://www.4399.com/flash/50909.htm,植物战僵尸3D连连看
http://www.4399.com/flash/27265.htm,火柴人逃狱记
http://www.4399.com/flash/157666.htm,史上最贱小游戏13
http://www.4399.com/flash/113790.htm,找你妹正式版
http://www.4399.com/flash/123789.htm,恐龙觅食
http://www.4399.com/flash/128952.htm,坏蛋冰淇淋3
http://www.4399.com/flash/48349.htm,爱吃水果的虫子
http://www.4399.com/flash/1244.htm,红孩儿连连看
http://www.4399.com/flash/152162.htm,盗金父子2
http://www.4399.com/flash/8954.htm,阿sue家做客
http://www.4399.com/flash/142569.htm,一把火
http://www.4399.com/flash/91402.htm,保护橙子增强版3
http://www.4399.com/flash/56745.htm,动画师和动画
http://www.4399.com/flash/117146.htm,火柴人智闯飞艇
http://www.4399.com/flash/1287.htm,新麻雀连连看
http://www.4399.com/flash/134715.htm,捣蛋猪HD3.8
http://www.4399.com/flash/62725.htm,蜗牛鲍勃2中文版
http://www.4399.com/flash/123611.htm,小汽车的爱情梦
http://www.4399.com/flash/135633.htm,糖果去哪儿了2
http://www.4399.com/flash/151340.htm,熊猫逃生记之日本
http://www.4399.com/flash/78217.htm,连接小电球中文版
http://www.4399.com/flash/78105.htm,疯狂的圣诞老人
http://www.4399.com/flash/77808.htm,愤怒的奶牛
http://www.4399.com/flash/77388.htm,疯狂圣诞节
http://www.4399.com/flash/77387.htm,消灭海盗
http://www.4399.com/flash/77249.htm,叫醒大象
http://www.4399.com/flash/77030.htm,炸弹瓢虫
http://www.4399.com/flash/76582.htm,大炮轰士兵3
http://www.4399.com/flash/76389.htm,拆!键盘2
http://www.4399.com/flash/76222.htm,手榴弹大师-失落之城
http://www.4399.com/flash/75993.htm,倒霉的宇航员
http://www.4399.com/flash/75969.htm,森林探险
http://www.4399.com/flash/79146.htm,愤怒小鸟圣诞版
http://www.4399.com/flash/74905.htm,连接小电球2
http://www.4399.com/flash/74790.htm,汽车冲撞机器人
http://www.4399.com/flash/74342.htm,忍者森林之旅
http://www.4399.com/flash/73943.htm,方块人闯机关2
http://www.4399.com/flash/73886.htm,飞脚忍者
http://www.4399.com/flash/73364.htm,贪吃的猪头
http://www.4399.com/flash/73311.htm,破蛋专家
http://www.4399.com/flash/69369.htm,跳动的火球
http://www.4399.com/flash/67551.htm,奇幻高尔夫
http://www.4399.com/flash/64649.htm,踢走红色木块
http://www.4399.com/flash/63341.htm,白兔历险记
http://www.4399.com/flash/57871.htm,拯救小小猎人
http://www.4399.com/flash/62636.htm,智商球4
http://www.4399.com/flash/57317.htm,激光炮轰小怪2
http://www.4399.com/flash/50071.htm,逃出可爱的卫生间
http://www.4399.com/flash/49400.htm,大家来找假币2
http://www.4399.com/flash/54423.htm,4399打豆豆
http://www.4399.com/flash/47562.htm,眼镜男推箱子
http://www.4399.com/flash/45486.htm,迭戈与恐龙
http://www.4399.com/flash/68312.htm,愤怒的小鸟之里约大冒险选关版
http://www.4399.com/flash/106849.htm,坏蛋冰淇淋2
http://www.4399.com/flash/81211.htm,逗小猴开心6
http://www.4399.com/flash/41798.htm,脑电波检测
http://www.4399.com/flash/41115.htm,激光炮轰小怪物
http://www.4399.com/flash/82377.htm,智商球选关版
http://www.4399.com/flash/40157.htm,多彩物理球
http://www.4399.com/flash/39461.htm,重力反击
http://www.4399.com/flash/38811.htm,旋转方块2
http://www.4399.com/flash/42075.htm,光头小子找出口
http://www.4399.com/flash/105463.htm,蜗牛鲍勃3
http://www.4399.com/flash/38573.htm,日夜交替
http://www.4399.com/flash/37262.htm,吉豆推箱子
http://www.4399.com/flash/98958.htm,带狗狗回家
http://www.4399.com/flash/108786.htm,反重力小鸭3
http://www.4399.com/flash/99806.htm,大炮轰气球4
http://www.4399.com/flash/37274.htm,植物机器人
http://www.4399.com/flash/34780.htm,智商球
http://www.4399.com/flash/34056.htm,英勇消防员
http://www.4399.com/flash/34051.htm,摩天高楼
http://www.4399.com/flash/33509.htm,冰块熊增强版
http://www.4399.com/flash/33556.htm,神灯阿拉丁
http://www.4399.com/flash/27572.htm,老鼠弹球
http://www.4399.com/flash/30912.htm,安琪走迷宫
http://www.4399.com/flash/1382.htm,宠物连连看2.5版
http://www.4399.com/flash/12669.htm,果蔬连连看
http://www.4399.com/flash/17801.htm,宠物连连看3.1
http://www.4399.com/flash/20660.htm,森林冰火人中文版
http://www.4399.com/flash/93551.htm,小鳄鱼爱洗澡中文版
http://www.4399.com/flash/113377.htm,森林冰火人4无敌版
http://www.4399.com/flash/10393.htm,石头连连看
http://www.4399.com/flash/79068.htm,高楼爆破3无敌版
http://www.4399.com/flash/853.htm,五子连珠
http://www.4399.com/flash/17403.htm,青蛙祖玛
http://www.4399.com/flash/57474.htm,蝴蝶连连看
http://www.4399.com/flash/4781.htm,花花连连看
http://www.4399.com/flash/136516.htm,消灭星星豪华版
http://www.4399.com/flash/54423.htm,4399打豆豆
http://www.4399.com/flash/2231.htm,宠物连连看2.6
http://www.4399.com/flash/63033.htm,森林冰火人双人迷宫
http://www.4399.com/flash/68259.htm,河马饲养员
http://www.4399.com/flash/106202.htm,消灭星星中文版
http://www.4399.com/flash/62002.htm,疯狂过山车2
http://www.4399.com/flash/100125.htm,装载卡车4
http://www.4399.com/flash/131178.htm,帮鸟儿解冻3
http://www.4399.com/flash/106933.htm,坏蛋冰淇淋2无敌版
http://www.4399.com/flash/171900.htm,装载卡车5
http://www.4399.com/flash/147327.htm,亚当找夏娃3
http://www.4399.com/flash/10919.htm,宠物连连看3.0版
http://www.4399.com/flash/71760.htm,小婴儿逃出系列3
http://www.4399.com/flash/156918.htm,坏小孩回家4
http://www.4399.com/flash/37529.htm,小火车过隧道无敌版
http://www.4399.com/flash/50350.htm,唤醒嗜睡的小人
http://www.4399.com/flash/41285.htm,朵拉的迷你高尔夫
http://www.4399.com/flash/130836.htm,消你妹
http://www.4399.com/flash/128302.htm,消灭星星3电脑版
http://www.4399.com/flash/103266.htm,炮兵突击
http://www.4399.com/flash/96689.htm,愤怒的小鸟太空版HD
http://www.4399.com/flash/57317.htm,激光炮轰小怪2
http://www.4399.com/flash/4782.htm,汽车标志连连看
http://www.4399.com/flash/89614.htm,托马斯过河
http://www.4399.com/flash/88882.htm,海绵宝宝3D大富翁2
http://www.4399.com/flash/138881.htm,激光炮轰小怪3加强版
http://www.4399.com/flash/21223.htm,小球进洞
http://www.4399.com/flash/89107.htm,黑太狼吃羊2
http://www.4399.com/flash/152489.htm,史上最贱小游戏之体育
http://www.4399.com/flash/80211.htm,中国熊猫2无敌版
http://www.4399.com/flash/92102.htm,连连看3.1原版
http://www.4399.com/flash/76887.htm,宠物连连看可爱版
http://www.4399.com/flash/66922.htm,亚当找夏娃中文版
http://www.4399.com/flash/65959.htm,高楼爆破无敌版
http://www.4399.com/flash/34726.htm,4399水果连连看
http://www.4399.com/flash/47634.htm,让子弹飞
http://www.4399.com/flash/122189.htm,史上最贱小游戏3
http://www.4399.com/flash/184591.htm,捣蛋猪HD8.0
http://www.4399.com/flash/50306.htm,奇妙水世界
http://www.4399.com/flash/143168.htm,手纸没有了
http://www.4399.com/flash/79452.htm,森林冰火人3
http://www.4399.com/flash/73311.htm,破蛋专家
http://www.4399.com/flash/92953.htm,逗小猴开心7
http://www.4399.com/flash/132546.htm,亚当找夏娃2
http://www.4399.com/flash/80972.htm,宠物连连看经典版2
http://www.4399.com/flash/138976.htm,盗金父子
http://www.4399.com/flash/69774.htm,高楼爆破2无敌版
http://www.4399.com/flash/42075.htm,光头小子找出口
http://www.4399.com/flash/86544.htm,鸡蛋大逃亡2
http://www.4399.com/flash/30543.htm,小婴儿逃出系列1
http://www.4399.com/flash/63828.htm,红球与绿球
http://www.4399.com/flash/106849.htm,坏蛋冰淇淋2
http://www.4399.com/flash/41483.htm,装载卡车
http://www.4399.com/flash/16395.htm,小婴儿逃出系列2
http://www.4399.com/flash/158011.htm,小汽车的英雄梦
http://www.4399.com/flash/73122.htm,装载卡车3
http://www.4399.com/flash/102581.htm,帮鸟儿解冻
http://www.4399.com/flash/33249.htm,帮小狗取手绢
http://www.4399.com/flash/9840.htm,在线弹钢琴
http://www.4399.com/flash/78828.htm,益智乐高2中文版
http://www.4399.com/flash/35965.htm,直升机打气球
http://www.4399.com/flash/92108.htm,连连看原版
http://www.4399.com/flash/97275.htm,3D旋转麻将连连看
http://www.4399.com/flash/46428.htm,空姐阿Sue
http://www.4399.com/flash/24571.htm,宠物连连看3.1无敌版
http://www.4399.com/flash/8670.htm,宠物连连看特别版
http://www.4399.com/flash/50909.htm,植物战僵尸3D连连看
http://www.4399.com/flash/27265.htm,火柴人逃狱记
http://www.4399.com/flash/157666.htm,史上最贱小游戏13
http://www.4399.com/flash/113790.htm,找你妹正式版
http://www.4399.com/flash/123789.htm,恐龙觅食
http://www.4399.com/flash/128952.htm,坏蛋冰淇淋3
http://www.4399.com/flash/48349.htm,爱吃水果的虫子
http://www.4399.com/flash/1244.htm,红孩儿连连看
http://www.4399.com/flash/152162.htm,盗金父子2
http://www.4399.com/flash/8954.htm,阿sue家做客
http://www.4399.com/flash/142569.htm,一把火
http://www.4399.com/flash/91402.htm,保护橙子增强版3
http://www.4399.com/flash/56745.htm,动画师和动画
http://www.4399.com/flash/117146.htm,火柴人智闯飞艇
http://www.4399.com/flash/1287.htm,新麻雀连连看
http://www.4399.com/flash/134715.htm,捣蛋猪HD3.8
http://www.4399.com/flash/62725.htm,蜗牛鲍勃2中文版
http://www.4399.com/flash/123611.htm,小汽车的爱情梦
http://www.4399.com/flash/135633.htm,糖果去哪儿了2
http://www.4399.com/flash/151340.htm,熊猫逃生记之日本
http://www.4399.com/flash/31112.htm,火柴人画图故事2
http://www.4399.com/flash/30248.htm,奇趣撞车
http://www.4399.com/flash/29921.htm,炸毁建筑2
http://www.4399.com/flash/21258.htm,连环房间
http://www.4399.com/flash/14856.htm,奶奶拼花布
http://www.4399.com/flash/13955.htm,小火车过隧道
http://www.4399.com/flash/13164.htm,桥梁工程师
http://www.4399.com/flash/13071.htm,推木头
http://www.4399.com/flash/9638.htm,魔法宠物
http://www.4399.com/flash/9458.htm,石油危机
http://www.4399.com/flash/2168.htm,库尔斯克核潜艇
http://www.4399.com/flash/1621.htm,罪案现场十二：人间大炮
http://www.4399.com/flash/216013.htm,逃离双人房
http://www.4399.com/flash/216005.htm,逃离废弃游戏城
http://www.4399.com/flash/216004.htm,迷人房屋逃脱
http://www.4399.com/flash/216000.htm,逃离舒适屋子88
http://www.4399.com/flash/215994.htm,逃离被破坏的屋子
http://www.4399.com/flash/215992.htm,深海大逃脱4
http://www.4399.com/flash/215991.htm,逃离深灰色的客厅
http://www.4399.com/flash/215990.htm,逃离玫瑰花园
http://www.4399.com/flash/215985.htm,皇家住宅大逃脱
http://www.4399.com/flash/215984.htm,现代木屋大逃脱
http://www.4399.com/flash/215983.htm,现代传统客房逃脱
http://www.4399.com/flash/215974.htm,魔镜小屋逃脱
http://www.4399.com/flash/215973.htm,景观丛林逃脱
http://www.4399.com/flash/215972.htm,魔幻森林大逃脱
http://www.4399.com/flash/215971.htm,校长室大逃脱
http://www.4399.com/flash/215970.htm,灰胡子人逃跑
http://www.4399.com/flash/215969.htm,谷仓屋逃脱
http://www.4399.com/flash/215962.htm,逃离舒适屋子87
http://www.4399.com/flash/215961.htm,寻找检验书
http://www.4399.com/flash/215960.htm,逃离猎人的屋子
http://www.4399.com/flash/215959.htm,逃出废弃涂鸦建筑2
http://www.4399.com/flash/215955.htm,逃离舒适屋子86
http://www.4399.com/flash/215954.htm,逃离现代演播室
http://www.4399.com/flash/215953.htm,现代豪宅大逃脱
http://www.4399.com/flash/215952.htm,救援大海象
http://www.4399.com/flash/215951.htm,逃离现代单身公寓
http://www.4399.com/flash/215923.htm,逃离舒适屋子85
http://www.4399.com/flash/215922.htm,逃离黑白系房子
http://www.4399.com/flash/215921.htm,逃离城市别墅
http://www.4399.com/flash/215919.htm,逃离游戏室
http://www.4399.com/flash/215930.htm,中世纪的房门逃脱
http://www.4399.com/flash/215928.htm,不安全的矿井逃脱
http://www.4399.com/flash/215910.htm,单身公寓大逃脱
http://www.4399.com/flash/215966.htm,逃离大罐子97
http://www.4399.com/flash/215899.htm,逃离舒适屋子84
http://www.4399.com/flash/215898.htm,逃离寂静房间
http://www.4399.com/flash/215897.htm,寻找魔法书
http://www.4399.com/flash/215896.htm,森林小房屋大逃脱
http://www.4399.com/flash/215895.htm,逃离著名的森林公园
http://www.4399.com/flash/215894.htm,逃离梦幻宝石林
http://www.4399.com/flash/215891.htm,寻找帝国王冠
http://www.4399.com/flash/215890.htm,乡村公寓房间逃脱
http://www.4399.com/flash/215888.htm,破败的老宅逃脱
http://www.4399.com/flash/215877.htm,酒吧厨房逃脱
http://www.4399.com/flash/1382.htm,宠物连连看2.5版
http://www.4399.com/flash/12669.htm,果蔬连连看
http://www.4399.com/flash/17801.htm,宠物连连看3.1
http://www.4399.com/flash/20660.htm,森林冰火人中文版
http://www.4399.com/flash/93551.htm,小鳄鱼爱洗澡中文版
http://www.4399.com/flash/113377.htm,森林冰火人4无敌版
http://www.4399.com/flash/10393.htm,石头连连看
http://www.4399.com/flash/79068.htm,高楼爆破3无敌版
http://www.4399.com/flash/853.htm,五子连珠
http://www.4399.com/flash/17403.htm,青蛙祖玛
http://www.4399.com/flash/57474.htm,蝴蝶连连看
http://www.4399.com/flash/4781.htm,花花连连看
http://www.4399.com/flash/136516.htm,消灭星星豪华版
http://www.4399.com/flash/54423.htm,4399打豆豆
http://www.4399.com/flash/2231.htm,宠物连连看2.6
http://www.4399.com/flash/63033.htm,森林冰火人双人迷宫
http://www.4399.com/flash/68259.htm,河马饲养员
http://www.4399.com/flash/106202.htm,消灭星星中文版
http://www.4399.com/flash/62002.htm,疯狂过山车2
http://www.4399.com/flash/100125.htm,装载卡车4
http://www.4399.com/flash/131178.htm,帮鸟儿解冻3
http://www.4399.com/flash/106933.htm,坏蛋冰淇淋2无敌版
http://www.4399.com/flash/171900.htm,装载卡车5
http://www.4399.com/flash/147327.htm,亚当找夏娃3
http://www.4399.com/flash/10919.htm,宠物连连看3.0版
http://www.4399.com/flash/71760.htm,小婴儿逃出系列3
http://www.4399.com/flash/156918.htm,坏小孩回家4
http://www.4399.com/flash/37529.htm,小火车过隧道无敌版
http://www.4399.com/flash/50350.htm,唤醒嗜睡的小人
http://www.4399.com/flash/41285.htm,朵拉的迷你高尔夫
http://www.4399.com/flash/130836.htm,消你妹
http://www.4399.com/flash/128302.htm,消灭星星3电脑版
http://www.4399.com/flash/103266.htm,炮兵突击
http://www.4399.com/flash/96689.htm,愤怒的小鸟太空版HD
http://www.4399.com/flash/57317.htm,激光炮轰小怪2
http://www.4399.com/flash/4782.htm,汽车标志连连看
http://www.4399.com/flash/89614.htm,托马斯过河
http://www.4399.com/flash/88882.htm,海绵宝宝3D大富翁2
http://www.4399.com/flash/138881.htm,激光炮轰小怪3加强版
http://www.4399.com/flash/21223.htm,小球进洞
http://www.4399.com/flash/89107.htm,黑太狼吃羊2
http://www.4399.com/flash/152489.htm,史上最贱小游戏之体育
http://www.4399.com/flash/80211.htm,中国熊猫2无敌版
http://www.4399.com/flash/92102.htm,连连看3.1原版
http://www.4399.com/flash/76887.htm,宠物连连看可爱版
http://www.4399.com/flash/66922.htm,亚当找夏娃中文版
http://www.4399.com/flash/65959.htm,高楼爆破无敌版
http://www.4399.com/flash/34726.htm,4399水果连连看
http://www.4399.com/flash/47634.htm,让子弹飞
http://www.4399.com/flash/122189.htm,史上最贱小游戏3
http://www.4399.com/flash/184591.htm,捣蛋猪HD8.0
http://www.4399.com/flash/50306.htm,奇妙水世界
http://www.4399.com/flash/143168.htm,手纸没有了
http://www.4399.com/flash/79452.htm,森林冰火人3
http://www.4399.com/flash/73311.htm,破蛋专家
http://www.4399.com/flash/92953.htm,逗小猴开心7
http://www.4399.com/flash/132546.htm,亚当找夏娃2
http://www.4399.com/flash/80972.htm,宠物连连看经典版2
http://www.4399.com/flash/138976.htm,盗金父子
http://www.4399.com/flash/69774.htm,高楼爆破2无敌版
http://www.4399.com/flash/42075.htm,光头小子找出口
http://www.4399.com/flash/86544.htm,鸡蛋大逃亡2
http://www.4399.com/flash/30543.htm,小婴儿逃出系列1
http://www.4399.com/flash/63828.htm,红球与绿球
http://www.4399.com/flash/106849.htm,坏蛋冰淇淋2
http://www.4399.com/flash/41483.htm,装载卡车
http://www.4399.com/flash/16395.htm,小婴儿逃出系列2
http://www.4399.com/flash/158011.htm,小汽车的英雄梦
http://www.4399.com/flash/73122.htm,装载卡车3
http://www.4399.com/flash/102581.htm,帮鸟儿解冻
http://www.4399.com/flash/33249.htm,帮小狗取手绢
http://www.4399.com/flash/9840.htm,在线弹钢琴
http://www.4399.com/flash/78828.htm,益智乐高2中文版
http://www.4399.com/flash/35965.htm,直升机打气球
http://www.4399.com/flash/92108.htm,连连看原版
http://www.4399.com/flash/97275.htm,3D旋转麻将连连看
http://www.4399.com/flash/46428.htm,空姐阿Sue
http://www.4399.com/flash/24571.htm,宠物连连看3.1无敌版
http://www.4399.com/flash/8670.htm,宠物连连看特别版
http://www.4399.com/flash/50909.htm,植物战僵尸3D连连看
http://www.4399.com/flash/27265.htm,火柴人逃狱记
http://www.4399.com/flash/157666.htm,史上最贱小游戏13
http://www.4399.com/flash/113790.htm,找你妹正式版
http://www.4399.com/flash/123789.htm,恐龙觅食
http://www.4399.com/flash/128952.htm,坏蛋冰淇淋3
http://www.4399.com/flash/48349.htm,爱吃水果的虫子
http://www.4399.com/flash/1244.htm,红孩儿连连看
http://www.4399.com/flash/152162.htm,盗金父子2
http://www.4399.com/flash/8954.htm,阿sue家做客
http://www.4399.com/flash/142569.htm,一把火
http://www.4399.com/flash/91402.htm,保护橙子增强版3
http://www.4399.com/flash/56745.htm,动画师和动画
http://www.4399.com/flash/117146.htm,火柴人智闯飞艇
http://www.4399.com/flash/1287.htm,新麻雀连连看
http://www.4399.com/flash/134715.htm,捣蛋猪HD3.8
http://www.4399.com/flash/62725.htm,蜗牛鲍勃2中文版
http://www.4399.com/flash/123611.htm,小汽车的爱情梦
http://www.4399.com/flash/135633.htm,糖果去哪儿了2
http://www.4399.com/flash/151340.htm,熊猫逃生记之日本
http://www.4399.com/flash/215876.htm,别致海滩小屋逃脱
http://www.4399.com/flash/215870.htm,逃离阴雨之地
http://www.4399.com/flash/215869.htm,逃离高级酒店套房
http://www.4399.com/flash/215868.htm,逃离黑暗的教室
http://www.4399.com/flash/215867.htm,逃离大罐子96
http://www.4399.com/flash/215865.htm,逃离舒适屋子83
http://www.4399.com/flash/215863.htm,华丽别墅客房逃脱
http://www.4399.com/flash/215851.htm,逃离皱褶屋
http://www.4399.com/flash/215849.htm,暗绿废弃房屋逃生
http://www.4399.com/flash/215848.htm,石木拼接屋逃脱
http://www.4399.com/flash/215860.htm,白鹳逃脱
http://www.4399.com/flash/215859.htm,逃出封闭之地2
http://www.4399.com/flash/215858.htm,逃离自然森林
http://www.4399.com/flash/215857.htm,黑毒蜂逃脱
http://www.4399.com/flash/215834.htm,逃离简易房屋31
http://www.4399.com/flash/215831.htm,女孩困在沙漠
http://www.4399.com/flash/215829.htm,逃离红色蘑菇屋
http://www.4399.com/flash/215822.htm,逃离大罐子95
http://www.4399.com/flash/215820.htm,逃离舒适屋子82
http://www.4399.com/flash/215818.htm,黑白公寓逃脱
http://www.4399.com/flash/215816.htm,逃离空中小岛
http://www.4399.com/flash/215814.htm,逃离秋林湖
http://www.4399.com/flash/215812.htm,受困大象逃脱
http://www.4399.com/flash/215806.htm,永恒之谜
http://www.4399.com/flash/215804.htm,远古丛林逃脱3
http://www.4399.com/flash/215799.htm,逃离锁住的景点
http://www.4399.com/flash/215794.htm,中世纪住宅大逃脱
http://www.4399.com/flash/215792.htm,家庭现代客房逃脱
http://www.4399.com/flash/215775.htm,狂喜蜗牛出逃
http://www.4399.com/flash/215773.htm,逃离简易房屋30
http://www.4399.com/flash/215772.htm,深绿梦幻森林逃脱
http://www.4399.com/flash/215771.htm,逃出奇怪的房屋
http://www.4399.com/flash/215770.htm,生锈机房逃脱
http://www.4399.com/flash/215769.htm,危机森林大逃脱
http://www.4399.com/flash/215767.htm,逃出废弃涂鸦建筑
http://www.4399.com/flash/215765.htm,逃离舒适屋子81
http://www.4399.com/flash/215764.htm,逃离大罐子94
http://www.4399.com/flash/215761.htm,逃出热带雨林
http://www.4399.com/flash/215759.htm,逃离乐器室
http://www.4399.com/flash/215758.htm,逃出现代办公室
http://www.4399.com/flash/215746.htm,逃离精致的木屋2
http://www.4399.com/flash/215745.htm,逃出封闭之地
http://www.4399.com/flash/215744.htm,逃出多门之地
http://www.4399.com/flash/215743.htm,美丽森林公园
http://www.4399.com/flash/215742.htm,逃出欧式宫殿
http://www.4399.com/flash/215731.htm,逃出雅静的房屋
http://www.4399.com/flash/215730.htm,逃离大罐子93
http://www.4399.com/flash/215727.htm,光束森林逃脱
http://www.4399.com/flash/215726.htm,逃离舒适屋子80
http://www.4399.com/flash/215725.htm,逃出明亮地下车库
http://www.4399.com/flash/215724.htm,暗红办公室逃脱
http://www.4399.com/flash/215723.htm,逃离水泥屋子
http://www.4399.com/flash/215722.htm,救援混乱的猴子
http://www.4399.com/flash/215721.htm,逃离现代行政办公室
http://www.4399.com/flash/215710.htm,逃离大罐子92
http://www.4399.com/flash/215708.htm,逃离舒适屋子79
http://www.4399.com/flash/1382.htm,宠物连连看2.5版
http://www.4399.com/flash/12669.htm,果蔬连连看
http://www.4399.com/flash/17801.htm,宠物连连看3.1
http://www.4399.com/flash/20660.htm,森林冰火人中文版
http://www.4399.com/flash/93551.htm,小鳄鱼爱洗澡中文版
http://www.4399.com/flash/113377.htm,森林冰火人4无敌版
http://www.4399.com/flash/10393.htm,石头连连看
http://www.4399.com/flash/79068.htm,高楼爆破3无敌版
http://www.4399.com/flash/853.htm,五子连珠
http://www.4399.com/flash/17403.htm,青蛙祖玛
http://www.4399.com/flash/57474.htm,蝴蝶连连看
http://www.4399.com/flash/4781.htm,花花连连看
http://www.4399.com/flash/136516.htm,消灭星星豪华版
http://www.4399.com/flash/54423.htm,4399打豆豆
http://www.4399.com/flash/2231.htm,宠物连连看2.6
http://www.4399.com/flash/63033.htm,森林冰火人双人迷宫
http://www.4399.com/flash/68259.htm,河马饲养员
http://www.4399.com/flash/106202.htm,消灭星星中文版
http://www.4399.com/flash/62002.htm,疯狂过山车2
http://www.4399.com/flash/100125.htm,装载卡车4
http://www.4399.com/flash/131178.htm,帮鸟儿解冻3
http://www.4399.com/flash/106933.htm,坏蛋冰淇淋2无敌版
http://www.4399.com/flash/171900.htm,装载卡车5
http://www.4399.com/flash/147327.htm,亚当找夏娃3
http://www.4399.com/flash/10919.htm,宠物连连看3.0版
http://www.4399.com/flash/71760.htm,小婴儿逃出系列3
http://www.4399.com/flash/156918.htm,坏小孩回家4
http://www.4399.com/flash/37529.htm,小火车过隧道无敌版
http://www.4399.com/flash/50350.htm,唤醒嗜睡的小人
http://www.4399.com/flash/41285.htm,朵拉的迷你高尔夫
http://www.4399.com/flash/130836.htm,消你妹
http://www.4399.com/flash/128302.htm,消灭星星3电脑版
http://www.4399.com/flash/103266.htm,炮兵突击
http://www.4399.com/flash/96689.htm,愤怒的小鸟太空版HD
http://www.4399.com/flash/57317.htm,激光炮轰小怪2
http://www.4399.com/flash/4782.htm,汽车标志连连看
http://www.4399.com/flash/89614.htm,托马斯过河
http://www.4399.com/flash/88882.htm,海绵宝宝3D大富翁2
http://www.4399.com/flash/138881.htm,激光炮轰小怪3加强版
http://www.4399.com/flash/21223.htm,小球进洞
http://www.4399.com/flash/89107.htm,黑太狼吃羊2
http://www.4399.com/flash/152489.htm,史上最贱小游戏之体育
http://www.4399.com/flash/80211.htm,中国熊猫2无敌版
http://www.4399.com/flash/92102.htm,连连看3.1原版
http://www.4399.com/flash/76887.htm,宠物连连看可爱版
http://www.4399.com/flash/66922.htm,亚当找夏娃中文版
http://www.4399.com/flash/65959.htm,高楼爆破无敌版
http://www.4399.com/flash/34726.htm,4399水果连连看
http://www.4399.com/flash/47634.htm,让子弹飞
http://www.4399.com/flash/122189.htm,史上最贱小游戏3
http://www.4399.com/flash/184591.htm,捣蛋猪HD8.0
http://www.4399.com/flash/50306.htm,奇妙水世界
http://www.4399.com/flash/143168.htm,手纸没有了
http://www.4399.com/flash/79452.htm,森林冰火人3
http://www.4399.com/flash/73311.htm,破蛋专家
http://www.4399.com/flash/92953.htm,逗小猴开心7
http://www.4399.com/flash/132546.htm,亚当找夏娃2
http://www.4399.com/flash/80972.htm,宠物连连看经典版2
http://www.4399.com/flash/138976.htm,盗金父子
http://www.4399.com/flash/69774.htm,高楼爆破2无敌版
http://www.4399.com/flash/42075.htm,光头小子找出口
http://www.4399.com/flash/86544.htm,鸡蛋大逃亡2
http://www.4399.com/flash/30543.htm,小婴儿逃出系列1
http://www.4399.com/flash/63828.htm,红球与绿球
http://www.4399.com/flash/106849.htm,坏蛋冰淇淋2
http://www.4399.com/flash/41483.htm,装载卡车
http://www.4399.com/flash/16395.htm,小婴儿逃出系列2
http://www.4399.com/flash/158011.htm,小汽车的英雄梦
http://www.4399.com/flash/73122.htm,装载卡车3
http://www.4399.com/flash/102581.htm,帮鸟儿解冻
http://www.4399.com/flash/33249.htm,帮小狗取手绢
http://www.4399.com/flash/9840.htm,在线弹钢琴
http://www.4399.com/flash/78828.htm,益智乐高2中文版
http://www.4399.com/flash/35965.htm,直升机打气球
http://www.4399.com/flash/92108.htm,连连看原版
http://www.4399.com/flash/97275.htm,3D旋转麻将连连看
http://www.4399.com/flash/46428.htm,空姐阿Sue
http://www.4399.com/flash/24571.htm,宠物连连看3.1无敌版
http://www.4399.com/flash/8670.htm,宠物连连看特别版
http://www.4399.com/flash/50909.htm,植物战僵尸3D连连看
http://www.4399.com/flash/27265.htm,火柴人逃狱记
http://www.4399.com/flash/157666.htm,史上最贱小游戏13
http://www.4399.com/flash/113790.htm,找你妹正式版
http://www.4399.com/flash/123789.htm,恐龙觅食
http://www.4399.com/flash/128952.htm,坏蛋冰淇淋3
http://www.4399.com/flash/48349.htm,爱吃水果的虫子
http://www.4399.com/flash/1244.htm,红孩儿连连看
http://www.4399.com/flash/152162.htm,盗金父子2
http://www.4399.com/flash/8954.htm,阿sue家做客
http://www.4399.com/flash/142569.htm,一把火
http://www.4399.com/flash/91402.htm,保护橙子增强版3
http://www.4399.com/flash/56745.htm,动画师和动画
http://www.4399.com/flash/117146.htm,火柴人智闯飞艇
http://www.4399.com/flash/1287.htm,新麻雀连连看
http://www.4399.com/flash/134715.htm,捣蛋猪HD3.8
http://www.4399.com/flash/62725.htm,蜗牛鲍勃2中文版
http://www.4399.com/flash/123611.htm,小汽车的爱情梦
http://www.4399.com/flash/135633.htm,糖果去哪儿了2
http://www.4399.com/flash/151340.htm,熊猫逃生记之日本
http://www.4399.com/flash/215704.htm,逃离海达瓜依公园
http://www.4399.com/flash/215702.htm,寻找吸入器
http://www.4399.com/flash/215701.htm,救出北极熊
http://www.4399.com/flash/215691.htm,深海大逃脱3
http://www.4399.com/flash/215689.htm,廉价酒店逃脱
http://www.4399.com/flash/215687.htm,逃离封闭之所2
http://www.4399.com/flash/215686.htm,苦瓜精逃脱
http://www.4399.com/flash/215677.htm,逃离舒适屋子78
http://www.4399.com/flash/215675.htm,逃离大罐子91
http://www.4399.com/flash/215674.htm,救援可爱的老祖父
http://www.4399.com/flash/215673.htm,救援可爱的小虫
http://www.4399.com/flash/215661.htm,逃离蘑菇小镇
http://www.4399.com/flash/215656.htm,逃离舒适屋子77
http://www.4399.com/flash/215655.htm,逃离大罐子90
http://www.4399.com/flash/215650.htm,逃离园丁小屋
http://www.4399.com/flash/215649.htm,救援红裙女生
http://www.4399.com/flash/215647.htm,食堂大逃脱
http://www.4399.com/flash/215645.htm,逃离迷幻荒野
http://www.4399.com/flash/215643.htm,热带岛屿逃脱
http://www.4399.com/flash/215642.htm,现代时尚房屋逃脱
http://www.4399.com/flash/215641.htm,逃离茂盛树林
http://www.4399.com/flash/215640.htm,热沙漠逃脱
http://www.4399.com/flash/215639.htm,穿山甲大逃脱
http://www.4399.com/flash/215620.htm,逃离舒适屋子76
http://www.4399.com/flash/215618.htm,逃离大罐子89
http://www.4399.com/flash/215616.htm,逃出白色客厅
http://www.4399.com/flash/215615.htm,逃出废墟室2
http://www.4399.com/flash/215613.htm,逃离小仓房
http://www.4399.com/flash/215605.htm,寻找丢失的金项链
http://www.4399.com/flash/215602.htm,矮人大逃脱
http://www.4399.com/flash/215600.htm,废弃木屋营救
http://www.4399.com/flash/215599.htm,黑暗地堡逃脱
http://www.4399.com/flash/215597.htm,救援精致的讲师
http://www.4399.com/flash/215596.htm,寻找神秘的宝藏
http://www.4399.com/flash/215598.htm,逃离简易房屋29
http://www.4399.com/flash/215592.htm,布鲁姆逃脱
http://www.4399.com/flash/215591.htm,拯救冰洞中的动物
http://www.4399.com/flash/215589.htm,冬日山湖逃脱
http://www.4399.com/flash/215588.htm,危险森林快逃离
http://www.4399.com/flash/215587.htm,逃离冰镇甜品店
http://www.4399.com/flash/215586.htm,逃出空旷的海滩
http://www.4399.com/flash/215578.htm,逃离大罐子88
http://www.4399.com/flash/215577.htm,逃离舒适屋子75
http://www.4399.com/flash/215568.htm,废弃木屋大逃脱2
http://www.4399.com/flash/215555.htm,逃离大罐子87
http://www.4399.com/flash/215554.htm,时尚现代家居逃离
http://www.4399.com/flash/215553.htm,逃离舒适屋子74
http://www.4399.com/flash/215552.htm,淘气男孩逃跑
http://www.4399.com/flash/215551.htm,逃离昏暗封闭房
http://www.4399.com/flash/215548.htm,逃离诡异的房间
http://www.4399.com/flash/215547.htm,海滩客厅逃生
http://www.4399.com/flash/215546.htm,绿色客厅大逃脱
http://www.4399.com/flash/215543.htm,逃离小山屋
http://www.4399.com/flash/215542.htm,逃离整洁的机房
http://www.4399.com/flash/215535.htm,逃离时尚小屋2
http://www.4399.com/flash/215534.htm,列车逃脱
http://www.4399.com/flash/1382.htm,宠物连连看2.5版
http://www.4399.com/flash/12669.htm,果蔬连连看
http://www.4399.com/flash/17801.htm,宠物连连看3.1
http://www.4399.com/flash/20660.htm,森林冰火人中文版
http://www.4399.com/flash/93551.htm,小鳄鱼爱洗澡中文版
http://www.4399.com/flash/113377.htm,森林冰火人4无敌版
http://www.4399.com/flash/10393.htm,石头连连看
http://www.4399.com/flash/79068.htm,高楼爆破3无敌版
http://www.4399.com/flash/853.htm,五子连珠
http://www.4399.com/flash/17403.htm,青蛙祖玛
http://www.4399.com/flash/57474.htm,蝴蝶连连看
http://www.4399.com/flash/4781.htm,花花连连看
http://www.4399.com/flash/136516.htm,消灭星星豪华版
http://www.4399.com/flash/54423.htm,4399打豆豆
http://www.4399.com/flash/2231.htm,宠物连连看2.6
http://www.4399.com/flash/63033.htm,森林冰火人双人迷宫
http://www.4399.com/flash/68259.htm,河马饲养员
http://www.4399.com/flash/106202.htm,消灭星星中文版
http://www.4399.com/flash/62002.htm,疯狂过山车2
http://www.4399.com/flash/100125.htm,装载卡车4
http://www.4399.com/flash/131178.htm,帮鸟儿解冻3
http://www.4399.com/flash/106933.htm,坏蛋冰淇淋2无敌版
http://www.4399.com/flash/171900.htm,装载卡车5
http://www.4399.com/flash/147327.htm,亚当找夏娃3
http://www.4399.com/flash/10919.htm,宠物连连看3.0版
http://www.4399.com/flash/71760.htm,小婴儿逃出系列3
http://www.4399.com/flash/156918.htm,坏小孩回家4
http://www.4399.com/flash/37529.htm,小火车过隧道无敌版
http://www.4399.com/flash/50350.htm,唤醒嗜睡的小人
http://www.4399.com/flash/41285.htm,朵拉的迷你高尔夫
http://www.4399.com/flash/130836.htm,消你妹
http://www.4399.com/flash/128302.htm,消灭星星3电脑版
http://www.4399.com/flash/103266.htm,炮兵突击
http://www.4399.com/flash/96689.htm,愤怒的小鸟太空版HD
http://www.4399.com/flash/57317.htm,激光炮轰小怪2
http://www.4399.com/flash/4782.htm,汽车标志连连看
http://www.4399.com/flash/89614.htm,托马斯过河
http://www.4399.com/flash/88882.htm,海绵宝宝3D大富翁2
http://www.4399.com/flash/138881.htm,激光炮轰小怪3加强版
http://www.4399.com/flash/21223.htm,小球进洞
http://www.4399.com/flash/89107.htm,黑太狼吃羊2
http://www.4399.com/flash/152489.htm,史上最贱小游戏之体育
http://www.4399.com/flash/80211.htm,中国熊猫2无敌版
http://www.4399.com/flash/92102.htm,连连看3.1原版
http://www.4399.com/flash/76887.htm,宠物连连看可爱版
http://www.4399.com/flash/66922.htm,亚当找夏娃中文版
http://www.4399.com/flash/65959.htm,高楼爆破无敌版
http://www.4399.com/flash/34726.htm,4399水果连连看
http://www.4399.com/flash/47634.htm,让子弹飞
http://www.4399.com/flash/122189.htm,史上最贱小游戏3
http://www.4399.com/flash/184591.htm,捣蛋猪HD8.0
http://www.4399.com/flash/50306.htm,奇妙水世界
http://www.4399.com/flash/143168.htm,手纸没有了
http://www.4399.com/flash/79452.htm,森林冰火人3
http://www.4399.com/flash/73311.htm,破蛋专家
http://www.4399.com/flash/92953.htm,逗小猴开心7
http://www.4399.com/flash/132546.htm,亚当找夏娃2
http://www.4399.com/flash/80972.htm,宠物连连看经典版2
http://www.4399.com/flash/138976.htm,盗金父子
http://www.4399.com/flash/69774.htm,高楼爆破2无敌版
http://www.4399.com/flash/42075.htm,光头小子找出口
http://www.4399.com/flash/86544.htm,鸡蛋大逃亡2
http://www.4399.com/flash/30543.htm,小婴儿逃出系列1
http://www.4399.com/flash/63828.htm,红球与绿球
http://www.4399.com/flash/106849.htm,坏蛋冰淇淋2
http://www.4399.com/flash/41483.htm,装载卡车
http://www.4399.com/flash/16395.htm,小婴儿逃出系列2
http://www.4399.com/flash/158011.htm,小汽车的英雄梦
http://www.4399.com/flash/73122.htm,装载卡车3
http://www.4399.com/flash/102581.htm,帮鸟儿解冻
http://www.4399.com/flash/33249.htm,帮小狗取手绢
http://www.4399.com/flash/9840.htm,在线弹钢琴
http://www.4399.com/flash/78828.htm,益智乐高2中文版
http://www.4399.com/flash/35965.htm,直升机打气球
http://www.4399.com/flash/92108.htm,连连看原版
http://www.4399.com/flash/97275.htm,3D旋转麻将连连看
http://www.4399.com/flash/46428.htm,空姐阿Sue
http://www.4399.com/flash/24571.htm,宠物连连看3.1无敌版
http://www.4399.com/flash/8670.htm,宠物连连看特别版
http://www.4399.com/flash/50909.htm,植物战僵尸3D连连看
http://www.4399.com/flash/27265.htm,火柴人逃狱记
http://www.4399.com/flash/157666.htm,史上最贱小游戏13
http://www.4399.com/flash/113790.htm,找你妹正式版
http://www.4399.com/flash/123789.htm,恐龙觅食
http://www.4399.com/flash/128952.htm,坏蛋冰淇淋3
http://www.4399.com/flash/48349.htm,爱吃水果的虫子
http://www.4399.com/flash/1244.htm,红孩儿连连看
http://www.4399.com/flash/152162.htm,盗金父子2
http://www.4399.com/flash/8954.htm,阿sue家做客
http://www.4399.com/flash/142569.htm,一把火
http://www.4399.com/flash/91402.htm,保护橙子增强版3
http://www.4399.com/flash/56745.htm,动画师和动画
http://www.4399.com/flash/117146.htm,火柴人智闯飞艇
http://www.4399.com/flash/1287.htm,新麻雀连连看
http://www.4399.com/flash/134715.htm,捣蛋猪HD3.8
http://www.4399.com/flash/62725.htm,蜗牛鲍勃2中文版
http://www.4399.com/flash/123611.htm,小汽车的爱情梦
http://www.4399.com/flash/135633.htm,糖果去哪儿了2
http://www.4399.com/flash/151340.htm,熊猫逃生记之日本
http://www.4399.com/flash/215533.htm,抢救栽培树苗
http://www.4399.com/flash/215532.htm,私家森林屋逃脱
http://www.4399.com/flash/215531.htm,逃出葱绿的地方
http://www.4399.com/flash/215525.htm,逃离舒适屋子73
http://www.4399.com/flash/215522.htm,逃离时尚豪华办公室
http://www.4399.com/flash/215519.htm,森林之家大逃脱
http://www.4399.com/flash/215499.htm,逃离舒适屋子72
http://www.4399.com/flash/215498.htm,逃离大罐子86
http://www.4399.com/flash/215493.htm,岩石花园逃生
http://www.4399.com/flash/215492.htm,逃离不知名房间
http://www.4399.com/flash/215491.htm,逃离花峰谷
http://www.4399.com/flash/215490.htm,棕色木屋逃离
http://www.4399.com/flash/215489.htm,深海大逃脱2
http://www.4399.com/flash/215488.htm,逃离清新小世界
http://www.4399.com/flash/215475.htm,森林树屋大逃脱
http://www.4399.com/flash/215473.htm,逃离舒适屋子71
http://www.4399.com/flash/215472.htm,逃离大罐子85
http://www.4399.com/flash/215471.htm,逃离精品店
http://www.4399.com/flash/215470.htm,逃出可爱的客厅
http://www.4399.com/flash/215469.htm,逃离神秘的魔法丛林
http://www.4399.com/flash/215460.htm,拯救笼中熊猫
http://www.4399.com/flash/215457.htm,翠绿森林逃脱
http://www.4399.com/flash/215455.htm,逃离花香之地
http://www.4399.com/flash/215451.htm,逃离这个房间
http://www.4399.com/flash/215450.htm,运动更衣室大逃脱
http://www.4399.com/flash/215449.htm,运动更衣室逃脱
http://www.4399.com/flash/215448.htm,小灰鼠逃脱
http://www.4399.com/flash/215442.htm,逃离噩梦之中
http://www.4399.com/flash/215441.htm,逃离秋季之屋
http://www.4399.com/flash/215438.htm,逃离舒适屋子70
http://www.4399.com/flash/215437.htm,逃离大罐子84
http://www.4399.com/flash/215428.htm,小羊羊出逃
http://www.4399.com/flash/215427.htm,仙宫逃脱
http://www.4399.com/flash/215423.htm,逃离北欧风房屋
http://www.4399.com/flash/215421.htm,逃离河流之地
http://www.4399.com/flash/215420.htm,豪华屋逃脱
http://www.4399.com/flash/215411.htm,逃离舒适屋子69
http://www.4399.com/flash/215410.htm,逃离大罐子83
http://www.4399.com/flash/215403.htm,逃离森林的仙子
http://www.4399.com/flash/215402.htm,梦幻般的餐厅逃脱
http://www.4399.com/flash/215399.htm,逃离抛弃之地4
http://www.4399.com/flash/215396.htm,棒球运动员大逃脱
http://www.4399.com/flash/215392.htm,冷灰色房屋逃脱
http://www.4399.com/flash/215390.htm,逃离幽暗地下室4
http://www.4399.com/flash/215389.htm,园林管理员逃脱
http://www.4399.com/flash/215383.htm,逃离舒适屋子68
http://www.4399.com/flash/215381.htm,逃离舒适屋子67
http://www.4399.com/flash/215380.htm,逃离大罐子82
http://www.4399.com/flash/215378.htm,逃离神秘地牢
http://www.4399.com/flash/215377.htm,逃离宾馆标准间
http://www.4399.com/flash/215370.htm,逃出地中海风房屋
http://www.4399.com/flash/215368.htm,午夜出逃
http://www.4399.com/flash/215367.htm,逃离废弃的基地2
http://www.4399.com/flash/215365.htm,舒适的自习室逃脱
http://www.4399.com/flash/215361.htm,逃出空荡房间
http://www.4399.com/flash/215359.htm,昏暗儿童房逃生44
http://www.4399.com/flash/1382.htm,宠物连连看2.5版
http://www.4399.com/flash/12669.htm,果蔬连连看
http://www.4399.com/flash/17801.htm,宠物连连看3.1
http://www.4399.com/flash/20660.htm,森林冰火人中文版
http://www.4399.com/flash/93551.htm,小鳄鱼爱洗澡中文版
http://www.4399.com/flash/113377.htm,森林冰火人4无敌版
http://www.4399.com/flash/10393.htm,石头连连看
http://www.4399.com/flash/79068.htm,高楼爆破3无敌版
http://www.4399.com/flash/853.htm,五子连珠
http://www.4399.com/flash/17403.htm,青蛙祖玛
http://www.4399.com/flash/57474.htm,蝴蝶连连看
http://www.4399.com/flash/4781.htm,花花连连看
http://www.4399.com/flash/136516.htm,消灭星星豪华版
http://www.4399.com/flash/54423.htm,4399打豆豆
http://www.4399.com/flash/2231.htm,宠物连连看2.6
http://www.4399.com/flash/63033.htm,森林冰火人双人迷宫
http://www.4399.com/flash/68259.htm,河马饲养员
http://www.4399.com/flash/106202.htm,消灭星星中文版
http://www.4399.com/flash/62002.htm,疯狂过山车2
http://www.4399.com/flash/100125.htm,装载卡车4
http://www.4399.com/flash/131178.htm,帮鸟儿解冻3
http://www.4399.com/flash/106933.htm,坏蛋冰淇淋2无敌版
http://www.4399.com/flash/171900.htm,装载卡车5
http://www.4399.com/flash/147327.htm,亚当找夏娃3
http://www.4399.com/flash/10919.htm,宠物连连看3.0版
http://www.4399.com/flash/71760.htm,小婴儿逃出系列3
http://www.4399.com/flash/156918.htm,坏小孩回家4
http://www.4399.com/flash/37529.htm,小火车过隧道无敌版
http://www.4399.com/flash/50350.htm,唤醒嗜睡的小人
http://www.4399.com/flash/41285.htm,朵拉的迷你高尔夫
http://www.4399.com/flash/130836.htm,消你妹
http://www.4399.com/flash/128302.htm,消灭星星3电脑版
http://www.4399.com/flash/103266.htm,炮兵突击
http://www.4399.com/flash/96689.htm,愤怒的小鸟太空版HD
http://www.4399.com/flash/57317.htm,激光炮轰小怪2
http://www.4399.com/flash/4782.htm,汽车标志连连看
http://www.4399.com/flash/89614.htm,托马斯过河
http://www.4399.com/flash/88882.htm,海绵宝宝3D大富翁2
http://www.4399.com/flash/138881.htm,激光炮轰小怪3加强版
http://www.4399.com/flash/21223.htm,小球进洞
http://www.4399.com/flash/89107.htm,黑太狼吃羊2
http://www.4399.com/flash/152489.htm,史上最贱小游戏之体育
http://www.4399.com/flash/80211.htm,中国熊猫2无敌版
http://www.4399.com/flash/92102.htm,连连看3.1原版
http://www.4399.com/flash/76887.htm,宠物连连看可爱版
http://www.4399.com/flash/66922.htm,亚当找夏娃中文版
http://www.4399.com/flash/65959.htm,高楼爆破无敌版
http://www.4399.com/flash/34726.htm,4399水果连连看
http://www.4399.com/flash/47634.htm,让子弹飞
http://www.4399.com/flash/122189.htm,史上最贱小游戏3
http://www.4399.com/flash/184591.htm,捣蛋猪HD8.0
http://www.4399.com/flash/50306.htm,奇妙水世界
http://www.4399.com/flash/143168.htm,手纸没有了
http://www.4399.com/flash/79452.htm,森林冰火人3
http://www.4399.com/flash/73311.htm,破蛋专家
http://www.4399.com/flash/92953.htm,逗小猴开心7
http://www.4399.com/flash/132546.htm,亚当找夏娃2
http://www.4399.com/flash/80972.htm,宠物连连看经典版2
http://www.4399.com/flash/138976.htm,盗金父子
http://www.4399.com/flash/69774.htm,高楼爆破2无敌版
http://www.4399.com/flash/42075.htm,光头小子找出口
http://www.4399.com/flash/86544.htm,鸡蛋大逃亡2
http://www.4399.com/flash/30543.htm,小婴儿逃出系列1
http://www.4399.com/flash/63828.htm,红球与绿球
http://www.4399.com/flash/106849.htm,坏蛋冰淇淋2
http://www.4399.com/flash/41483.htm,装载卡车
http://www.4399.com/flash/16395.htm,小婴儿逃出系列2
http://www.4399.com/flash/158011.htm,小汽车的英雄梦
http://www.4399.com/flash/73122.htm,装载卡车3
http://www.4399.com/flash/102581.htm,帮鸟儿解冻
http://www.4399.com/flash/33249.htm,帮小狗取手绢
http://www.4399.com/flash/9840.htm,在线弹钢琴
http://www.4399.com/flash/78828.htm,益智乐高2中文版
http://www.4399.com/flash/35965.htm,直升机打气球
http://www.4399.com/flash/92108.htm,连连看原版
http://www.4399.com/flash/97275.htm,3D旋转麻将连连看
http://www.4399.com/flash/46428.htm,空姐阿Sue
http://www.4399.com/flash/24571.htm,宠物连连看3.1无敌版
http://www.4399.com/flash/8670.htm,宠物连连看特别版
http://www.4399.com/flash/50909.htm,植物战僵尸3D连连看
http://www.4399.com/flash/27265.htm,火柴人逃狱记
http://www.4399.com/flash/157666.htm,史上最贱小游戏13
http://www.4399.com/flash/113790.htm,找你妹正式版
http://www.4399.com/flash/123789.htm,恐龙觅食
http://www.4399.com/flash/128952.htm,坏蛋冰淇淋3
http://www.4399.com/flash/48349.htm,爱吃水果的虫子
http://www.4399.com/flash/1244.htm,红孩儿连连看
http://www.4399.com/flash/152162.htm,盗金父子2
http://www.4399.com/flash/8954.htm,阿sue家做客
http://www.4399.com/flash/142569.htm,一把火
http://www.4399.com/flash/91402.htm,保护橙子增强版3
http://www.4399.com/flash/56745.htm,动画师和动画
http://www.4399.com/flash/117146.htm,火柴人智闯飞艇
http://www.4399.com/flash/1287.htm,新麻雀连连看
http://www.4399.com/flash/134715.htm,捣蛋猪HD3.8
http://www.4399.com/flash/62725.htm,蜗牛鲍勃2中文版
http://www.4399.com/flash/123611.htm,小汽车的爱情梦
http://www.4399.com/flash/135633.htm,糖果去哪儿了2
http://www.4399.com/flash/151340.htm,熊猫逃生记之日本
http://www.4399.com/flash/215358.htm,绿色办公室逃脱
http://www.4399.com/flash/215357.htm,森林木屋大逃脱
http://www.4399.com/flash/215356.htm,饿狼大逃脱
http://www.4399.com/flash/215344.htm,逃离舒适屋子66
http://www.4399.com/flash/215343.htm,逃离舒适屋子65
http://www.4399.com/flash/215323.htm,礼貌男孩逃脱
http://www.4399.com/flash/215322.htm,昏睡男孩逃跑
http://www.4399.com/flash/215321.htm,逃离幽暗地下室3
http://www.4399.com/flash/215320.htm,逃离抛弃之地2
http://www.4399.com/flash/215319.htm,逃离抛弃之地3
http://www.4399.com/flash/215318.htm,寻找周年纪念蛋糕
http://www.4399.com/flash/215317.htm,救援喜鹊鸟
http://www.4399.com/flash/215316.htm,逃离失落丛林
http://www.4399.com/flash/215314.htm,寻找遗迹宝藏
http://www.4399.com/flash/215312.htm,小鳄鱼吃橙子
http://www.4399.com/flash/215307.htm,现代会议室逃生
http://www.4399.com/flash/215304.htm,逃离赏心悦目的花园
http://www.4399.com/flash/215303.htm,救援华丽的孔雀
http://www.4399.com/flash/215302.htm,逃离春季公园
http://www.4399.com/flash/215293.htm,派对屋逃脱
http://www.4399.com/flash/215291.htm,森林休闲小屋逃脱
http://www.4399.com/flash/215290.htm,寻找逃生门6
http://www.4399.com/flash/215289.htm,沉闷的地牢逃脱
http://www.4399.com/flash/215284.htm,小青龙逃脱
http://www.4399.com/flash/215283.htm,逃离常年湖度假村
http://www.4399.com/flash/215282.htm,救援愉快的兔子
http://www.4399.com/flash/215281.htm,逃离森林公园
http://www.4399.com/flash/215280.htm,逃离抛弃之地
http://www.4399.com/flash/215279.htm,逃离秋季之森
http://www.4399.com/flash/215278.htm,逃离舒适屋子64
http://www.4399.com/flash/215276.htm,卷发女孩逃脱
http://www.4399.com/flash/215270.htm,民俗房屋逃脱
http://www.4399.com/flash/215257.htm,乌龟夜间逃脱
http://www.4399.com/flash/215256.htm,私人健身室逃脱
http://www.4399.com/flash/215254.htm,中世纪房间大逃脱
http://www.4399.com/flash/215253.htm,逃离神秘密林
http://www.4399.com/flash/215252.htm,雄鸡逃脱
http://www.4399.com/flash/215251.htm,豪华海滨湖屋逃离
http://www.4399.com/flash/215250.htm,拯救丛林中的女孩
http://www.4399.com/flash/215247.htm,逃离幽暗地下室
http://www.4399.com/flash/215243.htm,马戏团小丑大逃脱
http://www.4399.com/flash/215242.htm,梦幻现代客厅逃脱
http://www.4399.com/flash/215240.htm,运动员男孩逃脱
http://www.4399.com/flash/215239.htm,逃离硬木地下室
http://www.4399.com/flash/215238.htm,逃离乡间别墅房间
http://www.4399.com/flash/215237.htm,逃离简易房屋28
http://www.4399.com/flash/215236.htm,空房逃生2
http://www.4399.com/flash/215235.htm,救援无助的男孩
http://www.4399.com/flash/215234.htm,赏花男孩逃脱
http://www.4399.com/flash/215233.htm,逃离足球运动员更衣室
http://www.4399.com/flash/215224.htm,鹌鹑鸟逃脱
http://www.4399.com/flash/215215.htm,小镇逃脱
http://www.4399.com/flash/215213.htm,逃离废弃的房间
http://www.4399.com/flash/215212.htm,欢乐女孩逃跑
http://www.4399.com/flash/215211.htm,寻找逃生门5
http://www.4399.com/flash/215210.htm,救援热心的女孩
http://www.4399.com/flash/1382.htm,宠物连连看2.5版
http://www.4399.com/flash/12669.htm,果蔬连连看
http://www.4399.com/flash/17801.htm,宠物连连看3.1
http://www.4399.com/flash/20660.htm,森林冰火人中文版
http://www.4399.com/flash/93551.htm,小鳄鱼爱洗澡中文版
http://www.4399.com/flash/113377.htm,森林冰火人4无敌版
http://www.4399.com/flash/10393.htm,石头连连看
http://www.4399.com/flash/79068.htm,高楼爆破3无敌版
http://www.4399.com/flash/853.htm,五子连珠
http://www.4399.com/flash/17403.htm,青蛙祖玛
http://www.4399.com/flash/57474.htm,蝴蝶连连看
http://www.4399.com/flash/4781.htm,花花连连看
http://www.4399.com/flash/136516.htm,消灭星星豪华版
http://www.4399.com/flash/54423.htm,4399打豆豆
http://www.4399.com/flash/2231.htm,宠物连连看2.6
http://www.4399.com/flash/63033.htm,森林冰火人双人迷宫
http://www.4399.com/flash/68259.htm,河马饲养员
http://www.4399.com/flash/106202.htm,消灭星星中文版
http://www.4399.com/flash/62002.htm,疯狂过山车2
http://www.4399.com/flash/100125.htm,装载卡车4
http://www.4399.com/flash/131178.htm,帮鸟儿解冻3
http://www.4399.com/flash/106933.htm,坏蛋冰淇淋2无敌版
http://www.4399.com/flash/171900.htm,装载卡车5
http://www.4399.com/flash/147327.htm,亚当找夏娃3
http://www.4399.com/flash/10919.htm,宠物连连看3.0版
http://www.4399.com/flash/71760.htm,小婴儿逃出系列3
http://www.4399.com/flash/156918.htm,坏小孩回家4
http://www.4399.com/flash/37529.htm,小火车过隧道无敌版
http://www.4399.com/flash/50350.htm,唤醒嗜睡的小人
http://www.4399.com/flash/41285.htm,朵拉的迷你高尔夫
http://www.4399.com/flash/130836.htm,消你妹
http://www.4399.com/flash/128302.htm,消灭星星3电脑版
http://www.4399.com/flash/103266.htm,炮兵突击
http://www.4399.com/flash/96689.htm,愤怒的小鸟太空版HD
http://www.4399.com/flash/57317.htm,激光炮轰小怪2
http://www.4399.com/flash/4782.htm,汽车标志连连看
http://www.4399.com/flash/89614.htm,托马斯过河
http://www.4399.com/flash/88882.htm,海绵宝宝3D大富翁2
http://www.4399.com/flash/138881.htm,激光炮轰小怪3加强版
http://www.4399.com/flash/21223.htm,小球进洞
http://www.4399.com/flash/89107.htm,黑太狼吃羊2
http://www.4399.com/flash/152489.htm,史上最贱小游戏之体育
http://www.4399.com/flash/80211.htm,中国熊猫2无敌版
http://www.4399.com/flash/92102.htm,连连看3.1原版
http://www.4399.com/flash/76887.htm,宠物连连看可爱版
http://www.4399.com/flash/66922.htm,亚当找夏娃中文版
http://www.4399.com/flash/65959.htm,高楼爆破无敌版
http://www.4399.com/flash/34726.htm,4399水果连连看
http://www.4399.com/flash/47634.htm,让子弹飞
http://www.4399.com/flash/122189.htm,史上最贱小游戏3
http://www.4399.com/flash/184591.htm,捣蛋猪HD8.0
http://www.4399.com/flash/50306.htm,奇妙水世界
http://www.4399.com/flash/143168.htm,手纸没有了
http://www.4399.com/flash/79452.htm,森林冰火人3
http://www.4399.com/flash/73311.htm,破蛋专家
http://www.4399.com/flash/92953.htm,逗小猴开心7
http://www.4399.com/flash/132546.htm,亚当找夏娃2
http://www.4399.com/flash/80972.htm,宠物连连看经典版2
http://www.4399.com/flash/138976.htm,盗金父子
http://www.4399.com/flash/69774.htm,高楼爆破2无敌版
http://www.4399.com/flash/42075.htm,光头小子找出口
http://www.4399.com/flash/86544.htm,鸡蛋大逃亡2
http://www.4399.com/flash/30543.htm,小婴儿逃出系列1
http://www.4399.com/flash/63828.htm,红球与绿球
http://www.4399.com/flash/106849.htm,坏蛋冰淇淋2
http://www.4399.com/flash/41483.htm,装载卡车
http://www.4399.com/flash/16395.htm,小婴儿逃出系列2
http://www.4399.com/flash/158011.htm,小汽车的英雄梦
http://www.4399.com/flash/73122.htm,装载卡车3
http://www.4399.com/flash/102581.htm,帮鸟儿解冻
http://www.4399.com/flash/33249.htm,帮小狗取手绢
http://www.4399.com/flash/9840.htm,在线弹钢琴
http://www.4399.com/flash/78828.htm,益智乐高2中文版
http://www.4399.com/flash/35965.htm,直升机打气球
http://www.4399.com/flash/92108.htm,连连看原版
http://www.4399.com/flash/97275.htm,3D旋转麻将连连看
http://www.4399.com/flash/46428.htm,空姐阿Sue
http://www.4399.com/flash/24571.htm,宠物连连看3.1无敌版
http://www.4399.com/flash/8670.htm,宠物连连看特别版
http://www.4399.com/flash/50909.htm,植物战僵尸3D连连看
http://www.4399.com/flash/27265.htm,火柴人逃狱记
http://www.4399.com/flash/157666.htm,史上最贱小游戏13
http://www.4399.com/flash/113790.htm,找你妹正式版
http://www.4399.com/flash/123789.htm,恐龙觅食
http://www.4399.com/flash/128952.htm,坏蛋冰淇淋3
http://www.4399.com/flash/48349.htm,爱吃水果的虫子
http://www.4399.com/flash/1244.htm,红孩儿连连看
http://www.4399.com/flash/152162.htm,盗金父子2
http://www.4399.com/flash/8954.htm,阿sue家做客
http://www.4399.com/flash/142569.htm,一把火
http://www.4399.com/flash/91402.htm,保护橙子增强版3
http://www.4399.com/flash/56745.htm,动画师和动画
http://www.4399.com/flash/117146.htm,火柴人智闯飞艇
http://www.4399.com/flash/1287.htm,新麻雀连连看
http://www.4399.com/flash/134715.htm,捣蛋猪HD3.8
http://www.4399.com/flash/62725.htm,蜗牛鲍勃2中文版
http://www.4399.com/flash/123611.htm,小汽车的爱情梦
http://www.4399.com/flash/135633.htm,糖果去哪儿了2
http://www.4399.com/flash/151340.htm,熊猫逃生记之日本
http://www.4399.com/flash/215209.htm,救援沙漠中的犰狳
http://www.4399.com/flash/215208.htm,咖啡馆逃脱
http://www.4399.com/flash/215206.htm,逃离禁忌之屋
http://www.4399.com/flash/215191.htm,救援大红蛇
http://www.4399.com/flash/215190.htm,逃离四合院
http://www.4399.com/flash/215189.htm,逃离清新木屋
http://www.4399.com/flash/215188.htm,解救袋食蚁兽
http://www.4399.com/flash/215187.htm,旧车失事森林逃脱
http://www.4399.com/flash/215186.htm,救援心大的医生
http://www.4399.com/flash/215185.htm,红眼兔子逃脱
http://www.4399.com/flash/215180.htm,空教室逃脱
http://www.4399.com/flash/215175.htm,快乐小鸡出逃
http://www.4399.com/flash/215167.htm,逃离华丽的客厅
http://www.4399.com/flash/215166.htm,救援幼稚的男孩
http://www.4399.com/flash/215165.htm,逃离金属铁厂
http://www.4399.com/flash/215164.htm,逃离单层森林住宅
http://www.4399.com/flash/215162.htm,逃离大树林
http://www.4399.com/flash/215161.htm,逃离自然之家
http://www.4399.com/flash/215160.htm,逃离服务器房间
http://www.4399.com/flash/215156.htm,深夜逃脱
http://www.4399.com/flash/215150.htm,逃离污染的森林
http://www.4399.com/flash/215139.htm,逃离砖墙别墅
http://www.4399.com/flash/215138.htm,逃离简易房屋27
http://www.4399.com/flash/215137.htm,救援女毕业生
http://www.4399.com/flash/215135.htm,救援欢快的精灵
http://www.4399.com/flash/215134.htm,逃出森林小屋子
http://www.4399.com/flash/215132.htm,帅气少年逃脱
http://www.4399.com/flash/215131.htm,魔法城堡逃脱
http://www.4399.com/flash/215130.htm,救援幸运熊
http://www.4399.com/flash/215127.htm,逃离海景房客厅
http://www.4399.com/flash/215124.htm,诡异废弃房逃脱
http://www.4399.com/flash/215122.htm,拯救瓜地中的虫子
http://www.4399.com/flash/215120.htm,废弃农舍逃生
http://www.4399.com/flash/215109.htm,逃离黑暗地块
http://www.4399.com/flash/215118.htm,香蕉园大逃脱
http://www.4399.com/flash/215108.htm,逃离仙子蘑菇屋
http://www.4399.com/flash/215107.htm,困在牢笼的章鱼
http://www.4399.com/flash/215103.htm,逃离黑色时尚房间
http://www.4399.com/flash/215102.htm,车库工具间逃脱
http://www.4399.com/flash/215097.htm,逃离玻璃房
http://www.4399.com/flash/215094.htm,逃出海滩度假村
http://www.4399.com/flash/215092.htm,漂亮犀鸟逃脱
http://www.4399.com/flash/215091.htm,发廊逃脱
http://www.4399.com/flash/215089.htm,幸运鸟逃脱
http://www.4399.com/flash/215081.htm,救援女玩家
http://www.4399.com/flash/215080.htm,逃离样板屋
http://www.4399.com/flash/215079.htm,逃离壮观的森林
http://www.4399.com/flash/215078.htm,逃离白色客厅
http://www.4399.com/flash/215076.htm,逃离舒适的湖边小屋
http://www.4399.com/flash/215074.htm,逃离工作房间
http://www.4399.com/flash/215072.htm,逃离无人湖边
http://www.4399.com/flash/215070.htm,海滩别墅快逃脱
http://www.4399.com/flash/215068.htm,拯救绿鸭子
http://www.4399.com/flash/215064.htm,小紫猫逃脱
http://www.4399.com/flash/215063.htm,绿屋欢乐大逃脱
http://www.4399.com/flash/215054.htm,逃离废墟之林
http://www.4399.com/flash/1382.htm,宠物连连看2.5版
http://www.4399.com/flash/12669.htm,果蔬连连看
http://www.4399.com/flash/17801.htm,宠物连连看3.1
http://www.4399.com/flash/20660.htm,森林冰火人中文版
http://www.4399.com/flash/93551.htm,小鳄鱼爱洗澡中文版
http://www.4399.com/flash/113377.htm,森林冰火人4无敌版
http://www.4399.com/flash/10393.htm,石头连连看
http://www.4399.com/flash/79068.htm,高楼爆破3无敌版
http://www.4399.com/flash/853.htm,五子连珠
http://www.4399.com/flash/17403.htm,青蛙祖玛
http://www.4399.com/flash/57474.htm,蝴蝶连连看
http://www.4399.com/flash/4781.htm,花花连连看
http://www.4399.com/flash/136516.htm,消灭星星豪华版
http://www.4399.com/flash/54423.htm,4399打豆豆
http://www.4399.com/flash/2231.htm,宠物连连看2.6
http://www.4399.com/flash/63033.htm,森林冰火人双人迷宫
http://www.4399.com/flash/68259.htm,河马饲养员
http://www.4399.com/flash/106202.htm,消灭星星中文版
http://www.4399.com/flash/62002.htm,疯狂过山车2
http://www.4399.com/flash/100125.htm,装载卡车4
http://www.4399.com/flash/131178.htm,帮鸟儿解冻3
http://www.4399.com/flash/106933.htm,坏蛋冰淇淋2无敌版
http://www.4399.com/flash/171900.htm,装载卡车5
http://www.4399.com/flash/147327.htm,亚当找夏娃3
http://www.4399.com/flash/10919.htm,宠物连连看3.0版
http://www.4399.com/flash/71760.htm,小婴儿逃出系列3
http://www.4399.com/flash/156918.htm,坏小孩回家4
http://www.4399.com/flash/37529.htm,小火车过隧道无敌版
http://www.4399.com/flash/50350.htm,唤醒嗜睡的小人
http://www.4399.com/flash/41285.htm,朵拉的迷你高尔夫
http://www.4399.com/flash/130836.htm,消你妹
http://www.4399.com/flash/128302.htm,消灭星星3电脑版
http://www.4399.com/flash/103266.htm,炮兵突击
http://www.4399.com/flash/96689.htm,愤怒的小鸟太空版HD
http://www.4399.com/flash/57317.htm,激光炮轰小怪2
http://www.4399.com/flash/4782.htm,汽车标志连连看
http://www.4399.com/flash/89614.htm,托马斯过河
http://www.4399.com/flash/88882.htm,海绵宝宝3D大富翁2
http://www.4399.com/flash/138881.htm,激光炮轰小怪3加强版
http://www.4399.com/flash/21223.htm,小球进洞
http://www.4399.com/flash/89107.htm,黑太狼吃羊2
http://www.4399.com/flash/152489.htm,史上最贱小游戏之体育
http://www.4399.com/flash/80211.htm,中国熊猫2无敌版
http://www.4399.com/flash/92102.htm,连连看3.1原版
http://www.4399.com/flash/76887.htm,宠物连连看可爱版
http://www.4399.com/flash/66922.htm,亚当找夏娃中文版
http://www.4399.com/flash/65959.htm,高楼爆破无敌版
http://www.4399.com/flash/34726.htm,4399水果连连看
http://www.4399.com/flash/47634.htm,让子弹飞
http://www.4399.com/flash/122189.htm,史上最贱小游戏3
http://www.4399.com/flash/184591.htm,捣蛋猪HD8.0
http://www.4399.com/flash/50306.htm,奇妙水世界
http://www.4399.com/flash/143168.htm,手纸没有了
http://www.4399.com/flash/79452.htm,森林冰火人3
http://www.4399.com/flash/73311.htm,破蛋专家
http://www.4399.com/flash/92953.htm,逗小猴开心7
http://www.4399.com/flash/132546.htm,亚当找夏娃2
http://www.4399.com/flash/80972.htm,宠物连连看经典版2
http://www.4399.com/flash/138976.htm,盗金父子
http://www.4399.com/flash/69774.htm,高楼爆破2无敌版
http://www.4399.com/flash/42075.htm,光头小子找出口
http://www.4399.com/flash/86544.htm,鸡蛋大逃亡2
http://www.4399.com/flash/30543.htm,小婴儿逃出系列1
http://www.4399.com/flash/63828.htm,红球与绿球
http://www.4399.com/flash/106849.htm,坏蛋冰淇淋2
http://www.4399.com/flash/41483.htm,装载卡车
http://www.4399.com/flash/16395.htm,小婴儿逃出系列2
http://www.4399.com/flash/158011.htm,小汽车的英雄梦
http://www.4399.com/flash/73122.htm,装载卡车3
http://www.4399.com/flash/102581.htm,帮鸟儿解冻
http://www.4399.com/flash/33249.htm,帮小狗取手绢
http://www.4399.com/flash/9840.htm,在线弹钢琴
http://www.4399.com/flash/78828.htm,益智乐高2中文版
http://www.4399.com/flash/35965.htm,直升机打气球
http://www.4399.com/flash/92108.htm,连连看原版
http://www.4399.com/flash/97275.htm,3D旋转麻将连连看
http://www.4399.com/flash/46428.htm,空姐阿Sue
http://www.4399.com/flash/24571.htm,宠物连连看3.1无敌版
http://www.4399.com/flash/8670.htm,宠物连连看特别版
http://www.4399.com/flash/50909.htm,植物战僵尸3D连连看
http://www.4399.com/flash/27265.htm,火柴人逃狱记
http://www.4399.com/flash/157666.htm,史上最贱小游戏13
http://www.4399.com/flash/113790.htm,找你妹正式版
http://www.4399.com/flash/123789.htm,恐龙觅食
http://www.4399.com/flash/128952.htm,坏蛋冰淇淋3
http://www.4399.com/flash/48349.htm,爱吃水果的虫子
http://www.4399.com/flash/1244.htm,红孩儿连连看
http://www.4399.com/flash/152162.htm,盗金父子2
http://www.4399.com/flash/8954.htm,阿sue家做客
http://www.4399.com/flash/142569.htm,一把火
http://www.4399.com/flash/91402.htm,保护橙子增强版3
http://www.4399.com/flash/56745.htm,动画师和动画
http://www.4399.com/flash/117146.htm,火柴人智闯飞艇
http://www.4399.com/flash/1287.htm,新麻雀连连看
http://www.4399.com/flash/134715.htm,捣蛋猪HD3.8
http://www.4399.com/flash/62725.htm,蜗牛鲍勃2中文版
http://www.4399.com/flash/123611.htm,小汽车的爱情梦
http://www.4399.com/flash/135633.htm,糖果去哪儿了2
http://www.4399.com/flash/151340.htm,熊猫逃生记之日本
http://www.4399.com/flash/215053.htm,高兴的蚱蜢逃脱
http://www.4399.com/flash/215052.htm,寻找音乐奖奖杯
http://www.4399.com/flash/215051.htm,疯狂逃出体育馆
http://www.4399.com/flash/215049.htm,经典明亮客厅逃脱
http://www.4399.com/flash/215048.htm,救援开心的黑猩猩
http://www.4399.com/flash/215047.htm,逃离儿童玩具厅
http://www.4399.com/flash/215046.htm,逃离湖泊山
http://www.4399.com/flash/215045.htm,逃离前厅
http://www.4399.com/flash/215034.htm,空港逃生
http://www.4399.com/flash/215033.htm,乡村别墅大逃脱
http://www.4399.com/flash/215032.htm,热心男孩逃跑
http://www.4399.com/flash/215031.htm,可怜小鸟大逃脱
http://www.4399.com/flash/215029.htm,救援被遗忘的玩家
http://www.4399.com/flash/215027.htm,寻找逃生门4
http://www.4399.com/flash/215026.htm,逃离简易房屋26
http://www.4399.com/flash/215025.htm,救援狂喜的女孩
http://www.4399.com/flash/215024.htm,逃出精致房屋
http://www.4399.com/flash/215023.htm,逃离豪华影院
http://www.4399.com/flash/215022.htm,救援老大亨
http://www.4399.com/flash/215020.htm,暴躁男孩逃跑
http://www.4399.com/flash/215019.htm,救援小野猪
http://www.4399.com/flash/215016.htm,逃出冷清的房间
http://www.4399.com/flash/215013.htm,逃出无人之地
http://www.4399.com/flash/215009.htm,木屋内逃脱
http://www.4399.com/flash/215005.htm,逃离宝座宫殿
http://www.4399.com/flash/215004.htm,宽敞的客厅逃生
http://www.4399.com/flash/215003.htm,欢喜小鸭逃脱
http://www.4399.com/flash/214997.htm,逃离废弃的惊奇屋
http://www.4399.com/flash/214996.htm,逃离整洁的前厅
http://www.4399.com/flash/214995.htm,逃离黄色森林
http://www.4399.com/flash/214994.htm,逃离传统后院
http://www.4399.com/flash/214993.htm,逃离洁净室
http://www.4399.com/flash/214991.htm,逃离舒适的家
http://www.4399.com/flash/214984.htm,温室大逃脱
http://www.4399.com/flash/214982.htm,梦幻丛林逃脱
http://www.4399.com/flash/214980.htm,洗衣房大逃脱
http://www.4399.com/flash/214975.htm,迷失的旅游男孩
http://www.4399.com/flash/214974.htm,森林别墅逃脱
http://www.4399.com/flash/214973.htm,乡村森林屋逃脱
http://www.4399.com/flash/214972.htm,客厅大逃脱
http://www.4399.com/flash/214970.htm,魔法帽林逃脱
http://www.4399.com/flash/214965.htm,公司办公室大逃脱
http://www.4399.com/flash/214964.htm,逃离奶牛场
http://www.4399.com/flash/214963.htm,逃离黑暗之地
http://www.4399.com/flash/214962.htm,寻找逃生门2
http://www.4399.com/flash/214956.htm,逃出现代明亮客厅
http://www.4399.com/flash/214952.htm,狂喜小熊逃跑
http://www.4399.com/flash/214948.htm,救援沙漠猫鼬
http://www.4399.com/flash/214946.htm,救援蓝色独眼怪
http://www.4399.com/flash/214944.htm,逃离市政住宅
http://www.4399.com/flash/214942.htm,救援小猪仔
http://www.4399.com/flash/214936.htm,休闲客厅大逃脱
http://www.4399.com/flash/214935.htm,快速逃生门3
http://www.4399.com/flash/214933.htm,可爱女孩大逃脱
http://www.4399.com/flash/214931.htm,伤员逃生
http://www.4399.com/flash/214929.htm,美丽花园别墅逃脱
http://www.4399.com/flash/1382.htm,宠物连连看2.5版
http://www.4399.com/flash/12669.htm,果蔬连连看
http://www.4399.com/flash/17801.htm,宠物连连看3.1
http://www.4399.com/flash/20660.htm,森林冰火人中文版
http://www.4399.com/flash/93551.htm,小鳄鱼爱洗澡中文版
http://www.4399.com/flash/113377.htm,森林冰火人4无敌版
http://www.4399.com/flash/10393.htm,石头连连看
http://www.4399.com/flash/79068.htm,高楼爆破3无敌版
http://www.4399.com/flash/853.htm,五子连珠
http://www.4399.com/flash/17403.htm,青蛙祖玛
http://www.4399.com/flash/57474.htm,蝴蝶连连看
http://www.4399.com/flash/4781.htm,花花连连看
http://www.4399.com/flash/136516.htm,消灭星星豪华版
http://www.4399.com/flash/54423.htm,4399打豆豆
http://www.4399.com/flash/2231.htm,宠物连连看2.6
http://www.4399.com/flash/63033.htm,森林冰火人双人迷宫
http://www.4399.com/flash/68259.htm,河马饲养员
http://www.4399.com/flash/106202.htm,消灭星星中文版
http://www.4399.com/flash/62002.htm,疯狂过山车2
http://www.4399.com/flash/100125.htm,装载卡车4
http://www.4399.com/flash/131178.htm,帮鸟儿解冻3
http://www.4399.com/flash/106933.htm,坏蛋冰淇淋2无敌版
http://www.4399.com/flash/171900.htm,装载卡车5
http://www.4399.com/flash/147327.htm,亚当找夏娃3
http://www.4399.com/flash/10919.htm,宠物连连看3.0版
http://www.4399.com/flash/71760.htm,小婴儿逃出系列3
http://www.4399.com/flash/156918.htm,坏小孩回家4
http://www.4399.com/flash/37529.htm,小火车过隧道无敌版
http://www.4399.com/flash/50350.htm,唤醒嗜睡的小人
http://www.4399.com/flash/41285.htm,朵拉的迷你高尔夫
http://www.4399.com/flash/130836.htm,消你妹
http://www.4399.com/flash/128302.htm,消灭星星3电脑版
http://www.4399.com/flash/103266.htm,炮兵突击
http://www.4399.com/flash/96689.htm,愤怒的小鸟太空版HD
http://www.4399.com/flash/57317.htm,激光炮轰小怪2
http://www.4399.com/flash/4782.htm,汽车标志连连看
http://www.4399.com/flash/89614.htm,托马斯过河
http://www.4399.com/flash/88882.htm,海绵宝宝3D大富翁2
http://www.4399.com/flash/138881.htm,激光炮轰小怪3加强版
http://www.4399.com/flash/21223.htm,小球进洞
http://www.4399.com/flash/89107.htm,黑太狼吃羊2
http://www.4399.com/flash/152489.htm,史上最贱小游戏之体育
http://www.4399.com/flash/80211.htm,中国熊猫2无敌版
http://www.4399.com/flash/92102.htm,连连看3.1原版
http://www.4399.com/flash/76887.htm,宠物连连看可爱版
http://www.4399.com/flash/66922.htm,亚当找夏娃中文版
http://www.4399.com/flash/65959.htm,高楼爆破无敌版
http://www.4399.com/flash/34726.htm,4399水果连连看
http://www.4399.com/flash/47634.htm,让子弹飞
http://www.4399.com/flash/122189.htm,史上最贱小游戏3
http://www.4399.com/flash/184591.htm,捣蛋猪HD8.0
http://www.4399.com/flash/50306.htm,奇妙水世界
http://www.4399.com/flash/143168.htm,手纸没有了
http://www.4399.com/flash/79452.htm,森林冰火人3
http://www.4399.com/flash/73311.htm,破蛋专家
http://www.4399.com/flash/92953.htm,逗小猴开心7
http://www.4399.com/flash/132546.htm,亚当找夏娃2
http://www.4399.com/flash/80972.htm,宠物连连看经典版2
http://www.4399.com/flash/138976.htm,盗金父子
http://www.4399.com/flash/69774.htm,高楼爆破2无敌版
http://www.4399.com/flash/42075.htm,光头小子找出口
http://www.4399.com/flash/86544.htm,鸡蛋大逃亡2
http://www.4399.com/flash/30543.htm,小婴儿逃出系列1
http://www.4399.com/flash/63828.htm,红球与绿球
http://www.4399.com/flash/106849.htm,坏蛋冰淇淋2
http://www.4399.com/flash/41483.htm,装载卡车
http://www.4399.com/flash/16395.htm,小婴儿逃出系列2
http://www.4399.com/flash/158011.htm,小汽车的英雄梦
http://www.4399.com/flash/73122.htm,装载卡车3
http://www.4399.com/flash/102581.htm,帮鸟儿解冻
http://www.4399.com/flash/33249.htm,帮小狗取手绢
http://www.4399.com/flash/9840.htm,在线弹钢琴
http://www.4399.com/flash/78828.htm,益智乐高2中文版
http://www.4399.com/flash/35965.htm,直升机打气球
http://www.4399.com/flash/92108.htm,连连看原版
http://www.4399.com/flash/97275.htm,3D旋转麻将连连看
http://www.4399.com/flash/46428.htm,空姐阿Sue
http://www.4399.com/flash/24571.htm,宠物连连看3.1无敌版
http://www.4399.com/flash/8670.htm,宠物连连看特别版
http://www.4399.com/flash/50909.htm,植物战僵尸3D连连看
http://www.4399.com/flash/27265.htm,火柴人逃狱记
http://www.4399.com/flash/157666.htm,史上最贱小游戏13
http://www.4399.com/flash/113790.htm,找你妹正式版
http://www.4399.com/flash/123789.htm,恐龙觅食
http://www.4399.com/flash/128952.htm,坏蛋冰淇淋3
http://www.4399.com/flash/48349.htm,爱吃水果的虫子
http://www.4399.com/flash/1244.htm,红孩儿连连看
http://www.4399.com/flash/152162.htm,盗金父子2
http://www.4399.com/flash/8954.htm,阿sue家做客
http://www.4399.com/flash/142569.htm,一把火
http://www.4399.com/flash/91402.htm,保护橙子增强版3
http://www.4399.com/flash/56745.htm,动画师和动画
http://www.4399.com/flash/117146.htm,火柴人智闯飞艇
http://www.4399.com/flash/1287.htm,新麻雀连连看
http://www.4399.com/flash/134715.htm,捣蛋猪HD3.8
http://www.4399.com/flash/62725.htm,蜗牛鲍勃2中文版
http://www.4399.com/flash/123611.htm,小汽车的爱情梦
http://www.4399.com/flash/135633.htm,糖果去哪儿了2
http://www.4399.com/flash/151340.htm,熊猫逃生记之日本
http://www.4399.com/flash/214926.htm,铁锤战士逃脱
http://www.4399.com/flash/214920.htm,逃离智能大厦
http://www.4399.com/flash/214918.htm,逃出化妆间
http://www.4399.com/flash/214917.htm,逃离旅舍
http://www.4399.com/flash/214914.htm,逃离乡村的房屋
http://www.4399.com/flash/214913.htm,逃离阳光之森
http://www.4399.com/flash/214911.htm,乡村小屋大逃脱
http://www.4399.com/flash/214907.htm,明亮房子大逃脱
http://www.4399.com/flash/214906.htm,竹林屋逃生
http://www.4399.com/flash/214905.htm,山魈逃脱
http://www.4399.com/flash/214899.htm,酷暑沙漠逃脱
http://www.4399.com/flash/214891.htm,棕色马驹逃脱
http://www.4399.com/flash/214890.htm,压抑的房子逃脱
http://www.4399.com/flash/214888.htm,部落猎人逃跑
http://www.4399.com/flash/214887.htm,秃鹫逃脱
http://www.4399.com/flash/214886.htm,胡萝卜装男孩逃脱
http://www.4399.com/flash/214885.htm,救援吹号角的男孩
http://www.4399.com/flash/214884.htm,逃离杂货商的家
http://www.4399.com/flash/214883.htm,逃离郁葱的别墅
http://www.4399.com/flash/214881.htm,昏暗儿童房逃生43
http://www.4399.com/flash/214880.htm,黄毛小狗逃脱
http://www.4399.com/flash/214878.htm,寻找丢失的口罩
http://www.4399.com/flash/214874.htm,开启逃生门
http://www.4399.com/flash/214871.htm,逃离现代船坞
http://www.4399.com/flash/214870.htm,逃离冷清的房子
http://www.4399.com/flash/214869.htm,逃离军官的房间
http://www.4399.com/flash/214868.htm,迷路的少年
http://www.4399.com/flash/214860.htm,救援林�^
http://www.4399.com/flash/214859.htm,救援矛战士
http://www.4399.com/flash/214858.htm,逃离森林之家公寓
http://www.4399.com/flash/214855.htm,救援迷人的女子
http://www.4399.com/flash/214847.htm,奢华休息室逃脱
http://www.4399.com/flash/214844.htm,可爱的羊驼逃脱
http://www.4399.com/flash/214842.htm,逃离候车室
http://www.4399.com/flash/214841.htm,可怜男孩逃脱
http://www.4399.com/flash/214840.htm,梦幻金蝶营救
http://www.4399.com/flash/214836.htm,迷魂花林逃脱
http://www.4399.com/flash/214835.htm,冒险之旅逃脱4
http://www.4399.com/flash/214834.htm,逃离台球房间
http://www.4399.com/flash/214833.htm,逃离美丽的乡村客厅
http://www.4399.com/flash/214832.htm,逃离废弃的农场
http://www.4399.com/flash/214820.htm,花园小屋逃生
http://www.4399.com/flash/214819.htm,现代简易房逃脱
http://www.4399.com/flash/214810.htm,逃离早餐就餐间
http://www.4399.com/flash/214809.htm,逃离黑树森林
http://www.4399.com/flash/214805.htm,乌龟逃出家门
http://www.4399.com/flash/214804.htm,可爱女孩逃离小屋
http://www.4399.com/flash/214803.htm,鹦鹉花园逃脱
http://www.4399.com/flash/214791.htm,空房逃生
http://www.4399.com/flash/214790.htm,寻找逃生门
http://www.4399.com/flash/214789.htm,彩色房屋逃脱
http://www.4399.com/flash/214788.htm,经典木别墅逃生
http://www.4399.com/flash/214785.htm,救援袋鼠宝宝
http://www.4399.com/flash/214779.htm,逃离蘑菇森林小屋
http://www.4399.com/flash/214778.htm,救援箭猪
http://www.4399.com/flash/214774.htm,救援弓形虫
http://www.4399.com/flash/1382.htm,宠物连连看2.5版
http://www.4399.com/flash/12669.htm,果蔬连连看
http://www.4399.com/flash/17801.htm,宠物连连看3.1
http://www.4399.com/flash/20660.htm,森林冰火人中文版
http://www.4399.com/flash/93551.htm,小鳄鱼爱洗澡中文版
http://www.4399.com/flash/113377.htm,森林冰火人4无敌版
http://www.4399.com/flash/10393.htm,石头连连看
http://www.4399.com/flash/79068.htm,高楼爆破3无敌版
http://www.4399.com/flash/853.htm,五子连珠
http://www.4399.com/flash/17403.htm,青蛙祖玛
http://www.4399.com/flash/57474.htm,蝴蝶连连看
http://www.4399.com/flash/4781.htm,花花连连看
http://www.4399.com/flash/136516.htm,消灭星星豪华版
http://www.4399.com/flash/54423.htm,4399打豆豆
http://www.4399.com/flash/2231.htm,宠物连连看2.6
http://www.4399.com/flash/63033.htm,森林冰火人双人迷宫
http://www.4399.com/flash/68259.htm,河马饲养员
http://www.4399.com/flash/106202.htm,消灭星星中文版
http://www.4399.com/flash/62002.htm,疯狂过山车2
http://www.4399.com/flash/100125.htm,装载卡车4
http://www.4399.com/flash/131178.htm,帮鸟儿解冻3
http://www.4399.com/flash/106933.htm,坏蛋冰淇淋2无敌版
http://www.4399.com/flash/171900.htm,装载卡车5
http://www.4399.com/flash/147327.htm,亚当找夏娃3
http://www.4399.com/flash/10919.htm,宠物连连看3.0版
http://www.4399.com/flash/71760.htm,小婴儿逃出系列3
http://www.4399.com/flash/156918.htm,坏小孩回家4
http://www.4399.com/flash/37529.htm,小火车过隧道无敌版
http://www.4399.com/flash/50350.htm,唤醒嗜睡的小人
http://www.4399.com/flash/41285.htm,朵拉的迷你高尔夫
http://www.4399.com/flash/130836.htm,消你妹
http://www.4399.com/flash/128302.htm,消灭星星3电脑版
http://www.4399.com/flash/103266.htm,炮兵突击
http://www.4399.com/flash/96689.htm,愤怒的小鸟太空版HD
http://www.4399.com/flash/57317.htm,激光炮轰小怪2
http://www.4399.com/flash/4782.htm,汽车标志连连看
http://www.4399.com/flash/89614.htm,托马斯过河
http://www.4399.com/flash/88882.htm,海绵宝宝3D大富翁2
http://www.4399.com/flash/138881.htm,激光炮轰小怪3加强版
http://www.4399.com/flash/21223.htm,小球进洞
http://www.4399.com/flash/89107.htm,黑太狼吃羊2
http://www.4399.com/flash/152489.htm,史上最贱小游戏之体育
http://www.4399.com/flash/80211.htm,中国熊猫2无敌版
http://www.4399.com/flash/92102.htm,连连看3.1原版
http://www.4399.com/flash/76887.htm,宠物连连看可爱版
http://www.4399.com/flash/66922.htm,亚当找夏娃中文版
http://www.4399.com/flash/65959.htm,高楼爆破无敌版
http://www.4399.com/flash/34726.htm,4399水果连连看
http://www.4399.com/flash/47634.htm,让子弹飞
http://www.4399.com/flash/122189.htm,史上最贱小游戏3
http://www.4399.com/flash/184591.htm,捣蛋猪HD8.0
http://www.4399.com/flash/50306.htm,奇妙水世界
http://www.4399.com/flash/143168.htm,手纸没有了
http://www.4399.com/flash/79452.htm,森林冰火人3
http://www.4399.com/flash/73311.htm,破蛋专家
http://www.4399.com/flash/92953.htm,逗小猴开心7
http://www.4399.com/flash/132546.htm,亚当找夏娃2
http://www.4399.com/flash/80972.htm,宠物连连看经典版2
http://www.4399.com/flash/138976.htm,盗金父子
http://www.4399.com/flash/69774.htm,高楼爆破2无敌版
http://www.4399.com/flash/42075.htm,光头小子找出口
http://www.4399.com/flash/86544.htm,鸡蛋大逃亡2
http://www.4399.com/flash/30543.htm,小婴儿逃出系列1
http://www.4399.com/flash/63828.htm,红球与绿球
http://www.4399.com/flash/106849.htm,坏蛋冰淇淋2
http://www.4399.com/flash/41483.htm,装载卡车
http://www.4399.com/flash/16395.htm,小婴儿逃出系列2
http://www.4399.com/flash/158011.htm,小汽车的英雄梦
http://www.4399.com/flash/73122.htm,装载卡车3
http://www.4399.com/flash/102581.htm,帮鸟儿解冻
http://www.4399.com/flash/33249.htm,帮小狗取手绢
http://www.4399.com/flash/9840.htm,在线弹钢琴
http://www.4399.com/flash/78828.htm,益智乐高2中文版
http://www.4399.com/flash/35965.htm,直升机打气球
http://www.4399.com/flash/92108.htm,连连看原版
http://www.4399.com/flash/97275.htm,3D旋转麻将连连看
http://www.4399.com/flash/46428.htm,空姐阿Sue
http://www.4399.com/flash/24571.htm,宠物连连看3.1无敌版
http://www.4399.com/flash/8670.htm,宠物连连看特别版
http://www.4399.com/flash/50909.htm,植物战僵尸3D连连看
http://www.4399.com/flash/27265.htm,火柴人逃狱记
http://www.4399.com/flash/157666.htm,史上最贱小游戏13
http://www.4399.com/flash/113790.htm,找你妹正式版
http://www.4399.com/flash/123789.htm,恐龙觅食
http://www.4399.com/flash/128952.htm,坏蛋冰淇淋3
http://www.4399.com/flash/48349.htm,爱吃水果的虫子
http://www.4399.com/flash/1244.htm,红孩儿连连看
http://www.4399.com/flash/152162.htm,盗金父子2
http://www.4399.com/flash/8954.htm,阿sue家做客
http://www.4399.com/flash/142569.htm,一把火
http://www.4399.com/flash/91402.htm,保护橙子增强版3
http://www.4399.com/flash/56745.htm,动画师和动画
http://www.4399.com/flash/117146.htm,火柴人智闯飞艇
http://www.4399.com/flash/1287.htm,新麻雀连连看
http://www.4399.com/flash/134715.htm,捣蛋猪HD3.8
http://www.4399.com/flash/62725.htm,蜗牛鲍勃2中文版
http://www.4399.com/flash/123611.htm,小汽车的爱情梦
http://www.4399.com/flash/135633.htm,糖果去哪儿了2
http://www.4399.com/flash/151340.htm,熊猫逃生记之日本
http://www.4399.com/flash/214771.htm,逃离都市别墅
http://www.4399.com/flash/214761.htm,危险恶魔森林逃脱
http://www.4399.com/flash/214760.htm,女仆逃跑
http://www.4399.com/flash/214759.htm,薰衣草房间逃脱
http://www.4399.com/flash/214758.htm,土著男孩逃跑
http://www.4399.com/flash/214757.htm,救援愤怒的龙
http://www.4399.com/flash/214756.htm,逃离艺术屋
http://www.4399.com/flash/214755.htm,救援牧羊人
http://www.4399.com/flash/214750.htm,逃离简易房屋25
http://www.4399.com/flash/214749.htm,拯救旅馆中的女孩
http://www.4399.com/flash/214748.htm,逃离梦幻绿林
http://www.4399.com/flash/214745.htm,寻找遗失的魔法书
http://www.4399.com/flash/214742.htm,逃离深林石屋
http://www.4399.com/flash/214741.htm,逃离客厅通道
http://www.4399.com/flash/214740.htm,救援村中河马
http://www.4399.com/flash/214739.htm,逃离森林度假村
http://www.4399.com/flash/214738.htm,迷路的大爷
http://www.4399.com/flash/214737.htm,逃离洁白的医院
http://www.4399.com/flash/214735.htm,简易现代客房逃生
http://www.4399.com/flash/214732.htm,寻找彩鸟
http://www.4399.com/flash/214727.htm,逃出无人山谷
http://www.4399.com/flash/214726.htm,逃出水下世界
http://www.4399.com/flash/214725.htm,纳马斯逃脱
http://www.4399.com/flash/214723.htm,南瓜装男孩逃脱
http://www.4399.com/flash/214716.htm,救援欢乐的猫头鹰
http://www.4399.com/flash/214715.htm,救援袋食蚁兽
http://www.4399.com/flash/214712.htm,逃离现代乡村
http://www.4399.com/flash/214711.htm,逃离集装箱厂
http://www.4399.com/flash/214710.htm,逃离梦幻森林屋
http://www.4399.com/flash/214709.htm,寻找秘密配方书
http://www.4399.com/flash/214701.htm,热带雨林逃脱
http://www.4399.com/flash/214700.htm,奢华餐厅逃脱
http://www.4399.com/flash/214698.htm,懒熊逃走
http://www.4399.com/flash/214697.htm,湖边逃脱
http://www.4399.com/flash/214696.htm,自卑男孩逃脱
http://www.4399.com/flash/214695.htm,小葱头去哪了
http://www.4399.com/flash/214690.htm,救援活跃的男孩
http://www.4399.com/flash/214689.htm,救援慷慨的女孩
http://www.4399.com/flash/214687.htm,冒险之旅逃脱3
http://www.4399.com/flash/214686.htm,逃离精致的木屋
http://www.4399.com/flash/214683.htm,牧民逃脱
http://www.4399.com/flash/214681.htm,救援幼稚的兔子
http://www.4399.com/flash/214679.htm,救援园丁小男孩
http://www.4399.com/flash/214676.htm,离开整洁办公室
http://www.4399.com/flash/214671.htm,逃离奢华之宅
http://www.4399.com/flash/214669.htm,冒险之旅逃脱2
http://www.4399.com/flash/214660.htm,逃离现代奢华豪宅
http://www.4399.com/flash/214659.htm,银河太空之旅逃脱
http://www.4399.com/flash/214658.htm,救援小猫咪
http://www.4399.com/flash/214657.htm,逃离完美公寓
http://www.4399.com/flash/214656.htm,逃离风景林
http://www.4399.com/flash/214655.htm,救援幼稚的女孩
http://www.4399.com/flash/214654.htm,装修房逃脱
http://www.4399.com/flash/214653.htm,刷牙女孩逃脱
http://www.4399.com/flash/214652.htm,诡异的昆虫逃脱
http://www.4399.com/flash/214651.htm,房舍逃生2
http://www.4399.com/flash/1382.htm,宠物连连看2.5版
http://www.4399.com/flash/12669.htm,果蔬连连看
http://www.4399.com/flash/17801.htm,宠物连连看3.1
http://www.4399.com/flash/20660.htm,森林冰火人中文版
http://www.4399.com/flash/93551.htm,小鳄鱼爱洗澡中文版
http://www.4399.com/flash/113377.htm,森林冰火人4无敌版
http://www.4399.com/flash/10393.htm,石头连连看
http://www.4399.com/flash/79068.htm,高楼爆破3无敌版
http://www.4399.com/flash/853.htm,五子连珠
http://www.4399.com/flash/17403.htm,青蛙祖玛
http://www.4399.com/flash/57474.htm,蝴蝶连连看
http://www.4399.com/flash/4781.htm,花花连连看
http://www.4399.com/flash/136516.htm,消灭星星豪华版
http://www.4399.com/flash/54423.htm,4399打豆豆
http://www.4399.com/flash/2231.htm,宠物连连看2.6
http://www.4399.com/flash/63033.htm,森林冰火人双人迷宫
http://www.4399.com/flash/68259.htm,河马饲养员
http://www.4399.com/flash/106202.htm,消灭星星中文版
http://www.4399.com/flash/62002.htm,疯狂过山车2
http://www.4399.com/flash/100125.htm,装载卡车4
http://www.4399.com/flash/131178.htm,帮鸟儿解冻3
http://www.4399.com/flash/106933.htm,坏蛋冰淇淋2无敌版
http://www.4399.com/flash/171900.htm,装载卡车5
http://www.4399.com/flash/147327.htm,亚当找夏娃3
http://www.4399.com/flash/10919.htm,宠物连连看3.0版
http://www.4399.com/flash/71760.htm,小婴儿逃出系列3
http://www.4399.com/flash/156918.htm,坏小孩回家4
http://www.4399.com/flash/37529.htm,小火车过隧道无敌版
http://www.4399.com/flash/50350.htm,唤醒嗜睡的小人
http://www.4399.com/flash/41285.htm,朵拉的迷你高尔夫
http://www.4399.com/flash/130836.htm,消你妹
http://www.4399.com/flash/128302.htm,消灭星星3电脑版
http://www.4399.com/flash/103266.htm,炮兵突击
http://www.4399.com/flash/96689.htm,愤怒的小鸟太空版HD
http://www.4399.com/flash/57317.htm,激光炮轰小怪2
http://www.4399.com/flash/4782.htm,汽车标志连连看
http://www.4399.com/flash/89614.htm,托马斯过河
http://www.4399.com/flash/88882.htm,海绵宝宝3D大富翁2
http://www.4399.com/flash/138881.htm,激光炮轰小怪3加强版
http://www.4399.com/flash/21223.htm,小球进洞
http://www.4399.com/flash/89107.htm,黑太狼吃羊2
http://www.4399.com/flash/152489.htm,史上最贱小游戏之体育
http://www.4399.com/flash/80211.htm,中国熊猫2无敌版
http://www.4399.com/flash/92102.htm,连连看3.1原版
http://www.4399.com/flash/76887.htm,宠物连连看可爱版
http://www.4399.com/flash/66922.htm,亚当找夏娃中文版
http://www.4399.com/flash/65959.htm,高楼爆破无敌版
http://www.4399.com/flash/34726.htm,4399水果连连看
http://www.4399.com/flash/47634.htm,让子弹飞
http://www.4399.com/flash/122189.htm,史上最贱小游戏3
http://www.4399.com/flash/184591.htm,捣蛋猪HD8.0
http://www.4399.com/flash/50306.htm,奇妙水世界
http://www.4399.com/flash/143168.htm,手纸没有了
http://www.4399.com/flash/79452.htm,森林冰火人3
http://www.4399.com/flash/73311.htm,破蛋专家
http://www.4399.com/flash/92953.htm,逗小猴开心7
http://www.4399.com/flash/132546.htm,亚当找夏娃2
http://www.4399.com/flash/80972.htm,宠物连连看经典版2
http://www.4399.com/flash/138976.htm,盗金父子
http://www.4399.com/flash/69774.htm,高楼爆破2无敌版
http://www.4399.com/flash/42075.htm,光头小子找出口
http://www.4399.com/flash/86544.htm,鸡蛋大逃亡2
http://www.4399.com/flash/30543.htm,小婴儿逃出系列1
http://www.4399.com/flash/63828.htm,红球与绿球
http://www.4399.com/flash/106849.htm,坏蛋冰淇淋2
http://www.4399.com/flash/41483.htm,装载卡车
http://www.4399.com/flash/16395.htm,小婴儿逃出系列2
http://www.4399.com/flash/158011.htm,小汽车的英雄梦
http://www.4399.com/flash/73122.htm,装载卡车3
http://www.4399.com/flash/102581.htm,帮鸟儿解冻
http://www.4399.com/flash/33249.htm,帮小狗取手绢
http://www.4399.com/flash/9840.htm,在线弹钢琴
http://www.4399.com/flash/78828.htm,益智乐高2中文版
http://www.4399.com/flash/35965.htm,直升机打气球
http://www.4399.com/flash/92108.htm,连连看原版
http://www.4399.com/flash/97275.htm,3D旋转麻将连连看
http://www.4399.com/flash/46428.htm,空姐阿Sue
http://www.4399.com/flash/24571.htm,宠物连连看3.1无敌版
http://www.4399.com/flash/8670.htm,宠物连连看特别版
http://www.4399.com/flash/50909.htm,植物战僵尸3D连连看
http://www.4399.com/flash/27265.htm,火柴人逃狱记
http://www.4399.com/flash/157666.htm,史上最贱小游戏13
http://www.4399.com/flash/113790.htm,找你妹正式版
http://www.4399.com/flash/123789.htm,恐龙觅食
http://www.4399.com/flash/128952.htm,坏蛋冰淇淋3
http://www.4399.com/flash/48349.htm,爱吃水果的虫子
http://www.4399.com/flash/1244.htm,红孩儿连连看
http://www.4399.com/flash/152162.htm,盗金父子2
http://www.4399.com/flash/8954.htm,阿sue家做客
http://www.4399.com/flash/142569.htm,一把火
http://www.4399.com/flash/91402.htm,保护橙子增强版3
http://www.4399.com/flash/56745.htm,动画师和动画
http://www.4399.com/flash/117146.htm,火柴人智闯飞艇
http://www.4399.com/flash/1287.htm,新麻雀连连看
http://www.4399.com/flash/134715.htm,捣蛋猪HD3.8
http://www.4399.com/flash/62725.htm,蜗牛鲍勃2中文版
http://www.4399.com/flash/123611.htm,小汽车的爱情梦
http://www.4399.com/flash/135633.htm,糖果去哪儿了2
http://www.4399.com/flash/151340.htm,熊猫逃生记之日本
http://www.4399.com/flash/214641.htm,热带室内花园逃生
http://www.4399.com/flash/214640.htm,休闲豪华公寓逃脱
http://www.4399.com/flash/214639.htm,可爱女孩营救
http://www.4399.com/flash/214638.htm,昏暗儿童房逃生42
http://www.4399.com/flash/214637.htm,壁画现代房屋逃生
http://www.4399.com/flash/214628.htm,救援杵着拐杖的老人
http://www.4399.com/flash/214627.htm,救援可爱小丑
http://www.4399.com/flash/214626.htm,困在火车站的男孩
http://www.4399.com/flash/214624.htm,困在沙漠的军官
http://www.4399.com/flash/214623.htm,逃离现代土胚房
http://www.4399.com/flash/214622.htm,逃离医院后院
http://www.4399.com/flash/214621.htm,逃离现代法式别墅
http://www.4399.com/flash/214602.htm,救援考拉
http://www.4399.com/flash/214601.htm,救援实业家
http://www.4399.com/flash/214599.htm,救援村庄里的羊
http://www.4399.com/flash/214596.htm,救援青少年
http://www.4399.com/flash/214594.htm,逃离娱乐房屋
http://www.4399.com/flash/214582.htm,逃离花样客厅
http://www.4399.com/flash/214580.htm,冒险之旅逃脱
http://www.4399.com/flash/214579.htm,粉红小屋逃生
http://www.4399.com/flash/214578.htm,猎豹大逃脱
http://www.4399.com/flash/214577.htm,梦幻粉红森林逃脱
http://www.4399.com/flash/214576.htm,尘土房间逃脱
http://www.4399.com/flash/214574.htm,受惊男孩逃脱
http://www.4399.com/flash/214573.htm,现代法国别墅2
http://www.4399.com/flash/214558.htm,岩石瀑布谷逃脱
http://www.4399.com/flash/214557.htm,孩童逃脱
http://www.4399.com/flash/214554.htm,果冻人逃跑
http://www.4399.com/flash/214553.htm,逃离简易房屋24
http://www.4399.com/flash/214552.htm,逃出沙漠地带
http://www.4399.com/flash/214551.htm,房舍逃生
http://www.4399.com/flash/214547.htm,救援贝德里夫人
http://www.4399.com/flash/214546.htm,逃离幻想公园
http://www.4399.com/flash/214545.htm,困在花园的老爷爷
http://www.4399.com/flash/214544.htm,逃离远足者的房子
http://www.4399.com/flash/214543.htm,逃离沙殿
http://www.4399.com/flash/214542.htm,逃离森林遗迹
http://www.4399.com/flash/214537.htm,榕树园逃脱
http://www.4399.com/flash/214533.htm,黄色怪物逃脱
http://www.4399.com/flash/214532.htm,逃离海洋之地
http://www.4399.com/flash/214531.htm,优雅蜜蜂逃脱
http://www.4399.com/flash/214530.htm,逃离别墅后院
http://www.4399.com/flash/214523.htm,逃离崭新的办公室
http://www.4399.com/flash/214521.htm,逃出森林别墅
http://www.4399.com/flash/214517.htm,逃离暗色木屋
http://www.4399.com/flash/214516.htm,救援勇敢的动物
http://www.4399.com/flash/214514.htm,逃离宫殿之中
http://www.4399.com/flash/214501.htm,寻找丢失的朋友2
http://www.4399.com/flash/214497.htm,无忧女孩逃脱
http://www.4399.com/flash/214492.htm,昏暗儿童房逃生41
http://www.4399.com/flash/214491.htm,救援可爱松鼠
http://www.4399.com/flash/214490.htm,逃出任务基地
http://www.4399.com/flash/214489.htm,逃离复古客厅
http://www.4399.com/flash/214488.htm,拯救火鸡母子
http://www.4399.com/flash/214487.htm,救援和平女孩
http://www.4399.com/flash/214486.htm,老渔夫逃生
http://www.4399.com/flash/1382.htm,宠物连连看2.5版
http://www.4399.com/flash/12669.htm,果蔬连连看
http://www.4399.com/flash/17801.htm,宠物连连看3.1
http://www.4399.com/flash/20660.htm,森林冰火人中文版
http://www.4399.com/flash/93551.htm,小鳄鱼爱洗澡中文版
http://www.4399.com/flash/113377.htm,森林冰火人4无敌版
http://www.4399.com/flash/10393.htm,石头连连看
http://www.4399.com/flash/79068.htm,高楼爆破3无敌版
http://www.4399.com/flash/853.htm,五子连珠
http://www.4399.com/flash/17403.htm,青蛙祖玛
http://www.4399.com/flash/57474.htm,蝴蝶连连看
http://www.4399.com/flash/4781.htm,花花连连看
http://www.4399.com/flash/136516.htm,消灭星星豪华版
http://www.4399.com/flash/54423.htm,4399打豆豆
http://www.4399.com/flash/2231.htm,宠物连连看2.6
http://www.4399.com/flash/63033.htm,森林冰火人双人迷宫
http://www.4399.com/flash/68259.htm,河马饲养员
http://www.4399.com/flash/106202.htm,消灭星星中文版
http://www.4399.com/flash/62002.htm,疯狂过山车2
http://www.4399.com/flash/100125.htm,装载卡车4
http://www.4399.com/flash/131178.htm,帮鸟儿解冻3
http://www.4399.com/flash/106933.htm,坏蛋冰淇淋2无敌版
http://www.4399.com/flash/171900.htm,装载卡车5
http://www.4399.com/flash/147327.htm,亚当找夏娃3
http://www.4399.com/flash/10919.htm,宠物连连看3.0版
http://www.4399.com/flash/71760.htm,小婴儿逃出系列3
http://www.4399.com/flash/156918.htm,坏小孩回家4
http://www.4399.com/flash/37529.htm,小火车过隧道无敌版
http://www.4399.com/flash/50350.htm,唤醒嗜睡的小人
http://www.4399.com/flash/41285.htm,朵拉的迷你高尔夫
http://www.4399.com/flash/130836.htm,消你妹
http://www.4399.com/flash/128302.htm,消灭星星3电脑版
http://www.4399.com/flash/103266.htm,炮兵突击
http://www.4399.com/flash/96689.htm,愤怒的小鸟太空版HD
http://www.4399.com/flash/57317.htm,激光炮轰小怪2
http://www.4399.com/flash/4782.htm,汽车标志连连看
http://www.4399.com/flash/89614.htm,托马斯过河
http://www.4399.com/flash/88882.htm,海绵宝宝3D大富翁2
http://www.4399.com/flash/138881.htm,激光炮轰小怪3加强版
http://www.4399.com/flash/21223.htm,小球进洞
http://www.4399.com/flash/89107.htm,黑太狼吃羊2
http://www.4399.com/flash/152489.htm,史上最贱小游戏之体育
http://www.4399.com/flash/80211.htm,中国熊猫2无敌版
http://www.4399.com/flash/92102.htm,连连看3.1原版
http://www.4399.com/flash/76887.htm,宠物连连看可爱版
http://www.4399.com/flash/66922.htm,亚当找夏娃中文版
http://www.4399.com/flash/65959.htm,高楼爆破无敌版
http://www.4399.com/flash/34726.htm,4399水果连连看
http://www.4399.com/flash/47634.htm,让子弹飞
http://www.4399.com/flash/122189.htm,史上最贱小游戏3
http://www.4399.com/flash/184591.htm,捣蛋猪HD8.0
http://www.4399.com/flash/50306.htm,奇妙水世界
http://www.4399.com/flash/143168.htm,手纸没有了
http://www.4399.com/flash/79452.htm,森林冰火人3
http://www.4399.com/flash/73311.htm,破蛋专家
http://www.4399.com/flash/92953.htm,逗小猴开心7
http://www.4399.com/flash/132546.htm,亚当找夏娃2
http://www.4399.com/flash/80972.htm,宠物连连看经典版2
http://www.4399.com/flash/138976.htm,盗金父子
http://www.4399.com/flash/69774.htm,高楼爆破2无敌版
http://www.4399.com/flash/42075.htm,光头小子找出口
http://www.4399.com/flash/86544.htm,鸡蛋大逃亡2
http://www.4399.com/flash/30543.htm,小婴儿逃出系列1
http://www.4399.com/flash/63828.htm,红球与绿球
http://www.4399.com/flash/106849.htm,坏蛋冰淇淋2
http://www.4399.com/flash/41483.htm,装载卡车
http://www.4399.com/flash/16395.htm,小婴儿逃出系列2
http://www.4399.com/flash/158011.htm,小汽车的英雄梦
http://www.4399.com/flash/73122.htm,装载卡车3
http://www.4399.com/flash/102581.htm,帮鸟儿解冻
http://www.4399.com/flash/33249.htm,帮小狗取手绢
http://www.4399.com/flash/9840.htm,在线弹钢琴
http://www.4399.com/flash/78828.htm,益智乐高2中文版
http://www.4399.com/flash/35965.htm,直升机打气球
http://www.4399.com/flash/92108.htm,连连看原版
http://www.4399.com/flash/97275.htm,3D旋转麻将连连看
http://www.4399.com/flash/46428.htm,空姐阿Sue
http://www.4399.com/flash/24571.htm,宠物连连看3.1无敌版
http://www.4399.com/flash/8670.htm,宠物连连看特别版
http://www.4399.com/flash/50909.htm,植物战僵尸3D连连看
http://www.4399.com/flash/27265.htm,火柴人逃狱记
http://www.4399.com/flash/157666.htm,史上最贱小游戏13
http://www.4399.com/flash/113790.htm,找你妹正式版
http://www.4399.com/flash/123789.htm,恐龙觅食
http://www.4399.com/flash/128952.htm,坏蛋冰淇淋3
http://www.4399.com/flash/48349.htm,爱吃水果的虫子
http://www.4399.com/flash/1244.htm,红孩儿连连看
http://www.4399.com/flash/152162.htm,盗金父子2
http://www.4399.com/flash/8954.htm,阿sue家做客
http://www.4399.com/flash/142569.htm,一把火
http://www.4399.com/flash/91402.htm,保护橙子增强版3
http://www.4399.com/flash/56745.htm,动画师和动画
http://www.4399.com/flash/117146.htm,火柴人智闯飞艇
http://www.4399.com/flash/1287.htm,新麻雀连连看
http://www.4399.com/flash/134715.htm,捣蛋猪HD3.8
http://www.4399.com/flash/62725.htm,蜗牛鲍勃2中文版
http://www.4399.com/flash/123611.htm,小汽车的爱情梦
http://www.4399.com/flash/135633.htm,糖果去哪儿了2
http://www.4399.com/flash/151340.htm,熊猫逃生记之日本
http://www.4399.com/flash/214484.htm,章鱼逃脱
http://www.4399.com/flash/214483.htm,避暑山庄逃脱
http://www.4399.com/flash/214473.htm,逃离未知地洞
http://www.4399.com/flash/214472.htm,救援斑胸草雀
http://www.4399.com/flash/214471.htm,逃离蓝木船舱
http://www.4399.com/flash/214468.htm,小木屋大逃生
http://www.4399.com/flash/214465.htm,逃离漂亮的花园
http://www.4399.com/flash/214464.htm,逃出壁炉房屋
http://www.4399.com/flash/214463.htm,救援泥瓦匠
http://www.4399.com/flash/214462.htm,逃离时尚小屋
http://www.4399.com/flash/214460.htm,逃出田园小木屋
http://www.4399.com/flash/214454.htm,逃离幽暗谷
http://www.4399.com/flash/214450.htm,清洁工逃跑
http://www.4399.com/flash/214449.htm,海滩农舍逃生
http://www.4399.com/flash/214448.htm,化妆间逃生
http://www.4399.com/flash/214447.htm,现代风格房屋逃脱
http://www.4399.com/flash/214438.htm,逃出小石屋
http://www.4399.com/flash/214437.htm,逃离学校食堂
http://www.4399.com/flash/214436.htm,逃出废墟森林
http://www.4399.com/flash/214435.htm,逃离热带房屋
http://www.4399.com/flash/214434.htm,救援特拉杰男孩
http://www.4399.com/flash/214424.htm,从博物馆逃出
http://www.4399.com/flash/214419.htm,黑猫大逃脱
http://www.4399.com/flash/214418.htm,音乐家逃脱
http://www.4399.com/flash/214416.htm,羊羔出逃
http://www.4399.com/flash/214415.htm,逃离黑暗诡异屋
http://www.4399.com/flash/214410.htm,山庄外逃脱
http://www.4399.com/flash/214409.htm,可爱的女孩救援
http://www.4399.com/flash/214408.htm,寻找丢失的朋友
http://www.4399.com/flash/214407.htm,逃离武士别墅
http://www.4399.com/flash/214406.htm,逃离自然溪谷
http://www.4399.com/flash/214404.htm,现代房间大逃脱
http://www.4399.com/flash/214402.htm,受困的长颈鹿
http://www.4399.com/flash/214401.htm,逃离超自然森林
http://www.4399.com/flash/214400.htm,逃离简易房屋23
http://www.4399.com/flash/214396.htm,寻找古董首饰盒
http://www.4399.com/flash/214386.htm,海上脱险
http://www.4399.com/flash/214385.htm,逃离儿童自修室
http://www.4399.com/flash/214384.htm,家庭办公室大逃脱
http://www.4399.com/flash/214383.htm,救援孵化的母鸡
http://www.4399.com/flash/214382.htm,逃离豪华的平房
http://www.4399.com/flash/214379.htm,老猎人屋逃脱
http://www.4399.com/flash/214378.htm,办公室女孩救援
http://www.4399.com/flash/214377.htm,阴暗的车库逃脱
http://www.4399.com/flash/214375.htm,逃离神秘诡异小屋
http://www.4399.com/flash/214370.htm,逃离大自然景观
http://www.4399.com/flash/214365.htm,考古场所逃生
http://www.4399.com/flash/214364.htm,吹笛男孩逃脱
http://www.4399.com/flash/214361.htm,救援美丽的企鹅
http://www.4399.com/flash/214358.htm,救援漂亮的女子
http://www.4399.com/flash/214357.htm,救援绵羊宝宝
http://www.4399.com/flash/214350.htm,救援水族馆的金鱼
http://www.4399.com/flash/214339.htm,可爱的仓鼠逃脱
http://www.4399.com/flash/214336.htm,逃离黑白小屋
http://www.4399.com/flash/214335.htm,逃出陈旧老屋
http://www.4399.com/flash/214328.htm,秋季的林中逃脱
http://www.4399.com/flash/1382.htm,宠物连连看2.5版
http://www.4399.com/flash/12669.htm,果蔬连连看
http://www.4399.com/flash/17801.htm,宠物连连看3.1
http://www.4399.com/flash/20660.htm,森林冰火人中文版
http://www.4399.com/flash/93551.htm,小鳄鱼爱洗澡中文版
http://www.4399.com/flash/113377.htm,森林冰火人4无敌版
http://www.4399.com/flash/10393.htm,石头连连看
http://www.4399.com/flash/79068.htm,高楼爆破3无敌版
http://www.4399.com/flash/853.htm,五子连珠
http://www.4399.com/flash/17403.htm,青蛙祖玛
http://www.4399.com/flash/57474.htm,蝴蝶连连看
http://www.4399.com/flash/4781.htm,花花连连看
http://www.4399.com/flash/136516.htm,消灭星星豪华版
http://www.4399.com/flash/54423.htm,4399打豆豆
http://www.4399.com/flash/2231.htm,宠物连连看2.6
http://www.4399.com/flash/63033.htm,森林冰火人双人迷宫
http://www.4399.com/flash/68259.htm,河马饲养员
http://www.4399.com/flash/106202.htm,消灭星星中文版
http://www.4399.com/flash/62002.htm,疯狂过山车2
http://www.4399.com/flash/100125.htm,装载卡车4
http://www.4399.com/flash/131178.htm,帮鸟儿解冻3
http://www.4399.com/flash/106933.htm,坏蛋冰淇淋2无敌版
http://www.4399.com/flash/171900.htm,装载卡车5
http://www.4399.com/flash/147327.htm,亚当找夏娃3
http://www.4399.com/flash/10919.htm,宠物连连看3.0版
http://www.4399.com/flash/71760.htm,小婴儿逃出系列3
http://www.4399.com/flash/156918.htm,坏小孩回家4
http://www.4399.com/flash/37529.htm,小火车过隧道无敌版
http://www.4399.com/flash/50350.htm,唤醒嗜睡的小人
http://www.4399.com/flash/41285.htm,朵拉的迷你高尔夫
http://www.4399.com/flash/130836.htm,消你妹
http://www.4399.com/flash/128302.htm,消灭星星3电脑版
http://www.4399.com/flash/103266.htm,炮兵突击
http://www.4399.com/flash/96689.htm,愤怒的小鸟太空版HD
http://www.4399.com/flash/57317.htm,激光炮轰小怪2
http://www.4399.com/flash/4782.htm,汽车标志连连看
http://www.4399.com/flash/89614.htm,托马斯过河
http://www.4399.com/flash/88882.htm,海绵宝宝3D大富翁2
http://www.4399.com/flash/138881.htm,激光炮轰小怪3加强版
http://www.4399.com/flash/21223.htm,小球进洞
http://www.4399.com/flash/89107.htm,黑太狼吃羊2
http://www.4399.com/flash/152489.htm,史上最贱小游戏之体育
http://www.4399.com/flash/80211.htm,中国熊猫2无敌版
http://www.4399.com/flash/92102.htm,连连看3.1原版
http://www.4399.com/flash/76887.htm,宠物连连看可爱版
http://www.4399.com/flash/66922.htm,亚当找夏娃中文版
http://www.4399.com/flash/65959.htm,高楼爆破无敌版
http://www.4399.com/flash/34726.htm,4399水果连连看
http://www.4399.com/flash/47634.htm,让子弹飞
http://www.4399.com/flash/122189.htm,史上最贱小游戏3
http://www.4399.com/flash/184591.htm,捣蛋猪HD8.0
http://www.4399.com/flash/50306.htm,奇妙水世界
http://www.4399.com/flash/143168.htm,手纸没有了
http://www.4399.com/flash/79452.htm,森林冰火人3
http://www.4399.com/flash/73311.htm,破蛋专家
http://www.4399.com/flash/92953.htm,逗小猴开心7
http://www.4399.com/flash/132546.htm,亚当找夏娃2
http://www.4399.com/flash/80972.htm,宠物连连看经典版2
http://www.4399.com/flash/138976.htm,盗金父子
http://www.4399.com/flash/69774.htm,高楼爆破2无敌版
http://www.4399.com/flash/42075.htm,光头小子找出口
http://www.4399.com/flash/86544.htm,鸡蛋大逃亡2
http://www.4399.com/flash/30543.htm,小婴儿逃出系列1
http://www.4399.com/flash/63828.htm,红球与绿球
http://www.4399.com/flash/106849.htm,坏蛋冰淇淋2
http://www.4399.com/flash/41483.htm,装载卡车
http://www.4399.com/flash/16395.htm,小婴儿逃出系列2
http://www.4399.com/flash/158011.htm,小汽车的英雄梦
http://www.4399.com/flash/73122.htm,装载卡车3
http://www.4399.com/flash/102581.htm,帮鸟儿解冻
http://www.4399.com/flash/33249.htm,帮小狗取手绢
http://www.4399.com/flash/9840.htm,在线弹钢琴
http://www.4399.com/flash/78828.htm,益智乐高2中文版
http://www.4399.com/flash/35965.htm,直升机打气球
http://www.4399.com/flash/92108.htm,连连看原版
http://www.4399.com/flash/97275.htm,3D旋转麻将连连看
http://www.4399.com/flash/46428.htm,空姐阿Sue
http://www.4399.com/flash/24571.htm,宠物连连看3.1无敌版
http://www.4399.com/flash/8670.htm,宠物连连看特别版
http://www.4399.com/flash/50909.htm,植物战僵尸3D连连看
http://www.4399.com/flash/27265.htm,火柴人逃狱记
http://www.4399.com/flash/157666.htm,史上最贱小游戏13
http://www.4399.com/flash/113790.htm,找你妹正式版
http://www.4399.com/flash/123789.htm,恐龙觅食
http://www.4399.com/flash/128952.htm,坏蛋冰淇淋3
http://www.4399.com/flash/48349.htm,爱吃水果的虫子
http://www.4399.com/flash/1244.htm,红孩儿连连看
http://www.4399.com/flash/152162.htm,盗金父子2
http://www.4399.com/flash/8954.htm,阿sue家做客
http://www.4399.com/flash/142569.htm,一把火
http://www.4399.com/flash/91402.htm,保护橙子增强版3
http://www.4399.com/flash/56745.htm,动画师和动画
http://www.4399.com/flash/117146.htm,火柴人智闯飞艇
http://www.4399.com/flash/1287.htm,新麻雀连连看
http://www.4399.com/flash/134715.htm,捣蛋猪HD3.8
http://www.4399.com/flash/62725.htm,蜗牛鲍勃2中文版
http://www.4399.com/flash/123611.htm,小汽车的爱情梦
http://www.4399.com/flash/135633.htm,糖果去哪儿了2
http://www.4399.com/flash/151340.htm,熊猫逃生记之日本
http://www.4399.com/flash/214326.htm,吹号手逃脱
http://www.4399.com/flash/214325.htm,仓库工人逃生
http://www.4399.com/flash/214324.htm,逃出诡异密林
http://www.4399.com/flash/214323.htm,欢乐餐厅逃脱
http://www.4399.com/flash/214320.htm,主厨厨房逃生
http://www.4399.com/flash/214315.htm,甲壳虫逃脱
http://www.4399.com/flash/214312.htm,寻找急救箱
http://www.4399.com/flash/214308.htm,救援穿香蕉服的男孩
http://www.4399.com/flash/214307.htm,逃离整洁的客房
http://www.4399.com/flash/214306.htm,救援格雷贝
http://www.4399.com/flash/214305.htm,逃离厨房后门
http://www.4399.com/flash/214304.htm,救援臭鼬一家
http://www.4399.com/flash/214303.htm,逃出现代豪宅
http://www.4399.com/flash/214300.htm,森林松鼠逃跑
http://www.4399.com/flash/214295.htm,忧伤男孩逃脱
http://www.4399.com/flash/214294.htm,农庄逃脱
http://www.4399.com/flash/214293.htm,木屋休闲乐园逃脱
http://www.4399.com/flash/214288.htm,救援田园诗般的女孩
http://www.4399.com/flash/214287.htm,救援小女生
http://www.4399.com/flash/214283.htm,救援村庄里的牛
http://www.4399.com/flash/214281.htm,逃离森林小木屋
http://www.4399.com/flash/214280.htm,逃离大瀑布
http://www.4399.com/flash/214279.htm,救援黄色小鸭子
http://www.4399.com/flash/214276.htm,卫生间大逃脱
http://www.4399.com/flash/214274.htm,休闲公寓酒店逃脱
http://www.4399.com/flash/214273.htm,狡猾的狐狸逃跑
http://www.4399.com/flash/214271.htm,狐狸装女孩逃脱
http://www.4399.com/flash/214266.htm,拯救农民的土地
http://www.4399.com/flash/214264.htm,北极熊逃脱
http://www.4399.com/flash/214262.htm,救援卡通洋葱
http://www.4399.com/flash/214261.htm,救援高兴的蟾蜍
http://www.4399.com/flash/214260.htm,逃离粉色小屋
http://www.4399.com/flash/214259.htm,救援狂喜的猴子
http://www.4399.com/flash/214258.htm,逃离简易房屋22
http://www.4399.com/flash/214257.htm,赌徒逃跑
http://www.4399.com/flash/214255.htm,小河马逃跑
http://www.4399.com/flash/214253.htm,寻房子的钥匙
http://www.4399.com/flash/214251.htm,欢乐黑猩猩逃脱
http://www.4399.com/flash/214244.htm,逃离无人休闲滩
http://www.4399.com/flash/214242.htm,海滩休闲小屋逃脱
http://www.4399.com/flash/214241.htm,无人办公室逃生
http://www.4399.com/flash/214235.htm,逃离绿色植物公园
http://www.4399.com/flash/214234.htm,逃离女歌手的家
http://www.4399.com/flash/214232.htm,逃出封闭小房间5
http://www.4399.com/flash/214231.htm,困在向日葵田的蜜蜂
http://www.4399.com/flash/214230.htm,救援惊人的小狗
http://www.4399.com/flash/214228.htm,城堡屋内逃生
http://www.4399.com/flash/214227.htm,逃出旅行住宿之地
http://www.4399.com/flash/214220.htm,地下洞内逃脱
http://www.4399.com/flash/214219.htm,村舍逃脱
http://www.4399.com/flash/214218.htm,女运动员逃脱
http://www.4399.com/flash/214217.htm,河流森林乐园逃脱
http://www.4399.com/flash/214216.htm,自然森林逃离
http://www.4399.com/flash/214215.htm,拯救被困的袋鼠
http://www.4399.com/flash/214214.htm,寻找金鸟雕像
http://www.4399.com/flash/214210.htm,逃离废弃的动物园
http://www.4399.com/flash/1382.htm,宠物连连看2.5版
http://www.4399.com/flash/12669.htm,果蔬连连看
http://www.4399.com/flash/17801.htm,宠物连连看3.1
http://www.4399.com/flash/20660.htm,森林冰火人中文版
http://www.4399.com/flash/93551.htm,小鳄鱼爱洗澡中文版
http://www.4399.com/flash/113377.htm,森林冰火人4无敌版
http://www.4399.com/flash/10393.htm,石头连连看
http://www.4399.com/flash/79068.htm,高楼爆破3无敌版
http://www.4399.com/flash/853.htm,五子连珠
http://www.4399.com/flash/17403.htm,青蛙祖玛
http://www.4399.com/flash/57474.htm,蝴蝶连连看
http://www.4399.com/flash/4781.htm,花花连连看
http://www.4399.com/flash/136516.htm,消灭星星豪华版
http://www.4399.com/flash/54423.htm,4399打豆豆
http://www.4399.com/flash/2231.htm,宠物连连看2.6
http://www.4399.com/flash/63033.htm,森林冰火人双人迷宫
http://www.4399.com/flash/68259.htm,河马饲养员
http://www.4399.com/flash/106202.htm,消灭星星中文版
http://www.4399.com/flash/62002.htm,疯狂过山车2
http://www.4399.com/flash/100125.htm,装载卡车4
http://www.4399.com/flash/131178.htm,帮鸟儿解冻3
http://www.4399.com/flash/106933.htm,坏蛋冰淇淋2无敌版
http://www.4399.com/flash/171900.htm,装载卡车5
http://www.4399.com/flash/147327.htm,亚当找夏娃3
http://www.4399.com/flash/10919.htm,宠物连连看3.0版
http://www.4399.com/flash/71760.htm,小婴儿逃出系列3
http://www.4399.com/flash/156918.htm,坏小孩回家4
http://www.4399.com/flash/37529.htm,小火车过隧道无敌版
http://www.4399.com/flash/50350.htm,唤醒嗜睡的小人
http://www.4399.com/flash/41285.htm,朵拉的迷你高尔夫
http://www.4399.com/flash/130836.htm,消你妹
http://www.4399.com/flash/128302.htm,消灭星星3电脑版
http://www.4399.com/flash/103266.htm,炮兵突击
http://www.4399.com/flash/96689.htm,愤怒的小鸟太空版HD
http://www.4399.com/flash/57317.htm,激光炮轰小怪2
http://www.4399.com/flash/4782.htm,汽车标志连连看
http://www.4399.com/flash/89614.htm,托马斯过河
http://www.4399.com/flash/88882.htm,海绵宝宝3D大富翁2
http://www.4399.com/flash/138881.htm,激光炮轰小怪3加强版
http://www.4399.com/flash/21223.htm,小球进洞
http://www.4399.com/flash/89107.htm,黑太狼吃羊2
http://www.4399.com/flash/152489.htm,史上最贱小游戏之体育
http://www.4399.com/flash/80211.htm,中国熊猫2无敌版
http://www.4399.com/flash/92102.htm,连连看3.1原版
http://www.4399.com/flash/76887.htm,宠物连连看可爱版
http://www.4399.com/flash/66922.htm,亚当找夏娃中文版
http://www.4399.com/flash/65959.htm,高楼爆破无敌版
http://www.4399.com/flash/34726.htm,4399水果连连看
http://www.4399.com/flash/47634.htm,让子弹飞
http://www.4399.com/flash/122189.htm,史上最贱小游戏3
http://www.4399.com/flash/184591.htm,捣蛋猪HD8.0
http://www.4399.com/flash/50306.htm,奇妙水世界
http://www.4399.com/flash/143168.htm,手纸没有了
http://www.4399.com/flash/79452.htm,森林冰火人3
http://www.4399.com/flash/73311.htm,破蛋专家
http://www.4399.com/flash/92953.htm,逗小猴开心7
http://www.4399.com/flash/132546.htm,亚当找夏娃2
http://www.4399.com/flash/80972.htm,宠物连连看经典版2
http://www.4399.com/flash/138976.htm,盗金父子
http://www.4399.com/flash/69774.htm,高楼爆破2无敌版
http://www.4399.com/flash/42075.htm,光头小子找出口
http://www.4399.com/flash/86544.htm,鸡蛋大逃亡2
http://www.4399.com/flash/30543.htm,小婴儿逃出系列1
http://www.4399.com/flash/63828.htm,红球与绿球
http://www.4399.com/flash/106849.htm,坏蛋冰淇淋2
http://www.4399.com/flash/41483.htm,装载卡车
http://www.4399.com/flash/16395.htm,小婴儿逃出系列2
http://www.4399.com/flash/158011.htm,小汽车的英雄梦
http://www.4399.com/flash/73122.htm,装载卡车3
http://www.4399.com/flash/102581.htm,帮鸟儿解冻
http://www.4399.com/flash/33249.htm,帮小狗取手绢
http://www.4399.com/flash/9840.htm,在线弹钢琴
http://www.4399.com/flash/78828.htm,益智乐高2中文版
http://www.4399.com/flash/35965.htm,直升机打气球
http://www.4399.com/flash/92108.htm,连连看原版
http://www.4399.com/flash/97275.htm,3D旋转麻将连连看
http://www.4399.com/flash/46428.htm,空姐阿Sue
http://www.4399.com/flash/24571.htm,宠物连连看3.1无敌版
http://www.4399.com/flash/8670.htm,宠物连连看特别版
http://www.4399.com/flash/50909.htm,植物战僵尸3D连连看
http://www.4399.com/flash/27265.htm,火柴人逃狱记
http://www.4399.com/flash/157666.htm,史上最贱小游戏13
http://www.4399.com/flash/113790.htm,找你妹正式版
http://www.4399.com/flash/123789.htm,恐龙觅食
http://www.4399.com/flash/128952.htm,坏蛋冰淇淋3
http://www.4399.com/flash/48349.htm,爱吃水果的虫子
http://www.4399.com/flash/1244.htm,红孩儿连连看
http://www.4399.com/flash/152162.htm,盗金父子2
http://www.4399.com/flash/8954.htm,阿sue家做客
http://www.4399.com/flash/142569.htm,一把火
http://www.4399.com/flash/91402.htm,保护橙子增强版3
http://www.4399.com/flash/56745.htm,动画师和动画
http://www.4399.com/flash/117146.htm,火柴人智闯飞艇
http://www.4399.com/flash/1287.htm,新麻雀连连看
http://www.4399.com/flash/134715.htm,捣蛋猪HD3.8
http://www.4399.com/flash/62725.htm,蜗牛鲍勃2中文版
http://www.4399.com/flash/123611.htm,小汽车的爱情梦
http://www.4399.com/flash/135633.htm,糖果去哪儿了2
http://www.4399.com/flash/151340.htm,熊猫逃生记之日本
http://www.4399.com/flash/214209.htm,逃离黑暗之林
http://www.4399.com/flash/214207.htm,逃离经典之家
http://www.4399.com/flash/214206.htm,困在井底的女孩
http://www.4399.com/flash/214204.htm,救援小战士
http://www.4399.com/flash/214203.htm,逃离空旷的田野
http://www.4399.com/flash/214190.htm,逃离荒废的大学
http://www.4399.com/flash/214189.htm,救援受困的工程师
http://www.4399.com/flash/214188.htm,逃离荒废的餐厅
http://www.4399.com/flash/214187.htm,逃离现代厨房
http://www.4399.com/flash/214186.htm,丢失的豪华椅子
http://www.4399.com/flash/214185.htm,梦幻森林大逃脱
http://www.4399.com/flash/214184.htm,可爱生物逃脱
http://www.4399.com/flash/214180.htm,救援棕色的老鼠
http://www.4399.com/flash/214179.htm,逃离严寒之森
http://www.4399.com/flash/214178.htm,逃离荒山野岭
http://www.4399.com/flash/214176.htm,救援小雏鸡
http://www.4399.com/flash/214175.htm,救援快乐的蜂王
http://www.4399.com/flash/214170.htm,演员逃脱
http://www.4399.com/flash/214169.htm,雪屋救援
http://www.4399.com/flash/214167.htm,灌木林逃生
http://www.4399.com/flash/214164.htm,丢失的宠物
http://www.4399.com/flash/214159.htm,高兴的小猴子逃脱
http://www.4399.com/flash/214152.htm,逃离简易房屋21
http://www.4399.com/flash/214151.htm,逃离海滩公路
http://www.4399.com/flash/214150.htm,救援小巨嘴鸟
http://www.4399.com/flash/214149.htm,寻找对戒
http://www.4399.com/flash/214148.htm,救援家猫
http://www.4399.com/flash/214147.htm,丢失的客票
http://www.4399.com/flash/214141.htm,逃离农民的家2
http://www.4399.com/flash/214136.htm,保健院逃走
http://www.4399.com/flash/214135.htm,魔法森林脱困
http://www.4399.com/flash/214134.htm,嗜睡犀牛逃脱
http://www.4399.com/flash/214133.htm,诡异火车站逃脱
http://www.4399.com/flash/214132.htm,逃出遗弃的城市
http://www.4399.com/flash/214131.htm,甜蜜房屋乐趣逃脱
http://www.4399.com/flash/214124.htm,救援可爱的白兔
http://www.4399.com/flash/214123.htm,逃离欢乐的房子
http://www.4399.com/flash/214121.htm,救援冠军犬
http://www.4399.com/flash/214120.htm,梦幻水晶洞逃脱
http://www.4399.com/flash/214119.htm,救援狂喜的蜜蜂
http://www.4399.com/flash/214118.htm,逃离复式公寓
http://www.4399.com/flash/214117.htm,逃出森林屋
http://www.4399.com/flash/214114.htm,逃出阳光海滩
http://www.4399.com/flash/214110.htm,汽车旅馆大逃脱
http://www.4399.com/flash/214106.htm,逃出封闭小房间3
http://www.4399.com/flash/214103.htm,逃离黄色公寓
http://www.4399.com/flash/214102.htm,救援光荣的女孩
http://www.4399.com/flash/214101.htm,救援宁静的女孩
http://www.4399.com/flash/214099.htm,逃出封闭小房间4
http://www.4399.com/flash/214092.htm,逃出娱乐棋牌室
http://www.4399.com/flash/214087.htm,逃出明亮别墅
http://www.4399.com/flash/214086.htm,金刚鹦鹉大逃脱
http://www.4399.com/flash/214084.htm,笼中鸭逃脱
http://www.4399.com/flash/214083.htm,灰狼先生逃脱
http://www.4399.com/flash/214082.htm,小花园逃脱
http://www.4399.com/flash/214081.htm,灰暗的房间大逃脱
http://www.4399.com/flash/1382.htm,宠物连连看2.5版
http://www.4399.com/flash/12669.htm,果蔬连连看
http://www.4399.com/flash/17801.htm,宠物连连看3.1
http://www.4399.com/flash/20660.htm,森林冰火人中文版
http://www.4399.com/flash/93551.htm,小鳄鱼爱洗澡中文版
http://www.4399.com/flash/113377.htm,森林冰火人4无敌版
http://www.4399.com/flash/10393.htm,石头连连看
http://www.4399.com/flash/79068.htm,高楼爆破3无敌版
http://www.4399.com/flash/853.htm,五子连珠
http://www.4399.com/flash/17403.htm,青蛙祖玛
http://www.4399.com/flash/57474.htm,蝴蝶连连看
http://www.4399.com/flash/4781.htm,花花连连看
http://www.4399.com/flash/136516.htm,消灭星星豪华版
http://www.4399.com/flash/54423.htm,4399打豆豆
http://www.4399.com/flash/2231.htm,宠物连连看2.6
http://www.4399.com/flash/63033.htm,森林冰火人双人迷宫
http://www.4399.com/flash/68259.htm,河马饲养员
http://www.4399.com/flash/106202.htm,消灭星星中文版
http://www.4399.com/flash/62002.htm,疯狂过山车2
http://www.4399.com/flash/100125.htm,装载卡车4
http://www.4399.com/flash/131178.htm,帮鸟儿解冻3
http://www.4399.com/flash/106933.htm,坏蛋冰淇淋2无敌版
http://www.4399.com/flash/171900.htm,装载卡车5
http://www.4399.com/flash/147327.htm,亚当找夏娃3
http://www.4399.com/flash/10919.htm,宠物连连看3.0版
http://www.4399.com/flash/71760.htm,小婴儿逃出系列3
http://www.4399.com/flash/156918.htm,坏小孩回家4
http://www.4399.com/flash/37529.htm,小火车过隧道无敌版
http://www.4399.com/flash/50350.htm,唤醒嗜睡的小人
http://www.4399.com/flash/41285.htm,朵拉的迷你高尔夫
http://www.4399.com/flash/130836.htm,消你妹
http://www.4399.com/flash/128302.htm,消灭星星3电脑版
http://www.4399.com/flash/103266.htm,炮兵突击
http://www.4399.com/flash/96689.htm,愤怒的小鸟太空版HD
http://www.4399.com/flash/57317.htm,激光炮轰小怪2
http://www.4399.com/flash/4782.htm,汽车标志连连看
http://www.4399.com/flash/89614.htm,托马斯过河
http://www.4399.com/flash/88882.htm,海绵宝宝3D大富翁2
http://www.4399.com/flash/138881.htm,激光炮轰小怪3加强版
http://www.4399.com/flash/21223.htm,小球进洞
http://www.4399.com/flash/89107.htm,黑太狼吃羊2
http://www.4399.com/flash/152489.htm,史上最贱小游戏之体育
http://www.4399.com/flash/80211.htm,中国熊猫2无敌版
http://www.4399.com/flash/92102.htm,连连看3.1原版
http://www.4399.com/flash/76887.htm,宠物连连看可爱版
http://www.4399.com/flash/66922.htm,亚当找夏娃中文版
http://www.4399.com/flash/65959.htm,高楼爆破无敌版
http://www.4399.com/flash/34726.htm,4399水果连连看
http://www.4399.com/flash/47634.htm,让子弹飞
http://www.4399.com/flash/122189.htm,史上最贱小游戏3
http://www.4399.com/flash/184591.htm,捣蛋猪HD8.0
http://www.4399.com/flash/50306.htm,奇妙水世界
http://www.4399.com/flash/143168.htm,手纸没有了
http://www.4399.com/flash/79452.htm,森林冰火人3
http://www.4399.com/flash/73311.htm,破蛋专家
http://www.4399.com/flash/92953.htm,逗小猴开心7
http://www.4399.com/flash/132546.htm,亚当找夏娃2
http://www.4399.com/flash/80972.htm,宠物连连看经典版2
http://www.4399.com/flash/138976.htm,盗金父子
http://www.4399.com/flash/69774.htm,高楼爆破2无敌版
http://www.4399.com/flash/42075.htm,光头小子找出口
http://www.4399.com/flash/86544.htm,鸡蛋大逃亡2
http://www.4399.com/flash/30543.htm,小婴儿逃出系列1
http://www.4399.com/flash/63828.htm,红球与绿球
http://www.4399.com/flash/106849.htm,坏蛋冰淇淋2
http://www.4399.com/flash/41483.htm,装载卡车
http://www.4399.com/flash/16395.htm,小婴儿逃出系列2
http://www.4399.com/flash/158011.htm,小汽车的英雄梦
http://www.4399.com/flash/73122.htm,装载卡车3
http://www.4399.com/flash/102581.htm,帮鸟儿解冻
http://www.4399.com/flash/33249.htm,帮小狗取手绢
http://www.4399.com/flash/9840.htm,在线弹钢琴
http://www.4399.com/flash/78828.htm,益智乐高2中文版
http://www.4399.com/flash/35965.htm,直升机打气球
http://www.4399.com/flash/92108.htm,连连看原版
http://www.4399.com/flash/97275.htm,3D旋转麻将连连看
http://www.4399.com/flash/46428.htm,空姐阿Sue
http://www.4399.com/flash/24571.htm,宠物连连看3.1无敌版
http://www.4399.com/flash/8670.htm,宠物连连看特别版
http://www.4399.com/flash/50909.htm,植物战僵尸3D连连看
http://www.4399.com/flash/27265.htm,火柴人逃狱记
http://www.4399.com/flash/157666.htm,史上最贱小游戏13
http://www.4399.com/flash/113790.htm,找你妹正式版
http://www.4399.com/flash/123789.htm,恐龙觅食
http://www.4399.com/flash/128952.htm,坏蛋冰淇淋3
http://www.4399.com/flash/48349.htm,爱吃水果的虫子
http://www.4399.com/flash/1244.htm,红孩儿连连看
http://www.4399.com/flash/152162.htm,盗金父子2
http://www.4399.com/flash/8954.htm,阿sue家做客
http://www.4399.com/flash/142569.htm,一把火
http://www.4399.com/flash/91402.htm,保护橙子增强版3
http://www.4399.com/flash/56745.htm,动画师和动画
http://www.4399.com/flash/117146.htm,火柴人智闯飞艇
http://www.4399.com/flash/1287.htm,新麻雀连连看
http://www.4399.com/flash/134715.htm,捣蛋猪HD3.8
http://www.4399.com/flash/62725.htm,蜗牛鲍勃2中文版
http://www.4399.com/flash/123611.htm,小汽车的爱情梦
http://www.4399.com/flash/135633.htm,糖果去哪儿了2
http://www.4399.com/flash/151340.htm,熊猫逃生记之日本
http://www.4399.com/flash/214075.htm,数学家逃脱
http://www.4399.com/flash/214073.htm,远古丛林逃脱
http://www.4399.com/flash/214071.htm,救援未知小生物
http://www.4399.com/flash/214070.htm,救援农舍小猪
http://www.4399.com/flash/214069.htm,机灵松鼠逃脱
http://www.4399.com/flash/214068.htm,逃离休闲会议厅
http://www.4399.com/flash/214066.htm,农夫逃跑
http://www.4399.com/flash/214065.htm,救援勇敢的少年
http://www.4399.com/flash/214063.htm,寻找白色轿车
http://www.4399.com/flash/214056.htm,寻出口脱困
http://www.4399.com/flash/214055.htm,逃出朋友的家
http://www.4399.com/flash/214053.htm,粉红猪猪逃脱
http://www.4399.com/flash/214052.htm,宴会厅娱乐室逃脱
http://www.4399.com/flash/214051.htm,美世大厦逃脱
http://www.4399.com/flash/214050.htm,梦幻花屋逃脱
http://www.4399.com/flash/214049.htm,强壮小狮子逃脱
http://www.4399.com/flash/214048.htm,农民的积蓄
http://www.4399.com/flash/214045.htm,遗失的日记
http://www.4399.com/flash/214044.htm,救援嘟嘟鸟
http://www.4399.com/flash/214043.htm,救援青蟹
http://www.4399.com/flash/214029.htm,喜悦的小丑逃脱
http://www.4399.com/flash/214028.htm,逃出精致商品房
http://www.4399.com/flash/214022.htm,酷酷男孩逃脱
http://www.4399.com/flash/214021.htm,烈狮逃脱
http://www.4399.com/flash/214020.htm,废弃游乐场逃脱
http://www.4399.com/flash/214019.htm,金字塔逃离者17
http://www.4399.com/flash/214018.htm,传统客厅逃脱
http://www.4399.com/flash/214017.htm,逃出游戏房屋
http://www.4399.com/flash/214013.htm,逃离电梯之中
http://www.4399.com/flash/213999.htm,果林逃脱
http://www.4399.com/flash/213998.htm,客房大逃脱
http://www.4399.com/flash/213995.htm,寻找黄金船锚
http://www.4399.com/flash/213994.htm,奇山逃脱
http://www.4399.com/flash/213990.htm,绿林游乐区逃脱
http://www.4399.com/flash/213985.htm,金字塔逃离者16
http://www.4399.com/flash/213984.htm,救援多情的狮子
http://www.4399.com/flash/213982.htm,逃出废弃木屋2
http://www.4399.com/flash/213980.htm,酒店大堂快逃脱
http://www.4399.com/flash/213978.htm,中世纪城堡大逃脱
http://www.4399.com/flash/213976.htm,可爱大象大逃脱
http://www.4399.com/flash/213974.htm,救助村中小羊
http://www.4399.com/flash/213972.htm,逃出封闭小房间8
http://www.4399.com/flash/213962.htm,逃离雪糕酒吧
http://www.4399.com/flash/213961.htm,魅力小狗逃脱
http://www.4399.com/flash/213960.htm,救援欢欣鼓舞的女孩
http://www.4399.com/flash/213959.htm,救援小狮子
http://www.4399.com/flash/213958.htm,营救小学生
http://www.4399.com/flash/213957.htm,逃离宝石帝国
http://www.4399.com/flash/213956.htm,逃出昏暗的房屋
http://www.4399.com/flash/213955.htm,海滩公园逃生
http://www.4399.com/flash/213954.htm,逃离蔓越莓小屋
http://www.4399.com/flash/213953.htm,可爱的海龟逃走
http://www.4399.com/flash/213949.htm,逃出花卉之园
http://www.4399.com/flash/213937.htm,逃离阳光森林
http://www.4399.com/flash/213936.htm,逃离地下密道
http://www.4399.com/flash/213935.htm,救援绵羊与羔羊
http://www.4399.com/flash/1382.htm,宠物连连看2.5版
http://www.4399.com/flash/12669.htm,果蔬连连看
http://www.4399.com/flash/17801.htm,宠物连连看3.1
http://www.4399.com/flash/20660.htm,森林冰火人中文版
http://www.4399.com/flash/93551.htm,小鳄鱼爱洗澡中文版
http://www.4399.com/flash/113377.htm,森林冰火人4无敌版
http://www.4399.com/flash/10393.htm,石头连连看
http://www.4399.com/flash/79068.htm,高楼爆破3无敌版
http://www.4399.com/flash/853.htm,五子连珠
http://www.4399.com/flash/17403.htm,青蛙祖玛
http://www.4399.com/flash/57474.htm,蝴蝶连连看
http://www.4399.com/flash/4781.htm,花花连连看
http://www.4399.com/flash/136516.htm,消灭星星豪华版
http://www.4399.com/flash/54423.htm,4399打豆豆
http://www.4399.com/flash/2231.htm,宠物连连看2.6
http://www.4399.com/flash/63033.htm,森林冰火人双人迷宫
http://www.4399.com/flash/68259.htm,河马饲养员
http://www.4399.com/flash/106202.htm,消灭星星中文版
http://www.4399.com/flash/62002.htm,疯狂过山车2
http://www.4399.com/flash/100125.htm,装载卡车4
http://www.4399.com/flash/131178.htm,帮鸟儿解冻3
http://www.4399.com/flash/106933.htm,坏蛋冰淇淋2无敌版
http://www.4399.com/flash/171900.htm,装载卡车5
http://www.4399.com/flash/147327.htm,亚当找夏娃3
http://www.4399.com/flash/10919.htm,宠物连连看3.0版
http://www.4399.com/flash/71760.htm,小婴儿逃出系列3
http://www.4399.com/flash/156918.htm,坏小孩回家4
http://www.4399.com/flash/37529.htm,小火车过隧道无敌版
http://www.4399.com/flash/50350.htm,唤醒嗜睡的小人
http://www.4399.com/flash/41285.htm,朵拉的迷你高尔夫
http://www.4399.com/flash/130836.htm,消你妹
http://www.4399.com/flash/128302.htm,消灭星星3电脑版
http://www.4399.com/flash/103266.htm,炮兵突击
http://www.4399.com/flash/96689.htm,愤怒的小鸟太空版HD
http://www.4399.com/flash/57317.htm,激光炮轰小怪2
http://www.4399.com/flash/4782.htm,汽车标志连连看
http://www.4399.com/flash/89614.htm,托马斯过河
http://www.4399.com/flash/88882.htm,海绵宝宝3D大富翁2
http://www.4399.com/flash/138881.htm,激光炮轰小怪3加强版
http://www.4399.com/flash/21223.htm,小球进洞
http://www.4399.com/flash/89107.htm,黑太狼吃羊2
http://www.4399.com/flash/152489.htm,史上最贱小游戏之体育
http://www.4399.com/flash/80211.htm,中国熊猫2无敌版
http://www.4399.com/flash/92102.htm,连连看3.1原版
http://www.4399.com/flash/76887.htm,宠物连连看可爱版
http://www.4399.com/flash/66922.htm,亚当找夏娃中文版
http://www.4399.com/flash/65959.htm,高楼爆破无敌版
http://www.4399.com/flash/34726.htm,4399水果连连看
http://www.4399.com/flash/47634.htm,让子弹飞
http://www.4399.com/flash/122189.htm,史上最贱小游戏3
http://www.4399.com/flash/184591.htm,捣蛋猪HD8.0
http://www.4399.com/flash/50306.htm,奇妙水世界
http://www.4399.com/flash/143168.htm,手纸没有了
http://www.4399.com/flash/79452.htm,森林冰火人3
http://www.4399.com/flash/73311.htm,破蛋专家
http://www.4399.com/flash/92953.htm,逗小猴开心7
http://www.4399.com/flash/132546.htm,亚当找夏娃2
http://www.4399.com/flash/80972.htm,宠物连连看经典版2
http://www.4399.com/flash/138976.htm,盗金父子
http://www.4399.com/flash/69774.htm,高楼爆破2无敌版
http://www.4399.com/flash/42075.htm,光头小子找出口
http://www.4399.com/flash/86544.htm,鸡蛋大逃亡2
http://www.4399.com/flash/30543.htm,小婴儿逃出系列1
http://www.4399.com/flash/63828.htm,红球与绿球
http://www.4399.com/flash/106849.htm,坏蛋冰淇淋2
http://www.4399.com/flash/41483.htm,装载卡车
http://www.4399.com/flash/16395.htm,小婴儿逃出系列2
http://www.4399.com/flash/158011.htm,小汽车的英雄梦
http://www.4399.com/flash/73122.htm,装载卡车3
http://www.4399.com/flash/102581.htm,帮鸟儿解冻
http://www.4399.com/flash/33249.htm,帮小狗取手绢
http://www.4399.com/flash/9840.htm,在线弹钢琴
http://www.4399.com/flash/78828.htm,益智乐高2中文版
http://www.4399.com/flash/35965.htm,直升机打气球
http://www.4399.com/flash/92108.htm,连连看原版
http://www.4399.com/flash/97275.htm,3D旋转麻将连连看
http://www.4399.com/flash/46428.htm,空姐阿Sue
http://www.4399.com/flash/24571.htm,宠物连连看3.1无敌版
http://www.4399.com/flash/8670.htm,宠物连连看特别版
http://www.4399.com/flash/50909.htm,植物战僵尸3D连连看
http://www.4399.com/flash/27265.htm,火柴人逃狱记
http://www.4399.com/flash/157666.htm,史上最贱小游戏13
http://www.4399.com/flash/113790.htm,找你妹正式版
http://www.4399.com/flash/123789.htm,恐龙觅食
http://www.4399.com/flash/128952.htm,坏蛋冰淇淋3
http://www.4399.com/flash/48349.htm,爱吃水果的虫子
http://www.4399.com/flash/1244.htm,红孩儿连连看
http://www.4399.com/flash/152162.htm,盗金父子2
http://www.4399.com/flash/8954.htm,阿sue家做客
http://www.4399.com/flash/142569.htm,一把火
http://www.4399.com/flash/91402.htm,保护橙子增强版3
http://www.4399.com/flash/56745.htm,动画师和动画
http://www.4399.com/flash/117146.htm,火柴人智闯飞艇
http://www.4399.com/flash/1287.htm,新麻雀连连看
http://www.4399.com/flash/134715.htm,捣蛋猪HD3.8
http://www.4399.com/flash/62725.htm,蜗牛鲍勃2中文版
http://www.4399.com/flash/123611.htm,小汽车的爱情梦
http://www.4399.com/flash/135633.htm,糖果去哪儿了2
http://www.4399.com/flash/151340.htm,熊猫逃生记之日本
http://www.4399.com/flash/213927.htm,救援微笑女孩
http://www.4399.com/flash/213926.htm,逃离老鼠城
http://www.4399.com/flash/213925.htm,斑点小狗逃脱
http://www.4399.com/flash/213917.htm,国外小女孩逃脱
http://www.4399.com/flash/213916.htm,玩具室大逃脱
http://www.4399.com/flash/213915.htm,奶酪老鼠逃走
http://www.4399.com/flash/213914.htm,漂亮的黄房子逃跑
http://www.4399.com/flash/213913.htm,皇家马匹逃脱
http://www.4399.com/flash/213912.htm,可怜猴子逃脱
http://www.4399.com/flash/213911.htm,宝藏室逃跑
http://www.4399.com/flash/213910.htm,寻找座机电话
http://www.4399.com/flash/213909.htm,梦幻海滩逃脱
http://www.4399.com/flash/213907.htm,逃离爱笑女孩的家
http://www.4399.com/flash/213905.htm,救援机车女孩
http://www.4399.com/flash/213902.htm,救援呆萌的生物
http://www.4399.com/flash/213901.htm,逃离推杆球场
http://www.4399.com/flash/213898.htm,救援土著女孩
http://www.4399.com/flash/213897.htm,逃离白色房屋
http://www.4399.com/flash/213895.htm,逃离阿星女友的卧室
http://www.4399.com/flash/213887.htm,愉悦的男孩逃脱
http://www.4399.com/flash/213886.htm,古董魔法城堡逃脱
http://www.4399.com/flash/213884.htm,废弃主题公园逃生
http://www.4399.com/flash/213883.htm,救援仙马
http://www.4399.com/flash/213882.htm,逃离古典屋
http://www.4399.com/flash/213881.htm,救援主厨
http://www.4399.com/flash/213880.htm,逃离幻想海底
http://www.4399.com/flash/213879.htm,员工室逃生
http://www.4399.com/flash/213875.htm,逃出大自然景观地
http://www.4399.com/flash/213873.htm,火鸡小镇逃脱
http://www.4399.com/flash/213872.htm,逃离空旷的房屋
http://www.4399.com/flash/213871.htm,士兵洞穴逃跑
http://www.4399.com/flash/213870.htm,逃出阿星的办公室
http://www.4399.com/flash/213868.htm,逃离孤独的小岛
http://www.4399.com/flash/213859.htm,废弃空房间逃生
http://www.4399.com/flash/213857.htm,创意趣味小屋逃脱
http://www.4399.com/flash/213854.htm,警卫逃跑
http://www.4399.com/flash/213853.htm,忧郁女孩房间逃脱
http://www.4399.com/flash/213852.htm,营救小屋中的女孩
http://www.4399.com/flash/213851.htm,寻找我的玩具熊
http://www.4399.com/flash/213850.htm,寻找塑胶小黄鸭
http://www.4399.com/flash/213848.htm,小女孩救援队
http://www.4399.com/flash/213847.htm,挂钩
http://www.4399.com/flash/213846.htm,机械室逃生
http://www.4399.com/flash/213843.htm,逃离大学公寓
http://www.4399.com/flash/213842.htm,救援滑稽的女巫
http://www.4399.com/flash/213839.htm,困在花园的猴子
http://www.4399.com/flash/213838.htm,逃离荒凉的丛林屋
http://www.4399.com/flash/213837.htm,逃离学院宿舍
http://www.4399.com/flash/213836.htm,救援贪吃的鳄鱼
http://www.4399.com/flash/213808.htm,救援小兄妹
http://www.4399.com/flash/213806.htm,救援可爱的鼹鼠
http://www.4399.com/flash/213792.htm,丢失的机器人玩具
http://www.4399.com/flash/213791.htm,复古城堡逃脱12
http://www.4399.com/flash/213790.htm,艺术男孩逃跑
http://www.4399.com/flash/213789.htm,逃出诡异之屋
http://www.4399.com/flash/213788.htm,甜甜圈店大逃脱
http://www.4399.com/flash/1382.htm,宠物连连看2.5版
http://www.4399.com/flash/12669.htm,果蔬连连看
http://www.4399.com/flash/17801.htm,宠物连连看3.1
http://www.4399.com/flash/20660.htm,森林冰火人中文版
http://www.4399.com/flash/93551.htm,小鳄鱼爱洗澡中文版
http://www.4399.com/flash/113377.htm,森林冰火人4无敌版
http://www.4399.com/flash/10393.htm,石头连连看
http://www.4399.com/flash/79068.htm,高楼爆破3无敌版
http://www.4399.com/flash/853.htm,五子连珠
http://www.4399.com/flash/17403.htm,青蛙祖玛
http://www.4399.com/flash/57474.htm,蝴蝶连连看
http://www.4399.com/flash/4781.htm,花花连连看
http://www.4399.com/flash/136516.htm,消灭星星豪华版
http://www.4399.com/flash/54423.htm,4399打豆豆
http://www.4399.com/flash/2231.htm,宠物连连看2.6
http://www.4399.com/flash/63033.htm,森林冰火人双人迷宫
http://www.4399.com/flash/68259.htm,河马饲养员
http://www.4399.com/flash/106202.htm,消灭星星中文版
http://www.4399.com/flash/62002.htm,疯狂过山车2
http://www.4399.com/flash/100125.htm,装载卡车4
http://www.4399.com/flash/131178.htm,帮鸟儿解冻3
http://www.4399.com/flash/106933.htm,坏蛋冰淇淋2无敌版
http://www.4399.com/flash/171900.htm,装载卡车5
http://www.4399.com/flash/147327.htm,亚当找夏娃3
http://www.4399.com/flash/10919.htm,宠物连连看3.0版
http://www.4399.com/flash/71760.htm,小婴儿逃出系列3
http://www.4399.com/flash/156918.htm,坏小孩回家4
http://www.4399.com/flash/37529.htm,小火车过隧道无敌版
http://www.4399.com/flash/50350.htm,唤醒嗜睡的小人
http://www.4399.com/flash/41285.htm,朵拉的迷你高尔夫
http://www.4399.com/flash/130836.htm,消你妹
http://www.4399.com/flash/128302.htm,消灭星星3电脑版
http://www.4399.com/flash/103266.htm,炮兵突击
http://www.4399.com/flash/96689.htm,愤怒的小鸟太空版HD
http://www.4399.com/flash/57317.htm,激光炮轰小怪2
http://www.4399.com/flash/4782.htm,汽车标志连连看
http://www.4399.com/flash/89614.htm,托马斯过河
http://www.4399.com/flash/88882.htm,海绵宝宝3D大富翁2
http://www.4399.com/flash/138881.htm,激光炮轰小怪3加强版
http://www.4399.com/flash/21223.htm,小球进洞
http://www.4399.com/flash/89107.htm,黑太狼吃羊2
http://www.4399.com/flash/152489.htm,史上最贱小游戏之体育
http://www.4399.com/flash/80211.htm,中国熊猫2无敌版
http://www.4399.com/flash/92102.htm,连连看3.1原版
http://www.4399.com/flash/76887.htm,宠物连连看可爱版
http://www.4399.com/flash/66922.htm,亚当找夏娃中文版
http://www.4399.com/flash/65959.htm,高楼爆破无敌版
http://www.4399.com/flash/34726.htm,4399水果连连看
http://www.4399.com/flash/47634.htm,让子弹飞
http://www.4399.com/flash/122189.htm,史上最贱小游戏3
http://www.4399.com/flash/184591.htm,捣蛋猪HD8.0
http://www.4399.com/flash/50306.htm,奇妙水世界
http://www.4399.com/flash/143168.htm,手纸没有了
http://www.4399.com/flash/79452.htm,森林冰火人3
http://www.4399.com/flash/73311.htm,破蛋专家
http://www.4399.com/flash/92953.htm,逗小猴开心7
http://www.4399.com/flash/132546.htm,亚当找夏娃2
http://www.4399.com/flash/80972.htm,宠物连连看经典版2
http://www.4399.com/flash/138976.htm,盗金父子
http://www.4399.com/flash/69774.htm,高楼爆破2无敌版
http://www.4399.com/flash/42075.htm,光头小子找出口
http://www.4399.com/flash/86544.htm,鸡蛋大逃亡2
http://www.4399.com/flash/30543.htm,小婴儿逃出系列1
http://www.4399.com/flash/63828.htm,红球与绿球
http://www.4399.com/flash/106849.htm,坏蛋冰淇淋2
http://www.4399.com/flash/41483.htm,装载卡车
http://www.4399.com/flash/16395.htm,小婴儿逃出系列2
http://www.4399.com/flash/158011.htm,小汽车的英雄梦
http://www.4399.com/flash/73122.htm,装载卡车3
http://www.4399.com/flash/102581.htm,帮鸟儿解冻
http://www.4399.com/flash/33249.htm,帮小狗取手绢
http://www.4399.com/flash/9840.htm,在线弹钢琴
http://www.4399.com/flash/78828.htm,益智乐高2中文版
http://www.4399.com/flash/35965.htm,直升机打气球
http://www.4399.com/flash/92108.htm,连连看原版
http://www.4399.com/flash/97275.htm,3D旋转麻将连连看
http://www.4399.com/flash/46428.htm,空姐阿Sue
http://www.4399.com/flash/24571.htm,宠物连连看3.1无敌版
http://www.4399.com/flash/8670.htm,宠物连连看特别版
http://www.4399.com/flash/50909.htm,植物战僵尸3D连连看
http://www.4399.com/flash/27265.htm,火柴人逃狱记
http://www.4399.com/flash/157666.htm,史上最贱小游戏13
http://www.4399.com/flash/113790.htm,找你妹正式版
http://www.4399.com/flash/123789.htm,恐龙觅食
http://www.4399.com/flash/128952.htm,坏蛋冰淇淋3
http://www.4399.com/flash/48349.htm,爱吃水果的虫子
http://www.4399.com/flash/1244.htm,红孩儿连连看
http://www.4399.com/flash/152162.htm,盗金父子2
http://www.4399.com/flash/8954.htm,阿sue家做客
http://www.4399.com/flash/142569.htm,一把火
http://www.4399.com/flash/91402.htm,保护橙子增强版3
http://www.4399.com/flash/56745.htm,动画师和动画
http://www.4399.com/flash/117146.htm,火柴人智闯飞艇
http://www.4399.com/flash/1287.htm,新麻雀连连看
http://www.4399.com/flash/134715.htm,捣蛋猪HD3.8
http://www.4399.com/flash/62725.htm,蜗牛鲍勃2中文版
http://www.4399.com/flash/123611.htm,小汽车的爱情梦
http://www.4399.com/flash/135633.htm,糖果去哪儿了2
http://www.4399.com/flash/151340.htm,熊猫逃生记之日本
http://www.4399.com/flash/213784.htm,海狮大逃脱
http://www.4399.com/flash/213783.htm,山林大逃脱
http://www.4399.com/flash/213782.htm,蓝色生物逃脱
http://www.4399.com/flash/213780.htm,河鳄逃脱
http://www.4399.com/flash/213777.htm,哈巴狗逃走
http://www.4399.com/flash/213768.htm,救援可爱的黑猫
http://www.4399.com/flash/213766.htm,救援纤细的男孩
http://www.4399.com/flash/213765.htm,救援矮胖的小猪
http://www.4399.com/flash/213763.htm,逃离富丽堂皇的房子
http://www.4399.com/flash/213761.htm,逃离农舍小屋
http://www.4399.com/flash/213759.htm,逃离洗衣房屋
http://www.4399.com/flash/213754.htm,寻找士兵玩具
http://www.4399.com/flash/213752.htm,寻找丢失的娃娃
http://www.4399.com/flash/213751.htm,逃离简易房屋19
http://www.4399.com/flash/213749.htm,地下住宅逃脱
http://www.4399.com/flash/213748.htm,徒步男孩森林逃脱
http://www.4399.com/flash/213741.htm,救援时尚金发女郎
http://www.4399.com/flash/213739.htm,救援蝴蝶姑娘
http://www.4399.com/flash/213738.htm,救援吃草的牛
http://www.4399.com/flash/213737.htm,逃离会议室
http://www.4399.com/flash/213733.htm,救援戴渔帽的女子
http://www.4399.com/flash/213732.htm,逃离热带岛屿
http://www.4399.com/flash/213725.htm,音乐家男孩逃跑
http://www.4399.com/flash/213720.htm,拯救迷路奶奶
http://www.4399.com/flash/213719.htm,寻找粉色吉他
http://www.4399.com/flash/213717.htm,拯救小狗窝
http://www.4399.com/flash/213716.htm,沙漠秃鹫逃脱
http://www.4399.com/flash/213715.htm,废弃木屋大逃脱
http://www.4399.com/flash/213713.htm,黄色小鸡逃跑
http://www.4399.com/flash/213712.htm,葡萄园逃生
http://www.4399.com/flash/213710.htm,虎装女孩逃跑
http://www.4399.com/flash/213708.htm,孤独沙漠逃脱
http://www.4399.com/flash/213706.htm,逃离瑜伽室
http://www.4399.com/flash/213705.htm,拯救白虎
http://www.4399.com/flash/213704.htm,逃出别墅度假村
http://www.4399.com/flash/213703.htm,逃离地下矿区
http://www.4399.com/flash/213685.htm,牧羊犬逃跑
http://www.4399.com/flash/213684.htm,石龙子山逃脱
http://www.4399.com/flash/213682.htm,营救孤独老人
http://www.4399.com/flash/213680.htm,绿蟾蜍逃脱
http://www.4399.com/flash/213678.htm,逃离空城
http://www.4399.com/flash/213677.htm,救援音乐家兔子
http://www.4399.com/flash/213676.htm,救援快乐的少年
http://www.4399.com/flash/213662.htm,样板房逃脱
http://www.4399.com/flash/213661.htm,逃出丛林深处
http://www.4399.com/flash/213659.htm,受损房屋逃脱
http://www.4399.com/flash/213658.htm,清洁人员逃脱
http://www.4399.com/flash/213657.htm,小黄猫逃脱
http://www.4399.com/flash/213655.htm,树屋猴子逃脱
http://www.4399.com/flash/213651.htm,救援捕蝇人
http://www.4399.com/flash/213650.htm,逃离废弃机械场
http://www.4399.com/flash/213649.htm,救援无忧无虑的男孩
http://www.4399.com/flash/213647.htm,救援拉布拉多
http://www.4399.com/flash/213634.htm,宽敞的别墅逃脱
http://www.4399.com/flash/213633.htm,长臂猴逃脱
http://www.4399.com/flash/213632.htm,理智男孩逃跑
http://www.4399.com/flash/1382.htm,宠物连连看2.5版
http://www.4399.com/flash/12669.htm,果蔬连连看
http://www.4399.com/flash/17801.htm,宠物连连看3.1
http://www.4399.com/flash/20660.htm,森林冰火人中文版
http://www.4399.com/flash/93551.htm,小鳄鱼爱洗澡中文版
http://www.4399.com/flash/113377.htm,森林冰火人4无敌版
http://www.4399.com/flash/10393.htm,石头连连看
http://www.4399.com/flash/79068.htm,高楼爆破3无敌版
http://www.4399.com/flash/853.htm,五子连珠
http://www.4399.com/flash/17403.htm,青蛙祖玛
http://www.4399.com/flash/57474.htm,蝴蝶连连看
http://www.4399.com/flash/4781.htm,花花连连看
http://www.4399.com/flash/136516.htm,消灭星星豪华版
http://www.4399.com/flash/54423.htm,4399打豆豆
http://www.4399.com/flash/2231.htm,宠物连连看2.6
http://www.4399.com/flash/63033.htm,森林冰火人双人迷宫
http://www.4399.com/flash/68259.htm,河马饲养员
http://www.4399.com/flash/106202.htm,消灭星星中文版
http://www.4399.com/flash/62002.htm,疯狂过山车2
http://www.4399.com/flash/100125.htm,装载卡车4
http://www.4399.com/flash/131178.htm,帮鸟儿解冻3
http://www.4399.com/flash/106933.htm,坏蛋冰淇淋2无敌版
http://www.4399.com/flash/171900.htm,装载卡车5
http://www.4399.com/flash/147327.htm,亚当找夏娃3
http://www.4399.com/flash/10919.htm,宠物连连看3.0版
http://www.4399.com/flash/71760.htm,小婴儿逃出系列3
http://www.4399.com/flash/156918.htm,坏小孩回家4
http://www.4399.com/flash/37529.htm,小火车过隧道无敌版
http://www.4399.com/flash/50350.htm,唤醒嗜睡的小人
http://www.4399.com/flash/41285.htm,朵拉的迷你高尔夫
http://www.4399.com/flash/130836.htm,消你妹
http://www.4399.com/flash/128302.htm,消灭星星3电脑版
http://www.4399.com/flash/103266.htm,炮兵突击
http://www.4399.com/flash/96689.htm,愤怒的小鸟太空版HD
http://www.4399.com/flash/57317.htm,激光炮轰小怪2
http://www.4399.com/flash/4782.htm,汽车标志连连看
http://www.4399.com/flash/89614.htm,托马斯过河
http://www.4399.com/flash/88882.htm,海绵宝宝3D大富翁2
http://www.4399.com/flash/138881.htm,激光炮轰小怪3加强版
http://www.4399.com/flash/21223.htm,小球进洞
http://www.4399.com/flash/89107.htm,黑太狼吃羊2
http://www.4399.com/flash/152489.htm,史上最贱小游戏之体育
http://www.4399.com/flash/80211.htm,中国熊猫2无敌版
http://www.4399.com/flash/92102.htm,连连看3.1原版
http://www.4399.com/flash/76887.htm,宠物连连看可爱版
http://www.4399.com/flash/66922.htm,亚当找夏娃中文版
http://www.4399.com/flash/65959.htm,高楼爆破无敌版
http://www.4399.com/flash/34726.htm,4399水果连连看
http://www.4399.com/flash/47634.htm,让子弹飞
http://www.4399.com/flash/122189.htm,史上最贱小游戏3
http://www.4399.com/flash/184591.htm,捣蛋猪HD8.0
http://www.4399.com/flash/50306.htm,奇妙水世界
http://www.4399.com/flash/143168.htm,手纸没有了
http://www.4399.com/flash/79452.htm,森林冰火人3
http://www.4399.com/flash/73311.htm,破蛋专家
http://www.4399.com/flash/92953.htm,逗小猴开心7
http://www.4399.com/flash/132546.htm,亚当找夏娃2
http://www.4399.com/flash/80972.htm,宠物连连看经典版2
http://www.4399.com/flash/138976.htm,盗金父子
http://www.4399.com/flash/69774.htm,高楼爆破2无敌版
http://www.4399.com/flash/42075.htm,光头小子找出口
http://www.4399.com/flash/86544.htm,鸡蛋大逃亡2
http://www.4399.com/flash/30543.htm,小婴儿逃出系列1
http://www.4399.com/flash/63828.htm,红球与绿球
http://www.4399.com/flash/106849.htm,坏蛋冰淇淋2
http://www.4399.com/flash/41483.htm,装载卡车
http://www.4399.com/flash/16395.htm,小婴儿逃出系列2
http://www.4399.com/flash/158011.htm,小汽车的英雄梦
http://www.4399.com/flash/73122.htm,装载卡车3
http://www.4399.com/flash/102581.htm,帮鸟儿解冻
http://www.4399.com/flash/33249.htm,帮小狗取手绢
http://www.4399.com/flash/9840.htm,在线弹钢琴
http://www.4399.com/flash/78828.htm,益智乐高2中文版
http://www.4399.com/flash/35965.htm,直升机打气球
http://www.4399.com/flash/92108.htm,连连看原版
http://www.4399.com/flash/97275.htm,3D旋转麻将连连看
http://www.4399.com/flash/46428.htm,空姐阿Sue
http://www.4399.com/flash/24571.htm,宠物连连看3.1无敌版
http://www.4399.com/flash/8670.htm,宠物连连看特别版
http://www.4399.com/flash/50909.htm,植物战僵尸3D连连看
http://www.4399.com/flash/27265.htm,火柴人逃狱记
http://www.4399.com/flash/157666.htm,史上最贱小游戏13
http://www.4399.com/flash/113790.htm,找你妹正式版
http://www.4399.com/flash/123789.htm,恐龙觅食
http://www.4399.com/flash/128952.htm,坏蛋冰淇淋3
http://www.4399.com/flash/48349.htm,爱吃水果的虫子
http://www.4399.com/flash/1244.htm,红孩儿连连看
http://www.4399.com/flash/152162.htm,盗金父子2
http://www.4399.com/flash/8954.htm,阿sue家做客
http://www.4399.com/flash/142569.htm,一把火
http://www.4399.com/flash/91402.htm,保护橙子增强版3
http://www.4399.com/flash/56745.htm,动画师和动画
http://www.4399.com/flash/117146.htm,火柴人智闯飞艇
http://www.4399.com/flash/1287.htm,新麻雀连连看
http://www.4399.com/flash/134715.htm,捣蛋猪HD3.8
http://www.4399.com/flash/62725.htm,蜗牛鲍勃2中文版
http://www.4399.com/flash/123611.htm,小汽车的爱情梦
http://www.4399.com/flash/135633.htm,糖果去哪儿了2
http://www.4399.com/flash/151340.htm,熊猫逃生记之日本
http://www.4399.com/flash/213631.htm,生长树森林逃脱
http://www.4399.com/flash/213630.htm,香椿豪华屋逃生
http://www.4399.com/flash/213622.htm,逃出童话般的岛
http://www.4399.com/flash/213621.htm,救援徒步旅行者
http://www.4399.com/flash/213620.htm,秘密工厂大逃脱
http://www.4399.com/flash/213619.htm,公寓小屋大逃脱
http://www.4399.com/flash/213616.htm,救援麻雀
http://www.4399.com/flash/213614.htm,救援徒步旅行者2
http://www.4399.com/flash/213611.htm,救援粉色章鱼
http://www.4399.com/flash/213608.htm,逃离室外避难台
http://www.4399.com/flash/213606.htm,救援吃蛋糕的兔子
http://www.4399.com/flash/213600.htm,漂亮的花园逃脱
http://www.4399.com/flash/213599.htm,慵懒小松鼠逃脱
http://www.4399.com/flash/213591.htm,老公鸡逃跑
http://www.4399.com/flash/213589.htm,迎宾犬逃跑
http://www.4399.com/flash/213588.htm,丢失的金币
http://www.4399.com/flash/213587.htm,商人营救
http://www.4399.com/flash/213586.htm,废弃工场逃生
http://www.4399.com/flash/213585.htm,逃离贝壳岛屿
http://www.4399.com/flash/213584.htm,昏暗儿童房逃生40
http://www.4399.com/flash/213583.htm,救援俏皮小仙女
http://www.4399.com/flash/213582.htm,小屋餐厅逃脱
http://www.4399.com/flash/213580.htm,救援狩猎鬣狗
http://www.4399.com/flash/213578.htm,逃离大自然的怀抱
http://www.4399.com/flash/213565.htm,牧民逃跑
http://www.4399.com/flash/213557.htm,别墅房逃生
http://www.4399.com/flash/213556.htm,村舍农场逃生
http://www.4399.com/flash/213555.htm,逃出荒废寂寞的房
http://www.4399.com/flash/213552.htm,精灵熊逃脱
http://www.4399.com/flash/213548.htm,趣味密室逃离25
http://www.4399.com/flash/213545.htm,救援饥饿的少年
http://www.4399.com/flash/213544.htm,救援侏儒小妖精
http://www.4399.com/flash/213535.htm,寻找我的哈雷
http://www.4399.com/flash/213531.htm,逃离浅蓝办公室
http://www.4399.com/flash/213529.htm,逃出豪华大宅
http://www.4399.com/flash/213528.htm,鹈鹕鸟逃脱
http://www.4399.com/flash/213527.htm,逃出废墟室
http://www.4399.com/flash/213525.htm,安静的女孩逃跑
http://www.4399.com/flash/213519.htm,救援好奇的小狗
http://www.4399.com/flash/213517.htm,逃离经典豪华客房
http://www.4399.com/flash/213516.htm,被遗弃的部落村庄
http://www.4399.com/flash/213515.htm,救援森林部落女孩
http://www.4399.com/flash/213514.htm,救援大猩猩幼崽
http://www.4399.com/flash/213511.htm,神奇精灵森林逃脱
http://www.4399.com/flash/213505.htm,逃出湖中村庄
http://www.4399.com/flash/213501.htm,漂亮辫子女孩逃跑
http://www.4399.com/flash/213500.htm,小熊女孩逃跑
http://www.4399.com/flash/213499.htm,逃出废弃木屋
http://www.4399.com/flash/213497.htm,逃出低调奢华之房
http://www.4399.com/flash/213496.htm,贝壳海岸逃生
http://www.4399.com/flash/213495.htm,龙虾湾逃脱
http://www.4399.com/flash/213494.htm,昏暗儿童房逃生39
http://www.4399.com/flash/213489.htm,精品海滩度假酒店2
http://www.4399.com/flash/213488.htm,小狗沙滩逃脱
http://www.4399.com/flash/213487.htm,古代武士逃脱
http://www.4399.com/flash/213485.htm,逃离毕加索森林
http://www.4399.com/flash/1382.htm,宠物连连看2.5版
http://www.4399.com/flash/12669.htm,果蔬连连看
http://www.4399.com/flash/17801.htm,宠物连连看3.1
http://www.4399.com/flash/20660.htm,森林冰火人中文版
http://www.4399.com/flash/93551.htm,小鳄鱼爱洗澡中文版
http://www.4399.com/flash/113377.htm,森林冰火人4无敌版
http://www.4399.com/flash/10393.htm,石头连连看
http://www.4399.com/flash/79068.htm,高楼爆破3无敌版
http://www.4399.com/flash/853.htm,五子连珠
http://www.4399.com/flash/17403.htm,青蛙祖玛
http://www.4399.com/flash/57474.htm,蝴蝶连连看
http://www.4399.com/flash/4781.htm,花花连连看
http://www.4399.com/flash/136516.htm,消灭星星豪华版
http://www.4399.com/flash/54423.htm,4399打豆豆
http://www.4399.com/flash/2231.htm,宠物连连看2.6
http://www.4399.com/flash/63033.htm,森林冰火人双人迷宫
http://www.4399.com/flash/68259.htm,河马饲养员
http://www.4399.com/flash/106202.htm,消灭星星中文版
http://www.4399.com/flash/62002.htm,疯狂过山车2
http://www.4399.com/flash/100125.htm,装载卡车4
http://www.4399.com/flash/131178.htm,帮鸟儿解冻3
http://www.4399.com/flash/106933.htm,坏蛋冰淇淋2无敌版
http://www.4399.com/flash/171900.htm,装载卡车5
http://www.4399.com/flash/147327.htm,亚当找夏娃3
http://www.4399.com/flash/10919.htm,宠物连连看3.0版
http://www.4399.com/flash/71760.htm,小婴儿逃出系列3
http://www.4399.com/flash/156918.htm,坏小孩回家4
http://www.4399.com/flash/37529.htm,小火车过隧道无敌版
http://www.4399.com/flash/50350.htm,唤醒嗜睡的小人
http://www.4399.com/flash/41285.htm,朵拉的迷你高尔夫
http://www.4399.com/flash/130836.htm,消你妹
http://www.4399.com/flash/128302.htm,消灭星星3电脑版
http://www.4399.com/flash/103266.htm,炮兵突击
http://www.4399.com/flash/96689.htm,愤怒的小鸟太空版HD
http://www.4399.com/flash/57317.htm,激光炮轰小怪2
http://www.4399.com/flash/4782.htm,汽车标志连连看
http://www.4399.com/flash/89614.htm,托马斯过河
http://www.4399.com/flash/88882.htm,海绵宝宝3D大富翁2
http://www.4399.com/flash/138881.htm,激光炮轰小怪3加强版
http://www.4399.com/flash/21223.htm,小球进洞
http://www.4399.com/flash/89107.htm,黑太狼吃羊2
http://www.4399.com/flash/152489.htm,史上最贱小游戏之体育
http://www.4399.com/flash/80211.htm,中国熊猫2无敌版
http://www.4399.com/flash/92102.htm,连连看3.1原版
http://www.4399.com/flash/76887.htm,宠物连连看可爱版
http://www.4399.com/flash/66922.htm,亚当找夏娃中文版
http://www.4399.com/flash/65959.htm,高楼爆破无敌版
http://www.4399.com/flash/34726.htm,4399水果连连看
http://www.4399.com/flash/47634.htm,让子弹飞
http://www.4399.com/flash/122189.htm,史上最贱小游戏3
http://www.4399.com/flash/184591.htm,捣蛋猪HD8.0
http://www.4399.com/flash/50306.htm,奇妙水世界
http://www.4399.com/flash/143168.htm,手纸没有了
http://www.4399.com/flash/79452.htm,森林冰火人3
http://www.4399.com/flash/73311.htm,破蛋专家
http://www.4399.com/flash/92953.htm,逗小猴开心7
http://www.4399.com/flash/132546.htm,亚当找夏娃2
http://www.4399.com/flash/80972.htm,宠物连连看经典版2
http://www.4399.com/flash/138976.htm,盗金父子
http://www.4399.com/flash/69774.htm,高楼爆破2无敌版
http://www.4399.com/flash/42075.htm,光头小子找出口
http://www.4399.com/flash/86544.htm,鸡蛋大逃亡2
http://www.4399.com/flash/30543.htm,小婴儿逃出系列1
http://www.4399.com/flash/63828.htm,红球与绿球
http://www.4399.com/flash/106849.htm,坏蛋冰淇淋2
http://www.4399.com/flash/41483.htm,装载卡车
http://www.4399.com/flash/16395.htm,小婴儿逃出系列2
http://www.4399.com/flash/158011.htm,小汽车的英雄梦
http://www.4399.com/flash/73122.htm,装载卡车3
http://www.4399.com/flash/102581.htm,帮鸟儿解冻
http://www.4399.com/flash/33249.htm,帮小狗取手绢
http://www.4399.com/flash/9840.htm,在线弹钢琴
http://www.4399.com/flash/78828.htm,益智乐高2中文版
http://www.4399.com/flash/35965.htm,直升机打气球
http://www.4399.com/flash/92108.htm,连连看原版
http://www.4399.com/flash/97275.htm,3D旋转麻将连连看
http://www.4399.com/flash/46428.htm,空姐阿Sue
http://www.4399.com/flash/24571.htm,宠物连连看3.1无敌版
http://www.4399.com/flash/8670.htm,宠物连连看特别版
http://www.4399.com/flash/50909.htm,植物战僵尸3D连连看
http://www.4399.com/flash/27265.htm,火柴人逃狱记
http://www.4399.com/flash/157666.htm,史上最贱小游戏13
http://www.4399.com/flash/113790.htm,找你妹正式版
http://www.4399.com/flash/123789.htm,恐龙觅食
http://www.4399.com/flash/128952.htm,坏蛋冰淇淋3
http://www.4399.com/flash/48349.htm,爱吃水果的虫子
http://www.4399.com/flash/1244.htm,红孩儿连连看
http://www.4399.com/flash/152162.htm,盗金父子2
http://www.4399.com/flash/8954.htm,阿sue家做客
http://www.4399.com/flash/142569.htm,一把火
http://www.4399.com/flash/91402.htm,保护橙子增强版3
http://www.4399.com/flash/56745.htm,动画师和动画
http://www.4399.com/flash/117146.htm,火柴人智闯飞艇
http://www.4399.com/flash/1287.htm,新麻雀连连看
http://www.4399.com/flash/134715.htm,捣蛋猪HD3.8
http://www.4399.com/flash/62725.htm,蜗牛鲍勃2中文版
http://www.4399.com/flash/123611.htm,小汽车的爱情梦
http://www.4399.com/flash/135633.htm,糖果去哪儿了2
http://www.4399.com/flash/151340.htm,熊猫逃生记之日本
http://www.4399.com/flash/213484.htm,逃离破旧的船
http://www.4399.com/flash/213482.htm,救援可爱的狗
http://www.4399.com/flash/213481.htm,逃离兔子屋
http://www.4399.com/flash/213478.htm,科学实验室大逃脱
http://www.4399.com/flash/213470.htm,金字塔逃离者15
http://www.4399.com/flash/213467.htm,寻找办公包
http://www.4399.com/flash/213463.htm,营救旅游男孩
http://www.4399.com/flash/213462.htm,多彩小鸟逃脱
http://www.4399.com/flash/213461.htm,安静野猪逃脱
http://www.4399.com/flash/213459.htm,园丁小屋逃生
http://www.4399.com/flash/213458.htm,爱读书的兔子逃脱
http://www.4399.com/flash/213457.htm,逃离豪华乡村别墅
http://www.4399.com/flash/213454.htm,救援驴子
http://www.4399.com/flash/213452.htm,逃离水神庙
http://www.4399.com/flash/213451.htm,救援男士服务员
http://www.4399.com/flash/213450.htm,逃离舒适的屋子
http://www.4399.com/flash/213443.htm,小猩猩逃走
http://www.4399.com/flash/213441.htm,猎人逃脱
http://www.4399.com/flash/213438.htm,阴森诡异地逃脱
http://www.4399.com/flash/213436.htm,穿长衫的男孩逃脱
http://www.4399.com/flash/213435.htm,可爱小动物逃脱
http://www.4399.com/flash/213434.htm,幽暗井矿逃脱
http://www.4399.com/flash/213433.htm,逃出午夜废弃房间
http://www.4399.com/flash/213430.htm,救援小肥猫
http://www.4399.com/flash/213429.htm,救援美丽的鹿
http://www.4399.com/flash/213428.htm,救援和蔼的女孩
http://www.4399.com/flash/213415.htm,森林小猪逃脱
http://www.4399.com/flash/213411.htm,营救大厦中的女孩
http://www.4399.com/flash/213409.htm,复活节派对屋逃脱
http://www.4399.com/flash/213405.htm,花纹房间逃生
http://www.4399.com/flash/213404.htm,美丽小牛逃脱
http://www.4399.com/flash/213403.htm,漂亮小猫逃跑
http://www.4399.com/flash/213402.htm,可爱信鸽逃脱
http://www.4399.com/flash/213400.htm,逃出冷清别墅
http://www.4399.com/flash/213398.htm,逃离私人工作室
http://www.4399.com/flash/213397.htm,逃出神秘海盗船2
http://www.4399.com/flash/213392.htm,救援安氏中兽
http://www.4399.com/flash/213387.htm,逃离儿童玩具房屋
http://www.4399.com/flash/213386.htm,困在洞穴的兔子
http://www.4399.com/flash/213385.htm,救援拿铅笔的蚂蚁
http://www.4399.com/flash/213378.htm,废旧教室逃脱2
http://www.4399.com/flash/213374.htm,欢乐森林逃脱
http://www.4399.com/flash/213372.htm,小小女孩要逃脱
http://www.4399.com/flash/213370.htm,可爱小怪快逃脱
http://www.4399.com/flash/213368.htm,逃出健身房更衣室
http://www.4399.com/flash/213366.htm,猫头鹰午夜逃脱
http://www.4399.com/flash/213364.htm,冷清房间逃脱
http://www.4399.com/flash/213363.htm,货仓逃脱3
http://www.4399.com/flash/213359.htm,逃离南瓜园
http://www.4399.com/flash/213358.htm,寻找女孩的布娃娃
http://www.4399.com/flash/213357.htm,逃离蜡烛屋
http://www.4399.com/flash/213354.htm,紫幻森林逃脱
http://www.4399.com/flash/213346.htm,逃离复活兔的家
http://www.4399.com/flash/213345.htm,救援红毛猩猩
http://www.4399.com/flash/213344.htm,救援复活兔
http://www.4399.com/flash/213338.htm,逃离大都市房屋
http://www.4399.com/flash/1382.htm,宠物连连看2.5版
http://www.4399.com/flash/12669.htm,果蔬连连看
http://www.4399.com/flash/17801.htm,宠物连连看3.1
http://www.4399.com/flash/20660.htm,森林冰火人中文版
http://www.4399.com/flash/93551.htm,小鳄鱼爱洗澡中文版
http://www.4399.com/flash/113377.htm,森林冰火人4无敌版
http://www.4399.com/flash/10393.htm,石头连连看
http://www.4399.com/flash/79068.htm,高楼爆破3无敌版
http://www.4399.com/flash/853.htm,五子连珠
http://www.4399.com/flash/17403.htm,青蛙祖玛
http://www.4399.com/flash/57474.htm,蝴蝶连连看
http://www.4399.com/flash/4781.htm,花花连连看
http://www.4399.com/flash/136516.htm,消灭星星豪华版
http://www.4399.com/flash/54423.htm,4399打豆豆
http://www.4399.com/flash/2231.htm,宠物连连看2.6
http://www.4399.com/flash/63033.htm,森林冰火人双人迷宫
http://www.4399.com/flash/68259.htm,河马饲养员
http://www.4399.com/flash/106202.htm,消灭星星中文版
http://www.4399.com/flash/62002.htm,疯狂过山车2
http://www.4399.com/flash/100125.htm,装载卡车4
http://www.4399.com/flash/131178.htm,帮鸟儿解冻3
http://www.4399.com/flash/106933.htm,坏蛋冰淇淋2无敌版
http://www.4399.com/flash/171900.htm,装载卡车5
http://www.4399.com/flash/147327.htm,亚当找夏娃3
http://www.4399.com/flash/10919.htm,宠物连连看3.0版
http://www.4399.com/flash/71760.htm,小婴儿逃出系列3
http://www.4399.com/flash/156918.htm,坏小孩回家4
http://www.4399.com/flash/37529.htm,小火车过隧道无敌版
http://www.4399.com/flash/50350.htm,唤醒嗜睡的小人
http://www.4399.com/flash/41285.htm,朵拉的迷你高尔夫
http://www.4399.com/flash/130836.htm,消你妹
http://www.4399.com/flash/128302.htm,消灭星星3电脑版
http://www.4399.com/flash/103266.htm,炮兵突击
http://www.4399.com/flash/96689.htm,愤怒的小鸟太空版HD
http://www.4399.com/flash/57317.htm,激光炮轰小怪2
http://www.4399.com/flash/4782.htm,汽车标志连连看
http://www.4399.com/flash/89614.htm,托马斯过河
http://www.4399.com/flash/88882.htm,海绵宝宝3D大富翁2
http://www.4399.com/flash/138881.htm,激光炮轰小怪3加强版
http://www.4399.com/flash/21223.htm,小球进洞
http://www.4399.com/flash/89107.htm,黑太狼吃羊2
http://www.4399.com/flash/152489.htm,史上最贱小游戏之体育
http://www.4399.com/flash/80211.htm,中国熊猫2无敌版
http://www.4399.com/flash/92102.htm,连连看3.1原版
http://www.4399.com/flash/76887.htm,宠物连连看可爱版
http://www.4399.com/flash/66922.htm,亚当找夏娃中文版
http://www.4399.com/flash/65959.htm,高楼爆破无敌版
http://www.4399.com/flash/34726.htm,4399水果连连看
http://www.4399.com/flash/47634.htm,让子弹飞
http://www.4399.com/flash/122189.htm,史上最贱小游戏3
http://www.4399.com/flash/184591.htm,捣蛋猪HD8.0
http://www.4399.com/flash/50306.htm,奇妙水世界
http://www.4399.com/flash/143168.htm,手纸没有了
http://www.4399.com/flash/79452.htm,森林冰火人3
http://www.4399.com/flash/73311.htm,破蛋专家
http://www.4399.com/flash/92953.htm,逗小猴开心7
http://www.4399.com/flash/132546.htm,亚当找夏娃2
http://www.4399.com/flash/80972.htm,宠物连连看经典版2
http://www.4399.com/flash/138976.htm,盗金父子
http://www.4399.com/flash/69774.htm,高楼爆破2无敌版
http://www.4399.com/flash/42075.htm,光头小子找出口
http://www.4399.com/flash/86544.htm,鸡蛋大逃亡2
http://www.4399.com/flash/30543.htm,小婴儿逃出系列1
http://www.4399.com/flash/63828.htm,红球与绿球
http://www.4399.com/flash/106849.htm,坏蛋冰淇淋2
http://www.4399.com/flash/41483.htm,装载卡车
http://www.4399.com/flash/16395.htm,小婴儿逃出系列2
http://www.4399.com/flash/158011.htm,小汽车的英雄梦
http://www.4399.com/flash/73122.htm,装载卡车3
http://www.4399.com/flash/102581.htm,帮鸟儿解冻
http://www.4399.com/flash/33249.htm,帮小狗取手绢
http://www.4399.com/flash/9840.htm,在线弹钢琴
http://www.4399.com/flash/78828.htm,益智乐高2中文版
http://www.4399.com/flash/35965.htm,直升机打气球
http://www.4399.com/flash/92108.htm,连连看原版
http://www.4399.com/flash/97275.htm,3D旋转麻将连连看
http://www.4399.com/flash/46428.htm,空姐阿Sue
http://www.4399.com/flash/24571.htm,宠物连连看3.1无敌版
http://www.4399.com/flash/8670.htm,宠物连连看特别版
http://www.4399.com/flash/50909.htm,植物战僵尸3D连连看
http://www.4399.com/flash/27265.htm,火柴人逃狱记
http://www.4399.com/flash/157666.htm,史上最贱小游戏13
http://www.4399.com/flash/113790.htm,找你妹正式版
http://www.4399.com/flash/123789.htm,恐龙觅食
http://www.4399.com/flash/128952.htm,坏蛋冰淇淋3
http://www.4399.com/flash/48349.htm,爱吃水果的虫子
http://www.4399.com/flash/1244.htm,红孩儿连连看
http://www.4399.com/flash/152162.htm,盗金父子2
http://www.4399.com/flash/8954.htm,阿sue家做客
http://www.4399.com/flash/142569.htm,一把火
http://www.4399.com/flash/91402.htm,保护橙子增强版3
http://www.4399.com/flash/56745.htm,动画师和动画
http://www.4399.com/flash/117146.htm,火柴人智闯飞艇
http://www.4399.com/flash/1287.htm,新麻雀连连看
http://www.4399.com/flash/134715.htm,捣蛋猪HD3.8
http://www.4399.com/flash/62725.htm,蜗牛鲍勃2中文版
http://www.4399.com/flash/123611.htm,小汽车的爱情梦
http://www.4399.com/flash/135633.htm,糖果去哪儿了2
http://www.4399.com/flash/151340.htm,熊猫逃生记之日本
http://www.4399.com/flash/213334.htm,救援狮子与男孩
http://www.4399.com/flash/213332.htm,逃离海盗神秘洞穴
http://www.4399.com/flash/213331.htm,救援长颈鹿
http://www.4399.com/flash/213330.htm,救援学走路的宝宝
http://www.4399.com/flash/213327.htm,救援修马桶的大叔
http://www.4399.com/flash/213317.htm,寻找那只兔子
http://www.4399.com/flash/213316.htm,小肥马逃脱
http://www.4399.com/flash/213315.htm,逃出明亮的教室
http://www.4399.com/flash/213314.htm,复活节小鸡营救
http://www.4399.com/flash/213313.htm,仓鼠逃脱
http://www.4399.com/flash/213312.htm,逃出神秘海盗船
http://www.4399.com/flash/213311.htm,逃出朋友的房子
http://www.4399.com/flash/213289.htm,西部牧场逃脱
http://www.4399.com/flash/213288.htm,快乐女孩逃脱
http://www.4399.com/flash/213287.htm,精品海滩度假酒店
http://www.4399.com/flash/213286.htm,逃出海滩小屋
http://www.4399.com/flash/213283.htm,救援狡猾的猎豹
http://www.4399.com/flash/213282.htm,逃出海滩别墅
http://www.4399.com/flash/213281.htm,救援原住民老人
http://www.4399.com/flash/213280.htm,逃离兔子的家
http://www.4399.com/flash/213306.htm,逃出野外丛林
http://www.4399.com/flash/213305.htm,逃离幽暗鬼屋
http://www.4399.com/flash/213304.htm,救援女巫婆
http://www.4399.com/flash/213303.htm,救援鹦鹉海盗
http://www.4399.com/flash/213301.htm,救援商人
http://www.4399.com/flash/213300.htm,逃离地中海森林
http://www.4399.com/flash/213293.htm,可爱兔子森林逃脱
http://www.4399.com/flash/213291.htm,欢乐男孩逃脱
http://www.4399.com/flash/213290.htm,感性男孩逃脱
http://www.4399.com/flash/213279.htm,逃离梦幻复活节森林
http://www.4399.com/flash/213275.htm,救援受伤的小海龟
http://www.4399.com/flash/213265.htm,寻找兔形巧克力
http://www.4399.com/flash/213263.htm,欢乐胡萝卜逃脱
http://www.4399.com/flash/213262.htm,小兔子营救
http://www.4399.com/flash/213260.htm,地下公寓逃生
http://www.4399.com/flash/213259.htm,地下车库大逃脱
http://www.4399.com/flash/213258.htm,神殿逃脱
http://www.4399.com/flash/213257.htm,寻找粉红色的花
http://www.4399.com/flash/213256.htm,逃离学校图书馆
http://www.4399.com/flash/213255.htm,逃离接待大厅
http://www.4399.com/flash/213252.htm,救援爱笑的男孩
http://www.4399.com/flash/213234.htm,逃出奢华传统房屋2
http://www.4399.com/flash/213232.htm,逃出海边度假别墅
http://www.4399.com/flash/213231.htm,海边小村逃生
http://www.4399.com/flash/213230.htm,可爱海豹逃脱
http://www.4399.com/flash/213227.htm,小猕猴逃脱
http://www.4399.com/flash/213226.htm,犀鸟逃跑
http://www.4399.com/flash/213225.htm,寻找兔子的胡萝卜
http://www.4399.com/flash/213219.htm,救援男精灵
http://www.4399.com/flash/213217.htm,救援吃货兔子
http://www.4399.com/flash/213216.htm,落单的昆虫逃脱
http://www.4399.com/flash/213215.htm,逃离阁楼套房
http://www.4399.com/flash/213213.htm,逃出复活节彩蛋森林
http://www.4399.com/flash/213211.htm,无人医院大逃脱
http://www.4399.com/flash/213210.htm,逃离凶兆森林
http://www.4399.com/flash/213208.htm,废旧教室逃脱
http://www.4399.com/flash/1382.htm,宠物连连看2.5版
http://www.4399.com/flash/12669.htm,果蔬连连看
http://www.4399.com/flash/17801.htm,宠物连连看3.1
http://www.4399.com/flash/20660.htm,森林冰火人中文版
http://www.4399.com/flash/93551.htm,小鳄鱼爱洗澡中文版
http://www.4399.com/flash/113377.htm,森林冰火人4无敌版
http://www.4399.com/flash/10393.htm,石头连连看
http://www.4399.com/flash/79068.htm,高楼爆破3无敌版
http://www.4399.com/flash/853.htm,五子连珠
http://www.4399.com/flash/17403.htm,青蛙祖玛
http://www.4399.com/flash/57474.htm,蝴蝶连连看
http://www.4399.com/flash/4781.htm,花花连连看
http://www.4399.com/flash/136516.htm,消灭星星豪华版
http://www.4399.com/flash/54423.htm,4399打豆豆
http://www.4399.com/flash/2231.htm,宠物连连看2.6
http://www.4399.com/flash/63033.htm,森林冰火人双人迷宫
http://www.4399.com/flash/68259.htm,河马饲养员
http://www.4399.com/flash/106202.htm,消灭星星中文版
http://www.4399.com/flash/62002.htm,疯狂过山车2
http://www.4399.com/flash/100125.htm,装载卡车4
http://www.4399.com/flash/131178.htm,帮鸟儿解冻3
http://www.4399.com/flash/106933.htm,坏蛋冰淇淋2无敌版
http://www.4399.com/flash/171900.htm,装载卡车5
http://www.4399.com/flash/147327.htm,亚当找夏娃3
http://www.4399.com/flash/10919.htm,宠物连连看3.0版
http://www.4399.com/flash/71760.htm,小婴儿逃出系列3
http://www.4399.com/flash/156918.htm,坏小孩回家4
http://www.4399.com/flash/37529.htm,小火车过隧道无敌版
http://www.4399.com/flash/50350.htm,唤醒嗜睡的小人
http://www.4399.com/flash/41285.htm,朵拉的迷你高尔夫
http://www.4399.com/flash/130836.htm,消你妹
http://www.4399.com/flash/128302.htm,消灭星星3电脑版
http://www.4399.com/flash/103266.htm,炮兵突击
http://www.4399.com/flash/96689.htm,愤怒的小鸟太空版HD
http://www.4399.com/flash/57317.htm,激光炮轰小怪2
http://www.4399.com/flash/4782.htm,汽车标志连连看
http://www.4399.com/flash/89614.htm,托马斯过河
http://www.4399.com/flash/88882.htm,海绵宝宝3D大富翁2
http://www.4399.com/flash/138881.htm,激光炮轰小怪3加强版
http://www.4399.com/flash/21223.htm,小球进洞
http://www.4399.com/flash/89107.htm,黑太狼吃羊2
http://www.4399.com/flash/152489.htm,史上最贱小游戏之体育
http://www.4399.com/flash/80211.htm,中国熊猫2无敌版
http://www.4399.com/flash/92102.htm,连连看3.1原版
http://www.4399.com/flash/76887.htm,宠物连连看可爱版
http://www.4399.com/flash/66922.htm,亚当找夏娃中文版
http://www.4399.com/flash/65959.htm,高楼爆破无敌版
http://www.4399.com/flash/34726.htm,4399水果连连看
http://www.4399.com/flash/47634.htm,让子弹飞
http://www.4399.com/flash/122189.htm,史上最贱小游戏3
http://www.4399.com/flash/184591.htm,捣蛋猪HD8.0
http://www.4399.com/flash/50306.htm,奇妙水世界
http://www.4399.com/flash/143168.htm,手纸没有了
http://www.4399.com/flash/79452.htm,森林冰火人3
http://www.4399.com/flash/73311.htm,破蛋专家
http://www.4399.com/flash/92953.htm,逗小猴开心7
http://www.4399.com/flash/132546.htm,亚当找夏娃2
http://www.4399.com/flash/80972.htm,宠物连连看经典版2
http://www.4399.com/flash/138976.htm,盗金父子
http://www.4399.com/flash/69774.htm,高楼爆破2无敌版
http://www.4399.com/flash/42075.htm,光头小子找出口
http://www.4399.com/flash/86544.htm,鸡蛋大逃亡2
http://www.4399.com/flash/30543.htm,小婴儿逃出系列1
http://www.4399.com/flash/63828.htm,红球与绿球
http://www.4399.com/flash/106849.htm,坏蛋冰淇淋2
http://www.4399.com/flash/41483.htm,装载卡车
http://www.4399.com/flash/16395.htm,小婴儿逃出系列2
http://www.4399.com/flash/158011.htm,小汽车的英雄梦
http://www.4399.com/flash/73122.htm,装载卡车3
http://www.4399.com/flash/102581.htm,帮鸟儿解冻
http://www.4399.com/flash/33249.htm,帮小狗取手绢
http://www.4399.com/flash/9840.htm,在线弹钢琴
http://www.4399.com/flash/78828.htm,益智乐高2中文版
http://www.4399.com/flash/35965.htm,直升机打气球
http://www.4399.com/flash/92108.htm,连连看原版
http://www.4399.com/flash/97275.htm,3D旋转麻将连连看
http://www.4399.com/flash/46428.htm,空姐阿Sue
http://www.4399.com/flash/24571.htm,宠物连连看3.1无敌版
http://www.4399.com/flash/8670.htm,宠物连连看特别版
http://www.4399.com/flash/50909.htm,植物战僵尸3D连连看
http://www.4399.com/flash/27265.htm,火柴人逃狱记
http://www.4399.com/flash/157666.htm,史上最贱小游戏13
http://www.4399.com/flash/113790.htm,找你妹正式版
http://www.4399.com/flash/123789.htm,恐龙觅食
http://www.4399.com/flash/128952.htm,坏蛋冰淇淋3
http://www.4399.com/flash/48349.htm,爱吃水果的虫子
http://www.4399.com/flash/1244.htm,红孩儿连连看
http://www.4399.com/flash/152162.htm,盗金父子2
http://www.4399.com/flash/8954.htm,阿sue家做客
http://www.4399.com/flash/142569.htm,一把火
http://www.4399.com/flash/91402.htm,保护橙子增强版3
http://www.4399.com/flash/56745.htm,动画师和动画
http://www.4399.com/flash/117146.htm,火柴人智闯飞艇
http://www.4399.com/flash/1287.htm,新麻雀连连看
http://www.4399.com/flash/134715.htm,捣蛋猪HD3.8
http://www.4399.com/flash/62725.htm,蜗牛鲍勃2中文版
http://www.4399.com/flash/123611.htm,小汽车的爱情梦
http://www.4399.com/flash/135633.htm,糖果去哪儿了2
http://www.4399.com/flash/151340.htm,熊猫逃生记之日本
http://www.4399.com/flash/213203.htm,蓝象逃脱
http://www.4399.com/flash/213200.htm,逃出孤岛
http://www.4399.com/flash/213198.htm,美洲豹逃脱
http://www.4399.com/flash/213196.htm,运动少年逃脱
http://www.4399.com/flash/213195.htm,逃出奢华传统房屋
http://www.4399.com/flash/213194.htm,复古城堡逃脱10
http://www.4399.com/flash/213193.htm,逃出诡异街道
http://www.4399.com/flash/213192.htm,贪玩兔子逃脱
http://www.4399.com/flash/213188.htm,救援狂喜的男孩
http://www.4399.com/flash/213187.htm,逃离黑白共管公寓
http://www.4399.com/flash/213186.htm,逃离法式乡间别墅
http://www.4399.com/flash/213185.htm,救援毛鼻袋熊
http://www.4399.com/flash/213183.htm,救援可爱的金刚鹦鹉
http://www.4399.com/flash/213181.htm,逃离棚屋酒店客房
http://www.4399.com/flash/213180.htm,逃离平安夜房屋
http://www.4399.com/flash/213171.htm,运动游戏室逃脱
http://www.4399.com/flash/213168.htm,可爱鹦鹉逃脱
http://www.4399.com/flash/213166.htm,快乐母鸡逃跑
http://www.4399.com/flash/213165.htm,迷幻森林逃脱
http://www.4399.com/flash/213163.htm,逃离废弃的基地
http://www.4399.com/flash/213162.htm,种族天才逃脱
http://www.4399.com/flash/213158.htm,救援令人钦佩的女孩
http://www.4399.com/flash/213157.htm,救援秀丽的女孩
http://www.4399.com/flash/213156.htm,城市宫殿逃脱2
http://www.4399.com/flash/213155.htm,救援暴躁的女孩
http://www.4399.com/flash/213154.htm,困在复活节的女孩
http://www.4399.com/flash/213152.htm,困在森林的兔子
http://www.4399.com/flash/213151.htm,逃离梦想中的房子
http://www.4399.com/flash/213149.htm,城市宫殿逃脱
http://www.4399.com/flash/213148.htm,宽敞房子大逃脱
http://www.4399.com/flash/213141.htm,逃离简易房屋16
http://www.4399.com/flash/213140.htm,骄傲的狮子逃脱
http://www.4399.com/flash/213138.htm,逃出封闭小房间7
http://www.4399.com/flash/213134.htm,顶层公寓逃生
http://www.4399.com/flash/213133.htm,困在花园中
http://www.4399.com/flash/213132.htm,滑坡湖森林逃生
http://www.4399.com/flash/213131.htm,拯救被困的海盗
http://www.4399.com/flash/213129.htm,逃离小丑的家
http://www.4399.com/flash/213128.htm,救援疯狂的男孩
http://www.4399.com/flash/213127.htm,逃离宿舍公寓
http://www.4399.com/flash/213125.htm,逃离迷失之地5
http://www.4399.com/flash/213122.htm,救援农夫小子
http://www.4399.com/flash/213121.htm,逃出森林小房屋
http://www.4399.com/flash/213120.htm,逃离甜蜜之家
http://www.4399.com/flash/213112.htm,拯救被困大叔
http://www.4399.com/flash/213110.htm,小猎犬逃跑
http://www.4399.com/flash/213104.htm,日光娱乐室逃脱
http://www.4399.com/flash/213103.htm,拯救受苦的男孩
http://www.4399.com/flash/213102.htm,欢乐时光逃出房屋
http://www.4399.com/flash/213097.htm,救援摩登女孩
http://www.4399.com/flash/213096.htm,救援聪明的少年
http://www.4399.com/flash/213095.htm,救援绿色的虫子
http://www.4399.com/flash/213094.htm,救援毕业生
http://www.4399.com/flash/213093.htm,救援淘气的小女孩
http://www.4399.com/flash/213091.htm,从敞亮的客厅逃出
http://www.4399.com/flash/213078.htm,马戏团老虎逃脱
http://www.4399.com/flash/1382.htm,宠物连连看2.5版
http://www.4399.com/flash/12669.htm,果蔬连连看
http://www.4399.com/flash/17801.htm,宠物连连看3.1
http://www.4399.com/flash/20660.htm,森林冰火人中文版
http://www.4399.com/flash/93551.htm,小鳄鱼爱洗澡中文版
http://www.4399.com/flash/113377.htm,森林冰火人4无敌版
http://www.4399.com/flash/10393.htm,石头连连看
http://www.4399.com/flash/79068.htm,高楼爆破3无敌版
http://www.4399.com/flash/853.htm,五子连珠
http://www.4399.com/flash/17403.htm,青蛙祖玛
http://www.4399.com/flash/57474.htm,蝴蝶连连看
http://www.4399.com/flash/4781.htm,花花连连看
http://www.4399.com/flash/136516.htm,消灭星星豪华版
http://www.4399.com/flash/54423.htm,4399打豆豆
http://www.4399.com/flash/2231.htm,宠物连连看2.6
http://www.4399.com/flash/63033.htm,森林冰火人双人迷宫
http://www.4399.com/flash/68259.htm,河马饲养员
http://www.4399.com/flash/106202.htm,消灭星星中文版
http://www.4399.com/flash/62002.htm,疯狂过山车2
http://www.4399.com/flash/100125.htm,装载卡车4
http://www.4399.com/flash/131178.htm,帮鸟儿解冻3
http://www.4399.com/flash/106933.htm,坏蛋冰淇淋2无敌版
http://www.4399.com/flash/171900.htm,装载卡车5
http://www.4399.com/flash/147327.htm,亚当找夏娃3
http://www.4399.com/flash/10919.htm,宠物连连看3.0版
http://www.4399.com/flash/71760.htm,小婴儿逃出系列3
http://www.4399.com/flash/156918.htm,坏小孩回家4
http://www.4399.com/flash/37529.htm,小火车过隧道无敌版
http://www.4399.com/flash/50350.htm,唤醒嗜睡的小人
http://www.4399.com/flash/41285.htm,朵拉的迷你高尔夫
http://www.4399.com/flash/130836.htm,消你妹
http://www.4399.com/flash/128302.htm,消灭星星3电脑版
http://www.4399.com/flash/103266.htm,炮兵突击
http://www.4399.com/flash/96689.htm,愤怒的小鸟太空版HD
http://www.4399.com/flash/57317.htm,激光炮轰小怪2
http://www.4399.com/flash/4782.htm,汽车标志连连看
http://www.4399.com/flash/89614.htm,托马斯过河
http://www.4399.com/flash/88882.htm,海绵宝宝3D大富翁2
http://www.4399.com/flash/138881.htm,激光炮轰小怪3加强版
http://www.4399.com/flash/21223.htm,小球进洞
http://www.4399.com/flash/89107.htm,黑太狼吃羊2
http://www.4399.com/flash/152489.htm,史上最贱小游戏之体育
http://www.4399.com/flash/80211.htm,中国熊猫2无敌版
http://www.4399.com/flash/92102.htm,连连看3.1原版
http://www.4399.com/flash/76887.htm,宠物连连看可爱版
http://www.4399.com/flash/66922.htm,亚当找夏娃中文版
http://www.4399.com/flash/65959.htm,高楼爆破无敌版
http://www.4399.com/flash/34726.htm,4399水果连连看
http://www.4399.com/flash/47634.htm,让子弹飞
http://www.4399.com/flash/122189.htm,史上最贱小游戏3
http://www.4399.com/flash/184591.htm,捣蛋猪HD8.0
http://www.4399.com/flash/50306.htm,奇妙水世界
http://www.4399.com/flash/143168.htm,手纸没有了
http://www.4399.com/flash/79452.htm,森林冰火人3
http://www.4399.com/flash/73311.htm,破蛋专家
http://www.4399.com/flash/92953.htm,逗小猴开心7
http://www.4399.com/flash/132546.htm,亚当找夏娃2
http://www.4399.com/flash/80972.htm,宠物连连看经典版2
http://www.4399.com/flash/138976.htm,盗金父子
http://www.4399.com/flash/69774.htm,高楼爆破2无敌版
http://www.4399.com/flash/42075.htm,光头小子找出口
http://www.4399.com/flash/86544.htm,鸡蛋大逃亡2
http://www.4399.com/flash/30543.htm,小婴儿逃出系列1
http://www.4399.com/flash/63828.htm,红球与绿球
http://www.4399.com/flash/106849.htm,坏蛋冰淇淋2
http://www.4399.com/flash/41483.htm,装载卡车
http://www.4399.com/flash/16395.htm,小婴儿逃出系列2
http://www.4399.com/flash/158011.htm,小汽车的英雄梦
http://www.4399.com/flash/73122.htm,装载卡车3
http://www.4399.com/flash/102581.htm,帮鸟儿解冻
http://www.4399.com/flash/33249.htm,帮小狗取手绢
http://www.4399.com/flash/9840.htm,在线弹钢琴
http://www.4399.com/flash/78828.htm,益智乐高2中文版
http://www.4399.com/flash/35965.htm,直升机打气球
http://www.4399.com/flash/92108.htm,连连看原版
http://www.4399.com/flash/97275.htm,3D旋转麻将连连看
http://www.4399.com/flash/46428.htm,空姐阿Sue
http://www.4399.com/flash/24571.htm,宠物连连看3.1无敌版
http://www.4399.com/flash/8670.htm,宠物连连看特别版
http://www.4399.com/flash/50909.htm,植物战僵尸3D连连看
http://www.4399.com/flash/27265.htm,火柴人逃狱记
http://www.4399.com/flash/157666.htm,史上最贱小游戏13
http://www.4399.com/flash/113790.htm,找你妹正式版
http://www.4399.com/flash/123789.htm,恐龙觅食
http://www.4399.com/flash/128952.htm,坏蛋冰淇淋3
http://www.4399.com/flash/48349.htm,爱吃水果的虫子
http://www.4399.com/flash/1244.htm,红孩儿连连看
http://www.4399.com/flash/152162.htm,盗金父子2
http://www.4399.com/flash/8954.htm,阿sue家做客
http://www.4399.com/flash/142569.htm,一把火
http://www.4399.com/flash/91402.htm,保护橙子增强版3
http://www.4399.com/flash/56745.htm,动画师和动画
http://www.4399.com/flash/117146.htm,火柴人智闯飞艇
http://www.4399.com/flash/1287.htm,新麻雀连连看
http://www.4399.com/flash/134715.htm,捣蛋猪HD3.8
http://www.4399.com/flash/62725.htm,蜗牛鲍勃2中文版
http://www.4399.com/flash/123611.htm,小汽车的爱情梦
http://www.4399.com/flash/135633.htm,糖果去哪儿了2
http://www.4399.com/flash/151340.htm,熊猫逃生记之日本
http://www.4399.com/flash/213077.htm,快乐小猪逃跑
http://www.4399.com/flash/213076.htm,废弃医院走廊逃生
http://www.4399.com/flash/213075.htm,豪华客房快逃脱
http://www.4399.com/flash/213074.htm,逃出汽车修理棚
http://www.4399.com/flash/213071.htm,救援山谷鹦鹉
http://www.4399.com/flash/213070.htm,逃离现代房
http://www.4399.com/flash/213069.htm,救援好学的猫
http://www.4399.com/flash/213067.htm,逃离豪华独楼2
http://www.4399.com/flash/213066.htm,逃离豪华独楼
http://www.4399.com/flash/213064.htm,神秘森林大逃脱8
http://www.4399.com/flash/213062.htm,寻找安全面具
http://www.4399.com/flash/213051.htm,大漠寺庙逃脱
http://www.4399.com/flash/213050.htm,白毛猴逃脱
http://www.4399.com/flash/213049.htm,斯特大厦逃脱
http://www.4399.com/flash/213048.htm,乡村奶牛逃脱
http://www.4399.com/flash/213047.htm,剑客逃跑
http://www.4399.com/flash/213046.htm,低调奢华房逃脱
http://www.4399.com/flash/213042.htm,拯救梦幻鸭子
http://www.4399.com/flash/213041.htm,逃离春季别墅
http://www.4399.com/flash/213039.htm,逃离云杉林
http://www.4399.com/flash/213038.htm,逃离山庄咖啡馆
http://www.4399.com/flash/213037.htm,逃离无人的泳池
http://www.4399.com/flash/213034.htm,逃离古代地区2
http://www.4399.com/flash/213023.htm,热带落叶林逃脱
http://www.4399.com/flash/213022.htm,乐观男孩逃脱
http://www.4399.com/flash/213021.htm,公司游戏室逃脱
http://www.4399.com/flash/213020.htm,奢华欧式房逃脱
http://www.4399.com/flash/213019.htm,奢华客房逃脱
http://www.4399.com/flash/213018.htm,黄金城堡逃脱
http://www.4399.com/flash/213017.htm,逃出破烂小屋
http://www.4399.com/flash/213016.htm,小女巫逃脱
http://www.4399.com/flash/213015.htm,艺术家逃脱
http://www.4399.com/flash/213011.htm,拯救大猩猩
http://www.4399.com/flash/213010.htm,逃离爱尔兰房屋
http://www.4399.com/flash/213009.htm,救援小蟑螂
http://www.4399.com/flash/213008.htm,儿童游戏室大逃脱
http://www.4399.com/flash/213007.htm,救援小士兵
http://www.4399.com/flash/212987.htm,逃离废弃公馆
http://www.4399.com/flash/212986.htm,逃离迷宫之中2
http://www.4399.com/flash/212985.htm,逃离鳄鱼出没地
http://www.4399.com/flash/212984.htm,救援得意洋洋的熊
http://www.4399.com/flash/212983.htm,救援受困的鸡
http://www.4399.com/flash/212982.htm,可疑弃地逃脱
http://www.4399.com/flash/212980.htm,皇宫寻找宝藏
http://www.4399.com/flash/212979.htm,拯救女青年
http://www.4399.com/flash/212978.htm,拯救秃鹰
http://www.4399.com/flash/212977.htm,救援燕子鸟
http://www.4399.com/flash/212976.htm,拯救可爱的小男孩
http://www.4399.com/flash/212964.htm,逃出昏暗诡异之地
http://www.4399.com/flash/212962.htm,春天公园逃脱
http://www.4399.com/flash/212957.htm,鸵鸟大逃脱
http://www.4399.com/flash/212955.htm,鹌鹑逃脱
http://www.4399.com/flash/212954.htm,寄宿别墅逃脱
http://www.4399.com/flash/212950.htm,逃离怪物奥楚森林
http://www.4399.com/flash/212947.htm,救援精致男孩
http://www.4399.com/flash/212946.htm,逃出现代儿童房
http://www.4399.com/flash/1382.htm,宠物连连看2.5版
http://www.4399.com/flash/12669.htm,果蔬连连看
http://www.4399.com/flash/17801.htm,宠物连连看3.1
http://www.4399.com/flash/20660.htm,森林冰火人中文版
http://www.4399.com/flash/93551.htm,小鳄鱼爱洗澡中文版
http://www.4399.com/flash/113377.htm,森林冰火人4无敌版
http://www.4399.com/flash/10393.htm,石头连连看
http://www.4399.com/flash/79068.htm,高楼爆破3无敌版
http://www.4399.com/flash/853.htm,五子连珠
http://www.4399.com/flash/17403.htm,青蛙祖玛
http://www.4399.com/flash/57474.htm,蝴蝶连连看
http://www.4399.com/flash/4781.htm,花花连连看
http://www.4399.com/flash/136516.htm,消灭星星豪华版
http://www.4399.com/flash/54423.htm,4399打豆豆
http://www.4399.com/flash/2231.htm,宠物连连看2.6
http://www.4399.com/flash/63033.htm,森林冰火人双人迷宫
http://www.4399.com/flash/68259.htm,河马饲养员
http://www.4399.com/flash/106202.htm,消灭星星中文版
http://www.4399.com/flash/62002.htm,疯狂过山车2
http://www.4399.com/flash/100125.htm,装载卡车4
http://www.4399.com/flash/131178.htm,帮鸟儿解冻3
http://www.4399.com/flash/106933.htm,坏蛋冰淇淋2无敌版
http://www.4399.com/flash/171900.htm,装载卡车5
http://www.4399.com/flash/147327.htm,亚当找夏娃3
http://www.4399.com/flash/10919.htm,宠物连连看3.0版
http://www.4399.com/flash/71760.htm,小婴儿逃出系列3
http://www.4399.com/flash/156918.htm,坏小孩回家4
http://www.4399.com/flash/37529.htm,小火车过隧道无敌版
http://www.4399.com/flash/50350.htm,唤醒嗜睡的小人
http://www.4399.com/flash/41285.htm,朵拉的迷你高尔夫
http://www.4399.com/flash/130836.htm,消你妹
http://www.4399.com/flash/128302.htm,消灭星星3电脑版
http://www.4399.com/flash/103266.htm,炮兵突击
http://www.4399.com/flash/96689.htm,愤怒的小鸟太空版HD
http://www.4399.com/flash/57317.htm,激光炮轰小怪2
http://www.4399.com/flash/4782.htm,汽车标志连连看
http://www.4399.com/flash/89614.htm,托马斯过河
http://www.4399.com/flash/88882.htm,海绵宝宝3D大富翁2
http://www.4399.com/flash/138881.htm,激光炮轰小怪3加强版
http://www.4399.com/flash/21223.htm,小球进洞
http://www.4399.com/flash/89107.htm,黑太狼吃羊2
http://www.4399.com/flash/152489.htm,史上最贱小游戏之体育
http://www.4399.com/flash/80211.htm,中国熊猫2无敌版
http://www.4399.com/flash/92102.htm,连连看3.1原版
http://www.4399.com/flash/76887.htm,宠物连连看可爱版
http://www.4399.com/flash/66922.htm,亚当找夏娃中文版
http://www.4399.com/flash/65959.htm,高楼爆破无敌版
http://www.4399.com/flash/34726.htm,4399水果连连看
http://www.4399.com/flash/47634.htm,让子弹飞
http://www.4399.com/flash/122189.htm,史上最贱小游戏3
http://www.4399.com/flash/184591.htm,捣蛋猪HD8.0
http://www.4399.com/flash/50306.htm,奇妙水世界
http://www.4399.com/flash/143168.htm,手纸没有了
http://www.4399.com/flash/79452.htm,森林冰火人3
http://www.4399.com/flash/73311.htm,破蛋专家
http://www.4399.com/flash/92953.htm,逗小猴开心7
http://www.4399.com/flash/132546.htm,亚当找夏娃2
http://www.4399.com/flash/80972.htm,宠物连连看经典版2
http://www.4399.com/flash/138976.htm,盗金父子
http://www.4399.com/flash/69774.htm,高楼爆破2无敌版
http://www.4399.com/flash/42075.htm,光头小子找出口
http://www.4399.com/flash/86544.htm,鸡蛋大逃亡2
http://www.4399.com/flash/30543.htm,小婴儿逃出系列1
http://www.4399.com/flash/63828.htm,红球与绿球
http://www.4399.com/flash/106849.htm,坏蛋冰淇淋2
http://www.4399.com/flash/41483.htm,装载卡车
http://www.4399.com/flash/16395.htm,小婴儿逃出系列2
http://www.4399.com/flash/158011.htm,小汽车的英雄梦
http://www.4399.com/flash/73122.htm,装载卡车3
http://www.4399.com/flash/102581.htm,帮鸟儿解冻
http://www.4399.com/flash/33249.htm,帮小狗取手绢
http://www.4399.com/flash/9840.htm,在线弹钢琴
http://www.4399.com/flash/78828.htm,益智乐高2中文版
http://www.4399.com/flash/35965.htm,直升机打气球
http://www.4399.com/flash/92108.htm,连连看原版
http://www.4399.com/flash/97275.htm,3D旋转麻将连连看
http://www.4399.com/flash/46428.htm,空姐阿Sue
http://www.4399.com/flash/24571.htm,宠物连连看3.1无敌版
http://www.4399.com/flash/8670.htm,宠物连连看特别版
http://www.4399.com/flash/50909.htm,植物战僵尸3D连连看
http://www.4399.com/flash/27265.htm,火柴人逃狱记
http://www.4399.com/flash/157666.htm,史上最贱小游戏13
http://www.4399.com/flash/113790.htm,找你妹正式版
http://www.4399.com/flash/123789.htm,恐龙觅食
http://www.4399.com/flash/128952.htm,坏蛋冰淇淋3
http://www.4399.com/flash/48349.htm,爱吃水果的虫子
http://www.4399.com/flash/1244.htm,红孩儿连连看
http://www.4399.com/flash/152162.htm,盗金父子2
http://www.4399.com/flash/8954.htm,阿sue家做客
http://www.4399.com/flash/142569.htm,一把火
http://www.4399.com/flash/91402.htm,保护橙子增强版3
http://www.4399.com/flash/56745.htm,动画师和动画
http://www.4399.com/flash/117146.htm,火柴人智闯飞艇
http://www.4399.com/flash/1287.htm,新麻雀连连看
http://www.4399.com/flash/134715.htm,捣蛋猪HD3.8
http://www.4399.com/flash/62725.htm,蜗牛鲍勃2中文版
http://www.4399.com/flash/123611.htm,小汽车的爱情梦
http://www.4399.com/flash/135633.htm,糖果去哪儿了2
http://www.4399.com/flash/151340.htm,熊猫逃生记之日本
http://www.4399.com/flash/212944.htm,救援大雕
http://www.4399.com/flash/212943.htm,逃离茂密的丛林
http://www.4399.com/flash/212942.htm,逃离圣帕特里克节
http://www.4399.com/flash/212934.htm,大豪宅逃脱31
http://www.4399.com/flash/212933.htm,薰衣草森林逃脱
http://www.4399.com/flash/212932.htm,男孩逃离蘑菇屋
http://www.4399.com/flash/212927.htm,森林女王逃脱
http://www.4399.com/flash/212926.htm,棕色猫头鹰逃脱
http://www.4399.com/flash/212925.htm,微笑女孩逃脱
http://www.4399.com/flash/212924.htm,逃出热带海滩
http://www.4399.com/flash/212923.htm,调皮大男孩逃脱
http://www.4399.com/flash/212922.htm,树干森林逃脱
http://www.4399.com/flash/212921.htm,新办公室逃生
http://www.4399.com/flash/212920.htm,逃离梦想奇迹花园
http://www.4399.com/flash/212919.htm,逃出高雅客厅
http://www.4399.com/flash/212918.htm,逃离云雾林
http://www.4399.com/flash/212917.htm,困在地洞的熊
http://www.4399.com/flash/212916.htm,救援甲龙
http://www.4399.com/flash/212904.htm,逃离木制客房
http://www.4399.com/flash/212901.htm,偷懒犀牛逃脱
http://www.4399.com/flash/212900.htm,快乐小猫逃跑
http://www.4399.com/flash/212899.htm,昏暗儿童房逃生38
http://www.4399.com/flash/212898.htm,草棚逃脱
http://www.4399.com/flash/212897.htm,救援走失的猫
http://www.4399.com/flash/212896.htm,逃离小狗之家
http://www.4399.com/flash/212895.htm,逃离迷失之地4
http://www.4399.com/flash/212894.htm,逃离古代地区
http://www.4399.com/flash/212893.htm,救援乌龟和小男孩
http://www.4399.com/flash/212892.htm,化学实验室大逃脱
http://www.4399.com/flash/212887.htm,现代出租屋逃脱
http://www.4399.com/flash/212872.htm,逃出电脑机房
http://www.4399.com/flash/212871.htm,抛光木屋逃生
http://www.4399.com/flash/212870.htm,豪华办公室大逃脱
http://www.4399.com/flash/212869.htm,救援高兴的女孩
http://www.4399.com/flash/212868.htm,端庄小女孩逃脱
http://www.4399.com/flash/212866.htm,金字塔逃离者13
http://www.4399.com/flash/212864.htm,逃离小茅屋
http://www.4399.com/flash/212863.htm,逃离快乐女孩的家
http://www.4399.com/flash/212856.htm,电鹳逃脱
http://www.4399.com/flash/212855.htm,小屋套房逃脱
http://www.4399.com/flash/212846.htm,诡异古堡逃脱
http://www.4399.com/flash/212845.htm,山羊快逃跑
http://www.4399.com/flash/212843.htm,逃离老教授的房间2
http://www.4399.com/flash/212842.htm,豪华桑拿房逃脱
http://www.4399.com/flash/212841.htm,唱歌场所逃脱
http://www.4399.com/flash/212839.htm,逃离活树森林
http://www.4399.com/flash/212838.htm,欢欣雀跃的男孩
http://www.4399.com/flash/212836.htm,救援问题女孩
http://www.4399.com/flash/212834.htm,逃离车厢之中
http://www.4399.com/flash/212832.htm,救援园丁男孩
http://www.4399.com/flash/212831.htm,幸灾乐祸的蟾蜍
http://www.4399.com/flash/212829.htm,救援滑稽的男孩
http://www.4399.com/flash/212818.htm,梳妆女孩逃跑
http://www.4399.com/flash/212814.htm,斗牛犬逃跑
http://www.4399.com/flash/212811.htm,逃离黑白居室
http://www.4399.com/flash/212810.htm,救援树袋熊
http://www.4399.com/flash/1382.htm,宠物连连看2.5版
http://www.4399.com/flash/12669.htm,果蔬连连看
http://www.4399.com/flash/17801.htm,宠物连连看3.1
http://www.4399.com/flash/20660.htm,森林冰火人中文版
http://www.4399.com/flash/93551.htm,小鳄鱼爱洗澡中文版
http://www.4399.com/flash/113377.htm,森林冰火人4无敌版
http://www.4399.com/flash/10393.htm,石头连连看
http://www.4399.com/flash/79068.htm,高楼爆破3无敌版
http://www.4399.com/flash/853.htm,五子连珠
http://www.4399.com/flash/17403.htm,青蛙祖玛
http://www.4399.com/flash/57474.htm,蝴蝶连连看
http://www.4399.com/flash/4781.htm,花花连连看
http://www.4399.com/flash/136516.htm,消灭星星豪华版
http://www.4399.com/flash/54423.htm,4399打豆豆
http://www.4399.com/flash/2231.htm,宠物连连看2.6
http://www.4399.com/flash/63033.htm,森林冰火人双人迷宫
http://www.4399.com/flash/68259.htm,河马饲养员
http://www.4399.com/flash/106202.htm,消灭星星中文版
http://www.4399.com/flash/62002.htm,疯狂过山车2
http://www.4399.com/flash/100125.htm,装载卡车4
http://www.4399.com/flash/131178.htm,帮鸟儿解冻3
http://www.4399.com/flash/106933.htm,坏蛋冰淇淋2无敌版
http://www.4399.com/flash/171900.htm,装载卡车5
http://www.4399.com/flash/147327.htm,亚当找夏娃3
http://www.4399.com/flash/10919.htm,宠物连连看3.0版
http://www.4399.com/flash/71760.htm,小婴儿逃出系列3
http://www.4399.com/flash/156918.htm,坏小孩回家4
http://www.4399.com/flash/37529.htm,小火车过隧道无敌版
http://www.4399.com/flash/50350.htm,唤醒嗜睡的小人
http://www.4399.com/flash/41285.htm,朵拉的迷你高尔夫
http://www.4399.com/flash/130836.htm,消你妹
http://www.4399.com/flash/128302.htm,消灭星星3电脑版
http://www.4399.com/flash/103266.htm,炮兵突击
http://www.4399.com/flash/96689.htm,愤怒的小鸟太空版HD
http://www.4399.com/flash/57317.htm,激光炮轰小怪2
http://www.4399.com/flash/4782.htm,汽车标志连连看
http://www.4399.com/flash/89614.htm,托马斯过河
http://www.4399.com/flash/88882.htm,海绵宝宝3D大富翁2
http://www.4399.com/flash/138881.htm,激光炮轰小怪3加强版
http://www.4399.com/flash/21223.htm,小球进洞
http://www.4399.com/flash/89107.htm,黑太狼吃羊2
http://www.4399.com/flash/152489.htm,史上最贱小游戏之体育
http://www.4399.com/flash/80211.htm,中国熊猫2无敌版
http://www.4399.com/flash/92102.htm,连连看3.1原版
http://www.4399.com/flash/76887.htm,宠物连连看可爱版
http://www.4399.com/flash/66922.htm,亚当找夏娃中文版
http://www.4399.com/flash/65959.htm,高楼爆破无敌版
http://www.4399.com/flash/34726.htm,4399水果连连看
http://www.4399.com/flash/47634.htm,让子弹飞
http://www.4399.com/flash/122189.htm,史上最贱小游戏3
http://www.4399.com/flash/184591.htm,捣蛋猪HD8.0
http://www.4399.com/flash/50306.htm,奇妙水世界
http://www.4399.com/flash/143168.htm,手纸没有了
http://www.4399.com/flash/79452.htm,森林冰火人3
http://www.4399.com/flash/73311.htm,破蛋专家
http://www.4399.com/flash/92953.htm,逗小猴开心7
http://www.4399.com/flash/132546.htm,亚当找夏娃2
http://www.4399.com/flash/80972.htm,宠物连连看经典版2
http://www.4399.com/flash/138976.htm,盗金父子
http://www.4399.com/flash/69774.htm,高楼爆破2无敌版
http://www.4399.com/flash/42075.htm,光头小子找出口
http://www.4399.com/flash/86544.htm,鸡蛋大逃亡2
http://www.4399.com/flash/30543.htm,小婴儿逃出系列1
http://www.4399.com/flash/63828.htm,红球与绿球
http://www.4399.com/flash/106849.htm,坏蛋冰淇淋2
http://www.4399.com/flash/41483.htm,装载卡车
http://www.4399.com/flash/16395.htm,小婴儿逃出系列2
http://www.4399.com/flash/158011.htm,小汽车的英雄梦
http://www.4399.com/flash/73122.htm,装载卡车3
http://www.4399.com/flash/102581.htm,帮鸟儿解冻
http://www.4399.com/flash/33249.htm,帮小狗取手绢
http://www.4399.com/flash/9840.htm,在线弹钢琴
http://www.4399.com/flash/78828.htm,益智乐高2中文版
http://www.4399.com/flash/35965.htm,直升机打气球
http://www.4399.com/flash/92108.htm,连连看原版
http://www.4399.com/flash/97275.htm,3D旋转麻将连连看
http://www.4399.com/flash/46428.htm,空姐阿Sue
http://www.4399.com/flash/24571.htm,宠物连连看3.1无敌版
http://www.4399.com/flash/8670.htm,宠物连连看特别版
http://www.4399.com/flash/50909.htm,植物战僵尸3D连连看
http://www.4399.com/flash/27265.htm,火柴人逃狱记
http://www.4399.com/flash/157666.htm,史上最贱小游戏13
http://www.4399.com/flash/113790.htm,找你妹正式版
http://www.4399.com/flash/123789.htm,恐龙觅食
http://www.4399.com/flash/128952.htm,坏蛋冰淇淋3
http://www.4399.com/flash/48349.htm,爱吃水果的虫子
http://www.4399.com/flash/1244.htm,红孩儿连连看
http://www.4399.com/flash/152162.htm,盗金父子2
http://www.4399.com/flash/8954.htm,阿sue家做客
http://www.4399.com/flash/142569.htm,一把火
http://www.4399.com/flash/91402.htm,保护橙子增强版3
http://www.4399.com/flash/56745.htm,动画师和动画
http://www.4399.com/flash/117146.htm,火柴人智闯飞艇
http://www.4399.com/flash/1287.htm,新麻雀连连看
http://www.4399.com/flash/134715.htm,捣蛋猪HD3.8
http://www.4399.com/flash/62725.htm,蜗牛鲍勃2中文版
http://www.4399.com/flash/123611.htm,小汽车的爱情梦
http://www.4399.com/flash/135633.htm,糖果去哪儿了2
http://www.4399.com/flash/151340.htm,熊猫逃生记之日本
http://www.4399.com/flash/212809.htm,逃离私人宾馆
http://www.4399.com/flash/212808.htm,逃离废弃的卧室
http://www.4399.com/flash/212807.htm,逃离迷失之地3
http://www.4399.com/flash/212806.htm,逃离迷失之地2
http://www.4399.com/flash/212796.htm,家庭娱乐室大逃脱
http://www.4399.com/flash/212792.htm,逃离迷失之地
http://www.4399.com/flash/212790.htm,逃离森林小房子
http://www.4399.com/flash/212789.htm,逃离绿色之林
http://www.4399.com/flash/212784.htm,救援清洁工
http://www.4399.com/flash/212783.htm,逃离资源大厅
http://www.4399.com/flash/212781.htm,救援好学的女孩
http://www.4399.com/flash/212779.htm,救援小麻雀
http://www.4399.com/flash/212774.htm,寄居蟹逃脱
http://www.4399.com/flash/212772.htm,山羊逃出农舍
http://www.4399.com/flash/212771.htm,菠萝女孩逃跑
http://www.4399.com/flash/212770.htm,幽暗岛逃脱
http://www.4399.com/flash/212769.htm,逃离厨师的家2
http://www.4399.com/flash/212768.htm,兔年逃脱记
http://www.4399.com/flash/212764.htm,旅行营地逃跑
http://www.4399.com/flash/212763.htm,高塔楼中逃生
http://www.4399.com/flash/212762.htm,救援瓢虫小宝宝
http://www.4399.com/flash/212760.htm,楼梯间创意室逃生
http://www.4399.com/flash/212759.htm,漂亮女孩快逃脱
http://www.4399.com/flash/212756.htm,逃离主卧室
http://www.4399.com/flash/212755.htm,救援弹乐器的老虎
http://www.4399.com/flash/212753.htm,音乐家逃离小屋3
http://www.4399.com/flash/212752.htm,救援文静的男子
http://www.4399.com/flash/212751.htm,救援深海章鱼
http://www.4399.com/flash/212735.htm,可爱兔画家逃脱
http://www.4399.com/flash/212734.htm,逃离简易房屋15
http://www.4399.com/flash/212732.htm,逃离浮动花园
http://www.4399.com/flash/212731.htm,绿龟快逃
http://www.4399.com/flash/212729.htm,平静的男孩逃跑
http://www.4399.com/flash/212728.htm,星际酒店逃脱
http://www.4399.com/flash/212725.htm,救援逃亡的国王
http://www.4399.com/flash/212724.htm,逃离神奇森林
http://www.4399.com/flash/212723.htm,救援美丽的女子
http://www.4399.com/flash/212720.htm,救援好看的男孩
http://www.4399.com/flash/212719.htm,救援可爱的野牛
http://www.4399.com/flash/212718.htm,救援欢喜猫咪
http://www.4399.com/flash/212711.htm,后院花园逃生
http://www.4399.com/flash/212709.htm,梦幻山森林逃脱
http://www.4399.com/flash/212707.htm,永无止境3
http://www.4399.com/flash/212705.htm,空教室逃生
http://www.4399.com/flash/212702.htm,可爱的男孩要逃跑
http://www.4399.com/flash/212700.htm,大猩猩快逃跑
http://www.4399.com/flash/212699.htm,逃出阁楼间
http://www.4399.com/flash/212698.htm,水果屋逃生
http://www.4399.com/flash/212696.htm,救援受困的骆驼
http://www.4399.com/flash/212695.htm,逃离计算机实验室
http://www.4399.com/flash/212692.htm,救援飞鹰
http://www.4399.com/flash/212691.htm,吃苹果的浣熊
http://www.4399.com/flash/212689.htm,救援受困的船长
http://www.4399.com/flash/212680.htm,星级酒店客房逃生
http://www.4399.com/flash/212679.htm,萤火虫仙子逃脱
http://www.4399.com/flash/212678.htm,办公会议室逃脱
http://www.4399.com/flash/1382.htm,宠物连连看2.5版
http://www.4399.com/flash/12669.htm,果蔬连连看
http://www.4399.com/flash/17801.htm,宠物连连看3.1
http://www.4399.com/flash/20660.htm,森林冰火人中文版
http://www.4399.com/flash/93551.htm,小鳄鱼爱洗澡中文版
http://www.4399.com/flash/113377.htm,森林冰火人4无敌版
http://www.4399.com/flash/10393.htm,石头连连看
http://www.4399.com/flash/79068.htm,高楼爆破3无敌版
http://www.4399.com/flash/853.htm,五子连珠
http://www.4399.com/flash/17403.htm,青蛙祖玛
http://www.4399.com/flash/57474.htm,蝴蝶连连看
http://www.4399.com/flash/4781.htm,花花连连看
http://www.4399.com/flash/136516.htm,消灭星星豪华版
http://www.4399.com/flash/54423.htm,4399打豆豆
http://www.4399.com/flash/2231.htm,宠物连连看2.6
http://www.4399.com/flash/63033.htm,森林冰火人双人迷宫
http://www.4399.com/flash/68259.htm,河马饲养员
http://www.4399.com/flash/106202.htm,消灭星星中文版
http://www.4399.com/flash/62002.htm,疯狂过山车2
http://www.4399.com/flash/100125.htm,装载卡车4
http://www.4399.com/flash/131178.htm,帮鸟儿解冻3
http://www.4399.com/flash/106933.htm,坏蛋冰淇淋2无敌版
http://www.4399.com/flash/171900.htm,装载卡车5
http://www.4399.com/flash/147327.htm,亚当找夏娃3
http://www.4399.com/flash/10919.htm,宠物连连看3.0版
http://www.4399.com/flash/71760.htm,小婴儿逃出系列3
http://www.4399.com/flash/156918.htm,坏小孩回家4
http://www.4399.com/flash/37529.htm,小火车过隧道无敌版
http://www.4399.com/flash/50350.htm,唤醒嗜睡的小人
http://www.4399.com/flash/41285.htm,朵拉的迷你高尔夫
http://www.4399.com/flash/130836.htm,消你妹
http://www.4399.com/flash/128302.htm,消灭星星3电脑版
http://www.4399.com/flash/103266.htm,炮兵突击
http://www.4399.com/flash/96689.htm,愤怒的小鸟太空版HD
http://www.4399.com/flash/57317.htm,激光炮轰小怪2
http://www.4399.com/flash/4782.htm,汽车标志连连看
http://www.4399.com/flash/89614.htm,托马斯过河
http://www.4399.com/flash/88882.htm,海绵宝宝3D大富翁2
http://www.4399.com/flash/138881.htm,激光炮轰小怪3加强版
http://www.4399.com/flash/21223.htm,小球进洞
http://www.4399.com/flash/89107.htm,黑太狼吃羊2
http://www.4399.com/flash/152489.htm,史上最贱小游戏之体育
http://www.4399.com/flash/80211.htm,中国熊猫2无敌版
http://www.4399.com/flash/92102.htm,连连看3.1原版
http://www.4399.com/flash/76887.htm,宠物连连看可爱版
http://www.4399.com/flash/66922.htm,亚当找夏娃中文版
http://www.4399.com/flash/65959.htm,高楼爆破无敌版
http://www.4399.com/flash/34726.htm,4399水果连连看
http://www.4399.com/flash/47634.htm,让子弹飞
http://www.4399.com/flash/122189.htm,史上最贱小游戏3
http://www.4399.com/flash/184591.htm,捣蛋猪HD8.0
http://www.4399.com/flash/50306.htm,奇妙水世界
http://www.4399.com/flash/143168.htm,手纸没有了
http://www.4399.com/flash/79452.htm,森林冰火人3
http://www.4399.com/flash/73311.htm,破蛋专家
http://www.4399.com/flash/92953.htm,逗小猴开心7
http://www.4399.com/flash/132546.htm,亚当找夏娃2
http://www.4399.com/flash/80972.htm,宠物连连看经典版2
http://www.4399.com/flash/138976.htm,盗金父子
http://www.4399.com/flash/69774.htm,高楼爆破2无敌版
http://www.4399.com/flash/42075.htm,光头小子找出口
http://www.4399.com/flash/86544.htm,鸡蛋大逃亡2
http://www.4399.com/flash/30543.htm,小婴儿逃出系列1
http://www.4399.com/flash/63828.htm,红球与绿球
http://www.4399.com/flash/106849.htm,坏蛋冰淇淋2
http://www.4399.com/flash/41483.htm,装载卡车
http://www.4399.com/flash/16395.htm,小婴儿逃出系列2
http://www.4399.com/flash/158011.htm,小汽车的英雄梦
http://www.4399.com/flash/73122.htm,装载卡车3
http://www.4399.com/flash/102581.htm,帮鸟儿解冻
http://www.4399.com/flash/33249.htm,帮小狗取手绢
http://www.4399.com/flash/9840.htm,在线弹钢琴
http://www.4399.com/flash/78828.htm,益智乐高2中文版
http://www.4399.com/flash/35965.htm,直升机打气球
http://www.4399.com/flash/92108.htm,连连看原版
http://www.4399.com/flash/97275.htm,3D旋转麻将连连看
http://www.4399.com/flash/46428.htm,空姐阿Sue
http://www.4399.com/flash/24571.htm,宠物连连看3.1无敌版
http://www.4399.com/flash/8670.htm,宠物连连看特别版
http://www.4399.com/flash/50909.htm,植物战僵尸3D连连看
http://www.4399.com/flash/27265.htm,火柴人逃狱记
http://www.4399.com/flash/157666.htm,史上最贱小游戏13
http://www.4399.com/flash/113790.htm,找你妹正式版
http://www.4399.com/flash/123789.htm,恐龙觅食
http://www.4399.com/flash/128952.htm,坏蛋冰淇淋3
http://www.4399.com/flash/48349.htm,爱吃水果的虫子
http://www.4399.com/flash/1244.htm,红孩儿连连看
http://www.4399.com/flash/152162.htm,盗金父子2
http://www.4399.com/flash/8954.htm,阿sue家做客
http://www.4399.com/flash/142569.htm,一把火
http://www.4399.com/flash/91402.htm,保护橙子增强版3
http://www.4399.com/flash/56745.htm,动画师和动画
http://www.4399.com/flash/117146.htm,火柴人智闯飞艇
http://www.4399.com/flash/1287.htm,新麻雀连连看
http://www.4399.com/flash/134715.htm,捣蛋猪HD3.8
http://www.4399.com/flash/62725.htm,蜗牛鲍勃2中文版
http://www.4399.com/flash/123611.htm,小汽车的爱情梦
http://www.4399.com/flash/135633.htm,糖果去哪儿了2
http://www.4399.com/flash/151340.htm,熊猫逃生记之日本
http://www.4399.com/flash/212677.htm,寻找丢失的国宝
http://www.4399.com/flash/212676.htm,时尚男孩逃跑
http://www.4399.com/flash/212675.htm,难以逃脱2
http://www.4399.com/flash/212674.htm,永无止境2
http://www.4399.com/flash/212673.htm,优雅老虎逃脱
http://www.4399.com/flash/212671.htm,救援小狐崽
http://www.4399.com/flash/212670.htm,逃离会议大厦
http://www.4399.com/flash/212669.htm,逃离精品酒店客房
http://www.4399.com/flash/212667.htm,背书包的恐龙
http://www.4399.com/flash/212666.htm,困在丛林小屋的男孩
http://www.4399.com/flash/212665.htm,阿拉伯女孩逃跑
http://www.4399.com/flash/212645.htm,鼓手大象逃走
http://www.4399.com/flash/212642.htm,复古城堡逃脱9
http://www.4399.com/flash/212641.htm,狂欢节大逃脱
http://www.4399.com/flash/212640.htm,欢乐小龟逃脱
http://www.4399.com/flash/212639.htm,野猪出逃
http://www.4399.com/flash/212634.htm,逃出舒适的客厅
http://www.4399.com/flash/212633.htm,逃离无人的课堂
http://www.4399.com/flash/212632.htm,救援受困的猎豹
http://www.4399.com/flash/212631.htm,救援白象
http://www.4399.com/flash/212630.htm,救援平静的护士
http://www.4399.com/flash/212629.htm,逃出小乡村2
http://www.4399.com/flash/212628.htm,祖父乡间别墅逃脱
http://www.4399.com/flash/212622.htm,森林大逃离
http://www.4399.com/flash/212617.htm,红猴子逃跑
http://www.4399.com/flash/212613.htm,森林木屋酒店逃脱
http://www.4399.com/flash/212612.htm,农场主人逃脱
http://www.4399.com/flash/212611.htm,逃出小乡村
http://www.4399.com/flash/212610.htm,棒球男孩逃跑
http://www.4399.com/flash/212609.htm,打球的男孩逃脱
http://www.4399.com/flash/212605.htm,神秘红森林逃脱
http://www.4399.com/flash/212603.htm,高级理发店逃脱
http://www.4399.com/flash/212594.htm,逃离乡村的别墅2
http://www.4399.com/flash/212593.htm,模特男孩逃跑
http://www.4399.com/flash/212591.htm,寻找特尔魔剑
http://www.4399.com/flash/212590.htm,冒险的男孩逃跑
http://www.4399.com/flash/212589.htm,彩色公鸡逃脱
http://www.4399.com/flash/212583.htm,救援可怜的海马
http://www.4399.com/flash/212582.htm,逃出地下通道
http://www.4399.com/flash/212581.htm,逃离乡村的别墅
http://www.4399.com/flash/212580.htm,逃离迷宫之中
http://www.4399.com/flash/212577.htm,逃出地下通道2
http://www.4399.com/flash/212574.htm,逃离遥远的地方2
http://www.4399.com/flash/212573.htm,逃离遥远的地方
http://www.4399.com/flash/212563.htm,金字塔逃离者12
http://www.4399.com/flash/212562.htm,城市住宅逃脱
http://www.4399.com/flash/212561.htm,梦幻女王森林救援
http://www.4399.com/flash/212560.htm,昏暗儿童房逃生37
http://www.4399.com/flash/212559.htm,办公室健身房逃生
http://www.4399.com/flash/212557.htm,画家兔先生逃跑
http://www.4399.com/flash/212555.htm,滑板男孩逃跑
http://www.4399.com/flash/212554.htm,救援优雅的鸽子
http://www.4399.com/flash/212553.htm,中年男大逃脱
http://www.4399.com/flash/212551.htm,逃离刺猬的家
http://www.4399.com/flash/212549.htm,逃离舒适的客厅
http://www.4399.com/flash/212548.htm,救援贪婪的鳄鱼
http://www.4399.com/flash/1382.htm,宠物连连看2.5版
http://www.4399.com/flash/12669.htm,果蔬连连看
http://www.4399.com/flash/17801.htm,宠物连连看3.1
http://www.4399.com/flash/20660.htm,森林冰火人中文版
http://www.4399.com/flash/93551.htm,小鳄鱼爱洗澡中文版
http://www.4399.com/flash/113377.htm,森林冰火人4无敌版
http://www.4399.com/flash/10393.htm,石头连连看
http://www.4399.com/flash/79068.htm,高楼爆破3无敌版
http://www.4399.com/flash/853.htm,五子连珠
http://www.4399.com/flash/17403.htm,青蛙祖玛
http://www.4399.com/flash/57474.htm,蝴蝶连连看
http://www.4399.com/flash/4781.htm,花花连连看
http://www.4399.com/flash/136516.htm,消灭星星豪华版
http://www.4399.com/flash/54423.htm,4399打豆豆
http://www.4399.com/flash/2231.htm,宠物连连看2.6
http://www.4399.com/flash/63033.htm,森林冰火人双人迷宫
http://www.4399.com/flash/68259.htm,河马饲养员
http://www.4399.com/flash/106202.htm,消灭星星中文版
http://www.4399.com/flash/62002.htm,疯狂过山车2
http://www.4399.com/flash/100125.htm,装载卡车4
http://www.4399.com/flash/131178.htm,帮鸟儿解冻3
http://www.4399.com/flash/106933.htm,坏蛋冰淇淋2无敌版
http://www.4399.com/flash/171900.htm,装载卡车5
http://www.4399.com/flash/147327.htm,亚当找夏娃3
http://www.4399.com/flash/10919.htm,宠物连连看3.0版
http://www.4399.com/flash/71760.htm,小婴儿逃出系列3
http://www.4399.com/flash/156918.htm,坏小孩回家4
http://www.4399.com/flash/37529.htm,小火车过隧道无敌版
http://www.4399.com/flash/50350.htm,唤醒嗜睡的小人
http://www.4399.com/flash/41285.htm,朵拉的迷你高尔夫
http://www.4399.com/flash/130836.htm,消你妹
http://www.4399.com/flash/128302.htm,消灭星星3电脑版
http://www.4399.com/flash/103266.htm,炮兵突击
http://www.4399.com/flash/96689.htm,愤怒的小鸟太空版HD
http://www.4399.com/flash/57317.htm,激光炮轰小怪2
http://www.4399.com/flash/4782.htm,汽车标志连连看
http://www.4399.com/flash/89614.htm,托马斯过河
http://www.4399.com/flash/88882.htm,海绵宝宝3D大富翁2
http://www.4399.com/flash/138881.htm,激光炮轰小怪3加强版
http://www.4399.com/flash/21223.htm,小球进洞
http://www.4399.com/flash/89107.htm,黑太狼吃羊2
http://www.4399.com/flash/152489.htm,史上最贱小游戏之体育
http://www.4399.com/flash/80211.htm,中国熊猫2无敌版
http://www.4399.com/flash/92102.htm,连连看3.1原版
http://www.4399.com/flash/76887.htm,宠物连连看可爱版
http://www.4399.com/flash/66922.htm,亚当找夏娃中文版
http://www.4399.com/flash/65959.htm,高楼爆破无敌版
http://www.4399.com/flash/34726.htm,4399水果连连看
http://www.4399.com/flash/47634.htm,让子弹飞
http://www.4399.com/flash/122189.htm,史上最贱小游戏3
http://www.4399.com/flash/184591.htm,捣蛋猪HD8.0
http://www.4399.com/flash/50306.htm,奇妙水世界
http://www.4399.com/flash/143168.htm,手纸没有了
http://www.4399.com/flash/79452.htm,森林冰火人3
http://www.4399.com/flash/73311.htm,破蛋专家
http://www.4399.com/flash/92953.htm,逗小猴开心7
http://www.4399.com/flash/132546.htm,亚当找夏娃2
http://www.4399.com/flash/80972.htm,宠物连连看经典版2
http://www.4399.com/flash/138976.htm,盗金父子
http://www.4399.com/flash/69774.htm,高楼爆破2无敌版
http://www.4399.com/flash/42075.htm,光头小子找出口
http://www.4399.com/flash/86544.htm,鸡蛋大逃亡2
http://www.4399.com/flash/30543.htm,小婴儿逃出系列1
http://www.4399.com/flash/63828.htm,红球与绿球
http://www.4399.com/flash/106849.htm,坏蛋冰淇淋2
http://www.4399.com/flash/41483.htm,装载卡车
http://www.4399.com/flash/16395.htm,小婴儿逃出系列2
http://www.4399.com/flash/158011.htm,小汽车的英雄梦
http://www.4399.com/flash/73122.htm,装载卡车3
http://www.4399.com/flash/102581.htm,帮鸟儿解冻
http://www.4399.com/flash/33249.htm,帮小狗取手绢
http://www.4399.com/flash/9840.htm,在线弹钢琴
http://www.4399.com/flash/78828.htm,益智乐高2中文版
http://www.4399.com/flash/35965.htm,直升机打气球
http://www.4399.com/flash/92108.htm,连连看原版
http://www.4399.com/flash/97275.htm,3D旋转麻将连连看
http://www.4399.com/flash/46428.htm,空姐阿Sue
http://www.4399.com/flash/24571.htm,宠物连连看3.1无敌版
http://www.4399.com/flash/8670.htm,宠物连连看特别版
http://www.4399.com/flash/50909.htm,植物战僵尸3D连连看
http://www.4399.com/flash/27265.htm,火柴人逃狱记
http://www.4399.com/flash/157666.htm,史上最贱小游戏13
http://www.4399.com/flash/113790.htm,找你妹正式版
http://www.4399.com/flash/123789.htm,恐龙觅食
http://www.4399.com/flash/128952.htm,坏蛋冰淇淋3
http://www.4399.com/flash/48349.htm,爱吃水果的虫子
http://www.4399.com/flash/1244.htm,红孩儿连连看
http://www.4399.com/flash/152162.htm,盗金父子2
http://www.4399.com/flash/8954.htm,阿sue家做客
http://www.4399.com/flash/142569.htm,一把火
http://www.4399.com/flash/91402.htm,保护橙子增强版3
http://www.4399.com/flash/56745.htm,动画师和动画
http://www.4399.com/flash/117146.htm,火柴人智闯飞艇
http://www.4399.com/flash/1287.htm,新麻雀连连看
http://www.4399.com/flash/134715.htm,捣蛋猪HD3.8
http://www.4399.com/flash/62725.htm,蜗牛鲍勃2中文版
http://www.4399.com/flash/123611.htm,小汽车的爱情梦
http://www.4399.com/flash/135633.htm,糖果去哪儿了2
http://www.4399.com/flash/151340.htm,熊猫逃生记之日本
http://www.4399.com/flash/212547.htm,救援熊猫超人
http://www.4399.com/flash/212546.htm,逃出时尚豪华客厅
http://www.4399.com/flash/212542.htm,困在森林的麻雀
http://www.4399.com/flash/212529.htm,虎斑猫逃跑
http://www.4399.com/flash/212527.htm,奇幻森林大逃脱
http://www.4399.com/flash/212525.htm,逃出地下通道3
http://www.4399.com/flash/212524.htm,轻松逃生10
http://www.4399.com/flash/212520.htm,舒适屋逃脱
http://www.4399.com/flash/212519.htm,逃出奇幻之林
http://www.4399.com/flash/212518.htm,逃离大型别墅
http://www.4399.com/flash/212516.htm,压抑的房间逃离
http://www.4399.com/flash/212513.htm,骆驼逃脱
http://www.4399.com/flash/212512.htm,逃离低矮的平房
http://www.4399.com/flash/212511.htm,救援强壮的老虎
http://www.4399.com/flash/212509.htm,逃离无人空间站
http://www.4399.com/flash/212508.htm,逃离电视台
http://www.4399.com/flash/212507.htm,逃离热带花卉街
http://www.4399.com/flash/212494.htm,逃离奢华房子
http://www.4399.com/flash/212493.htm,新高中逃学
http://www.4399.com/flash/212492.htm,森林中的豪宅逃生
http://www.4399.com/flash/212491.htm,梦幻花园逃脱
http://www.4399.com/flash/212488.htm,救援小鬣犬
http://www.4399.com/flash/212487.htm,逃离克罗夫之家
http://www.4399.com/flash/212485.htm,逃出废弃仓2
http://www.4399.com/flash/212484.htm,逃离渔夫之家2
http://www.4399.com/flash/212483.htm,逃离简易房屋14
http://www.4399.com/flash/212482.htm,荒废之地大逃脱6
http://www.4399.com/flash/212480.htm,封闭式商场逃生
http://www.4399.com/flash/212479.htm,救援疲劳的男孩
http://www.4399.com/flash/212476.htm,救援可爱的小熊猫
http://www.4399.com/flash/212475.htm,救援可爱的北极熊
http://www.4399.com/flash/212463.htm,沉思男孩逃跑
http://www.4399.com/flash/212462.htm,神秘森林大逃脱6
http://www.4399.com/flash/212460.htm,马索住宅逃生
http://www.4399.com/flash/212457.htm,救援聪明的家伙
http://www.4399.com/flash/212456.htm,逃离运动员更衣室
http://www.4399.com/flash/212455.htm,救援努力的工人
http://www.4399.com/flash/212452.htm,绿色现代家居逃脱
http://www.4399.com/flash/212451.htm,长颈鹿幼崽逃脱
http://www.4399.com/flash/212448.htm,逃出山坡上的村庄
http://www.4399.com/flash/212447.htm,高层商品房逃脱
http://www.4399.com/flash/212445.htm,当代别墅逃脱
http://www.4399.com/flash/212442.htm,城堡监狱大逃脱
http://www.4399.com/flash/212440.htm,逃出舒适的房屋
http://www.4399.com/flash/212438.htm,救援可爱的女大学生
http://www.4399.com/flash/212435.htm,救援欢快的公鸡
http://www.4399.com/flash/212432.htm,荒废之地大逃脱5
http://www.4399.com/flash/212431.htm,逃离神秘区域
http://www.4399.com/flash/212430.htm,救援漂亮的蜜蜂
http://www.4399.com/flash/212418.htm,逃出封闭诡异房间
http://www.4399.com/flash/212417.htm,浪漫粉红屋逃脱
http://www.4399.com/flash/212415.htm,小剑龙逃脱
http://www.4399.com/flash/212414.htm,逃出废弃仓
http://www.4399.com/flash/212413.htm,快乐南瓜精逃脱
http://www.4399.com/flash/212411.htm,逃离官员的家
http://www.4399.com/flash/212408.htm,逃离哥特式场所
http://www.4399.com/flash/1382.htm,宠物连连看2.5版
http://www.4399.com/flash/12669.htm,果蔬连连看
http://www.4399.com/flash/17801.htm,宠物连连看3.1
http://www.4399.com/flash/20660.htm,森林冰火人中文版
http://www.4399.com/flash/93551.htm,小鳄鱼爱洗澡中文版
http://www.4399.com/flash/113377.htm,森林冰火人4无敌版
http://www.4399.com/flash/10393.htm,石头连连看
http://www.4399.com/flash/79068.htm,高楼爆破3无敌版
http://www.4399.com/flash/853.htm,五子连珠
http://www.4399.com/flash/17403.htm,青蛙祖玛
http://www.4399.com/flash/57474.htm,蝴蝶连连看
http://www.4399.com/flash/4781.htm,花花连连看
http://www.4399.com/flash/136516.htm,消灭星星豪华版
http://www.4399.com/flash/54423.htm,4399打豆豆
http://www.4399.com/flash/2231.htm,宠物连连看2.6
http://www.4399.com/flash/63033.htm,森林冰火人双人迷宫
http://www.4399.com/flash/68259.htm,河马饲养员
http://www.4399.com/flash/106202.htm,消灭星星中文版
http://www.4399.com/flash/62002.htm,疯狂过山车2
http://www.4399.com/flash/100125.htm,装载卡车4
http://www.4399.com/flash/131178.htm,帮鸟儿解冻3
http://www.4399.com/flash/106933.htm,坏蛋冰淇淋2无敌版
http://www.4399.com/flash/171900.htm,装载卡车5
http://www.4399.com/flash/147327.htm,亚当找夏娃3
http://www.4399.com/flash/10919.htm,宠物连连看3.0版
http://www.4399.com/flash/71760.htm,小婴儿逃出系列3
http://www.4399.com/flash/156918.htm,坏小孩回家4
http://www.4399.com/flash/37529.htm,小火车过隧道无敌版
http://www.4399.com/flash/50350.htm,唤醒嗜睡的小人
http://www.4399.com/flash/41285.htm,朵拉的迷你高尔夫
http://www.4399.com/flash/130836.htm,消你妹
http://www.4399.com/flash/128302.htm,消灭星星3电脑版
http://www.4399.com/flash/103266.htm,炮兵突击
http://www.4399.com/flash/96689.htm,愤怒的小鸟太空版HD
http://www.4399.com/flash/57317.htm,激光炮轰小怪2
http://www.4399.com/flash/4782.htm,汽车标志连连看
http://www.4399.com/flash/89614.htm,托马斯过河
http://www.4399.com/flash/88882.htm,海绵宝宝3D大富翁2
http://www.4399.com/flash/138881.htm,激光炮轰小怪3加强版
http://www.4399.com/flash/21223.htm,小球进洞
http://www.4399.com/flash/89107.htm,黑太狼吃羊2
http://www.4399.com/flash/152489.htm,史上最贱小游戏之体育
http://www.4399.com/flash/80211.htm,中国熊猫2无敌版
http://www.4399.com/flash/92102.htm,连连看3.1原版
http://www.4399.com/flash/76887.htm,宠物连连看可爱版
http://www.4399.com/flash/66922.htm,亚当找夏娃中文版
http://www.4399.com/flash/65959.htm,高楼爆破无敌版
http://www.4399.com/flash/34726.htm,4399水果连连看
http://www.4399.com/flash/47634.htm,让子弹飞
http://www.4399.com/flash/122189.htm,史上最贱小游戏3
http://www.4399.com/flash/184591.htm,捣蛋猪HD8.0
http://www.4399.com/flash/50306.htm,奇妙水世界
http://www.4399.com/flash/143168.htm,手纸没有了
http://www.4399.com/flash/79452.htm,森林冰火人3
http://www.4399.com/flash/73311.htm,破蛋专家
http://www.4399.com/flash/92953.htm,逗小猴开心7
http://www.4399.com/flash/132546.htm,亚当找夏娃2
http://www.4399.com/flash/80972.htm,宠物连连看经典版2
http://www.4399.com/flash/138976.htm,盗金父子
http://www.4399.com/flash/69774.htm,高楼爆破2无敌版
http://www.4399.com/flash/42075.htm,光头小子找出口
http://www.4399.com/flash/86544.htm,鸡蛋大逃亡2
http://www.4399.com/flash/30543.htm,小婴儿逃出系列1
http://www.4399.com/flash/63828.htm,红球与绿球
http://www.4399.com/flash/106849.htm,坏蛋冰淇淋2
http://www.4399.com/flash/41483.htm,装载卡车
http://www.4399.com/flash/16395.htm,小婴儿逃出系列2
http://www.4399.com/flash/158011.htm,小汽车的英雄梦
http://www.4399.com/flash/73122.htm,装载卡车3
http://www.4399.com/flash/102581.htm,帮鸟儿解冻
http://www.4399.com/flash/33249.htm,帮小狗取手绢
http://www.4399.com/flash/9840.htm,在线弹钢琴
http://www.4399.com/flash/78828.htm,益智乐高2中文版
http://www.4399.com/flash/35965.htm,直升机打气球
http://www.4399.com/flash/92108.htm,连连看原版
http://www.4399.com/flash/97275.htm,3D旋转麻将连连看
http://www.4399.com/flash/46428.htm,空姐阿Sue
http://www.4399.com/flash/24571.htm,宠物连连看3.1无敌版
http://www.4399.com/flash/8670.htm,宠物连连看特别版
http://www.4399.com/flash/50909.htm,植物战僵尸3D连连看
http://www.4399.com/flash/27265.htm,火柴人逃狱记
http://www.4399.com/flash/157666.htm,史上最贱小游戏13
http://www.4399.com/flash/113790.htm,找你妹正式版
http://www.4399.com/flash/123789.htm,恐龙觅食
http://www.4399.com/flash/128952.htm,坏蛋冰淇淋3
http://www.4399.com/flash/48349.htm,爱吃水果的虫子
http://www.4399.com/flash/1244.htm,红孩儿连连看
http://www.4399.com/flash/152162.htm,盗金父子2
http://www.4399.com/flash/8954.htm,阿sue家做客
http://www.4399.com/flash/142569.htm,一把火
http://www.4399.com/flash/91402.htm,保护橙子增强版3
http://www.4399.com/flash/56745.htm,动画师和动画
http://www.4399.com/flash/117146.htm,火柴人智闯飞艇
http://www.4399.com/flash/1287.htm,新麻雀连连看
http://www.4399.com/flash/134715.htm,捣蛋猪HD3.8
http://www.4399.com/flash/62725.htm,蜗牛鲍勃2中文版
http://www.4399.com/flash/123611.htm,小汽车的爱情梦
http://www.4399.com/flash/135633.htm,糖果去哪儿了2
http://www.4399.com/flash/151340.htm,熊猫逃生记之日本
http://www.4399.com/flash/212406.htm,逃离秘密的基地
http://www.4399.com/flash/212405.htm,逃离秘密地穴城堡
http://www.4399.com/flash/212404.htm,逃离求婚现场
http://www.4399.com/flash/212400.htm,逃离传统小房屋
http://www.4399.com/flash/212392.htm,废弃房间内逃生2
http://www.4399.com/flash/212390.htm,老战士逃跑
http://www.4399.com/flash/212387.htm,逃出中世纪的城堡
http://www.4399.com/flash/212386.htm,荒废之地大逃脱4
http://www.4399.com/flash/212385.htm,逃出诡异之林
http://www.4399.com/flash/212382.htm,救援可爱的龙
http://www.4399.com/flash/212381.htm,逃离神秘基地2
http://www.4399.com/flash/212380.htm,神秘森林大逃脱5
http://www.4399.com/flash/212379.htm,逃离宫殿式住宅
http://www.4399.com/flash/212372.htm,营救城堡中的女王
http://www.4399.com/flash/212370.htm,活力男孩逃脱
http://www.4399.com/flash/212369.htm,金字塔逃离者11
http://www.4399.com/flash/212368.htm,蓝色章鱼逃脱
http://www.4399.com/flash/212367.htm,小龙快逃跑
http://www.4399.com/flash/212365.htm,逃离浪漫情人屋2
http://www.4399.com/flash/212364.htm,度假村浪漫夜逃脱
http://www.4399.com/flash/212362.htm,生锈厂车道逃生2
http://www.4399.com/flash/212357.htm,救援腹痛的女子
http://www.4399.com/flash/212355.htm,救援受困的穿山甲
http://www.4399.com/flash/212354.htm,逃离简易房屋13
http://www.4399.com/flash/212353.htm,救援开心的女孩
http://www.4399.com/flash/212352.htm,逃离冰淇淋小店
http://www.4399.com/flash/212351.htm,救援优雅男生
http://www.4399.com/flash/212342.htm,安静的狗逃跑
http://www.4399.com/flash/212338.htm,吃苹果的豪猪逃脱
http://www.4399.com/flash/212337.htm,夜间门逃生
http://www.4399.com/flash/212336.htm,山中情侣逃脱
http://www.4399.com/flash/212335.htm,可爱的男孩逃跑
http://www.4399.com/flash/212334.htm,行政大楼逃生
http://www.4399.com/flash/212333.htm,东海岸逃生
http://www.4399.com/flash/212332.htm,阴天主题公园逃生
http://www.4399.com/flash/212328.htm,大豪宅逃脱30
http://www.4399.com/flash/212327.htm,逃出封闭小房间6
http://www.4399.com/flash/212326.htm,拯救罗望子
http://www.4399.com/flash/212325.htm,单门逃生救援
http://www.4399.com/flash/212318.htm,木质公寓逃生
http://www.4399.com/flash/212317.htm,女孩辛珀逃跑
http://www.4399.com/flash/212312.htm,救援问题少年
http://www.4399.com/flash/212311.htm,救援优雅的孔雀
http://www.4399.com/flash/212309.htm,救援沉默的女孩
http://www.4399.com/flash/212308.htm,逃出木质房屋
http://www.4399.com/flash/212307.htm,逃离木质集装箱房屋
http://www.4399.com/flash/212303.htm,逃离复古爱情屋
http://www.4399.com/flash/212302.htm,救援迅猛龙
http://www.4399.com/flash/212294.htm,安静男孩逃跑
http://www.4399.com/flash/212293.htm,黑豹逃跑
http://www.4399.com/flash/212292.htm,小小婴儿逃脱
http://www.4399.com/flash/212291.htm,情人餐厅逃脱
http://www.4399.com/flash/212286.htm,救援英俊的学生
http://www.4399.com/flash/212285.htm,神秘森林大逃脱4
http://www.4399.com/flash/212284.htm,救援失踪的松鼠
http://www.4399.com/flash/212283.htm,逃离奇怪的丛林
http://www.4399.com/flash/1382.htm,宠物连连看2.5版
http://www.4399.com/flash/12669.htm,果蔬连连看
http://www.4399.com/flash/17801.htm,宠物连连看3.1
http://www.4399.com/flash/20660.htm,森林冰火人中文版
http://www.4399.com/flash/93551.htm,小鳄鱼爱洗澡中文版
http://www.4399.com/flash/113377.htm,森林冰火人4无敌版
http://www.4399.com/flash/10393.htm,石头连连看
http://www.4399.com/flash/79068.htm,高楼爆破3无敌版
http://www.4399.com/flash/853.htm,五子连珠
http://www.4399.com/flash/17403.htm,青蛙祖玛
http://www.4399.com/flash/57474.htm,蝴蝶连连看
http://www.4399.com/flash/4781.htm,花花连连看
http://www.4399.com/flash/136516.htm,消灭星星豪华版
http://www.4399.com/flash/54423.htm,4399打豆豆
http://www.4399.com/flash/2231.htm,宠物连连看2.6
http://www.4399.com/flash/63033.htm,森林冰火人双人迷宫
http://www.4399.com/flash/68259.htm,河马饲养员
http://www.4399.com/flash/106202.htm,消灭星星中文版
http://www.4399.com/flash/62002.htm,疯狂过山车2
http://www.4399.com/flash/100125.htm,装载卡车4
http://www.4399.com/flash/131178.htm,帮鸟儿解冻3
http://www.4399.com/flash/106933.htm,坏蛋冰淇淋2无敌版
http://www.4399.com/flash/171900.htm,装载卡车5
http://www.4399.com/flash/147327.htm,亚当找夏娃3
http://www.4399.com/flash/10919.htm,宠物连连看3.0版
http://www.4399.com/flash/71760.htm,小婴儿逃出系列3
http://www.4399.com/flash/156918.htm,坏小孩回家4
http://www.4399.com/flash/37529.htm,小火车过隧道无敌版
http://www.4399.com/flash/50350.htm,唤醒嗜睡的小人
http://www.4399.com/flash/41285.htm,朵拉的迷你高尔夫
http://www.4399.com/flash/130836.htm,消你妹
http://www.4399.com/flash/128302.htm,消灭星星3电脑版
http://www.4399.com/flash/103266.htm,炮兵突击
http://www.4399.com/flash/96689.htm,愤怒的小鸟太空版HD
http://www.4399.com/flash/57317.htm,激光炮轰小怪2
http://www.4399.com/flash/4782.htm,汽车标志连连看
http://www.4399.com/flash/89614.htm,托马斯过河
http://www.4399.com/flash/88882.htm,海绵宝宝3D大富翁2
http://www.4399.com/flash/138881.htm,激光炮轰小怪3加强版
http://www.4399.com/flash/21223.htm,小球进洞
http://www.4399.com/flash/89107.htm,黑太狼吃羊2
http://www.4399.com/flash/152489.htm,史上最贱小游戏之体育
http://www.4399.com/flash/80211.htm,中国熊猫2无敌版
http://www.4399.com/flash/92102.htm,连连看3.1原版
http://www.4399.com/flash/76887.htm,宠物连连看可爱版
http://www.4399.com/flash/66922.htm,亚当找夏娃中文版
http://www.4399.com/flash/65959.htm,高楼爆破无敌版
http://www.4399.com/flash/34726.htm,4399水果连连看
http://www.4399.com/flash/47634.htm,让子弹飞
http://www.4399.com/flash/122189.htm,史上最贱小游戏3
http://www.4399.com/flash/184591.htm,捣蛋猪HD8.0
http://www.4399.com/flash/50306.htm,奇妙水世界
http://www.4399.com/flash/143168.htm,手纸没有了
http://www.4399.com/flash/79452.htm,森林冰火人3
http://www.4399.com/flash/73311.htm,破蛋专家
http://www.4399.com/flash/92953.htm,逗小猴开心7
http://www.4399.com/flash/132546.htm,亚当找夏娃2
http://www.4399.com/flash/80972.htm,宠物连连看经典版2
http://www.4399.com/flash/138976.htm,盗金父子
http://www.4399.com/flash/69774.htm,高楼爆破2无敌版
http://www.4399.com/flash/42075.htm,光头小子找出口
http://www.4399.com/flash/86544.htm,鸡蛋大逃亡2
http://www.4399.com/flash/30543.htm,小婴儿逃出系列1
http://www.4399.com/flash/63828.htm,红球与绿球
http://www.4399.com/flash/106849.htm,坏蛋冰淇淋2
http://www.4399.com/flash/41483.htm,装载卡车
http://www.4399.com/flash/16395.htm,小婴儿逃出系列2
http://www.4399.com/flash/158011.htm,小汽车的英雄梦
http://www.4399.com/flash/73122.htm,装载卡车3
http://www.4399.com/flash/102581.htm,帮鸟儿解冻
http://www.4399.com/flash/33249.htm,帮小狗取手绢
http://www.4399.com/flash/9840.htm,在线弹钢琴
http://www.4399.com/flash/78828.htm,益智乐高2中文版
http://www.4399.com/flash/35965.htm,直升机打气球
http://www.4399.com/flash/92108.htm,连连看原版
http://www.4399.com/flash/97275.htm,3D旋转麻将连连看
http://www.4399.com/flash/46428.htm,空姐阿Sue
http://www.4399.com/flash/24571.htm,宠物连连看3.1无敌版
http://www.4399.com/flash/8670.htm,宠物连连看特别版
http://www.4399.com/flash/50909.htm,植物战僵尸3D连连看
http://www.4399.com/flash/27265.htm,火柴人逃狱记
http://www.4399.com/flash/157666.htm,史上最贱小游戏13
http://www.4399.com/flash/113790.htm,找你妹正式版
http://www.4399.com/flash/123789.htm,恐龙觅食
http://www.4399.com/flash/128952.htm,坏蛋冰淇淋3
http://www.4399.com/flash/48349.htm,爱吃水果的虫子
http://www.4399.com/flash/1244.htm,红孩儿连连看
http://www.4399.com/flash/152162.htm,盗金父子2
http://www.4399.com/flash/8954.htm,阿sue家做客
http://www.4399.com/flash/142569.htm,一把火
http://www.4399.com/flash/91402.htm,保护橙子增强版3
http://www.4399.com/flash/56745.htm,动画师和动画
http://www.4399.com/flash/117146.htm,火柴人智闯飞艇
http://www.4399.com/flash/1287.htm,新麻雀连连看
http://www.4399.com/flash/134715.htm,捣蛋猪HD3.8
http://www.4399.com/flash/62725.htm,蜗牛鲍勃2中文版
http://www.4399.com/flash/123611.htm,小汽车的爱情梦
http://www.4399.com/flash/135633.htm,糖果去哪儿了2
http://www.4399.com/flash/151340.htm,熊猫逃生记之日本
http://www.4399.com/flash/212282.htm,逃离聪明男孩的家
http://www.4399.com/flash/212281.htm,救援残疾的海盗
http://www.4399.com/flash/212280.htm,逃离生锈的工厂
http://www.4399.com/flash/212269.htm,华丽的花园逃生
http://www.4399.com/flash/212268.htm,海滩度假区逃生
http://www.4399.com/flash/212267.htm,爱情公园逃脱
http://www.4399.com/flash/212262.htm,救援现代的孩童
http://www.4399.com/flash/212261.htm,救援狐狸勇士
http://www.4399.com/flash/212259.htm,救援恐龙幼崽
http://www.4399.com/flash/212258.htm,救援爱情鸟
http://www.4399.com/flash/212257.htm,救援马戏团老虎
http://www.4399.com/flash/212256.htm,逃离爱情沙滩
http://www.4399.com/flash/212255.htm,逃离2020情人节
http://www.4399.com/flash/212254.htm,老火车逃脱
http://www.4399.com/flash/212253.htm,办公室食堂逃生
http://www.4399.com/flash/212251.htm,幸运小女孩逃脱
http://www.4399.com/flash/212249.htm,沙漠男人逃脱
http://www.4399.com/flash/212243.htm,欢乐小狗逃脱
http://www.4399.com/flash/212242.htm,逃出桃心房间
http://www.4399.com/flash/212231.htm,救援射箭女孩
http://www.4399.com/flash/212229.htm,救援可爱的猫咪
http://www.4399.com/flash/212228.htm,逃离蚱蜢森林
http://www.4399.com/flash/212226.htm,救援侏儒狨猴
http://www.4399.com/flash/212225.htm,荒废之地大逃脱3
http://www.4399.com/flash/212223.htm,逃离茂密的热带森林
http://www.4399.com/flash/212222.htm,逃离低层公寓
http://www.4399.com/flash/212218.htm,废弃房间内逃生
http://www.4399.com/flash/212214.htm,荒废之地大逃脱
http://www.4399.com/flash/212213.htm,黄金城逃脱
http://www.4399.com/flash/212211.htm,家庭娱乐室逃脱
http://www.4399.com/flash/212210.htm,荒废之地大逃脱2
http://www.4399.com/flash/212206.htm,小驴子大逃脱
http://www.4399.com/flash/212205.htm,可爱鸭子逃脱
http://www.4399.com/flash/212198.htm,逃出策划室2
http://www.4399.com/flash/212197.htm,逃离房屋前门
http://www.4399.com/flash/212196.htm,救援被困的男孩
http://www.4399.com/flash/212195.htm,逃离古代帝国城堡
http://www.4399.com/flash/212193.htm,逃离圣诞日8
http://www.4399.com/flash/212192.htm,救援可爱的小兔
http://www.4399.com/flash/212191.htm,逃离三扇门
http://www.4399.com/flash/212186.htm,蛇蛋逃脱
http://www.4399.com/flash/212183.htm,镇静女孩逃跑
http://www.4399.com/flash/212181.htm,拯救哺乳动物
http://www.4399.com/flash/212178.htm,青苔花园逃脱
http://www.4399.com/flash/212177.htm,棕色考拉熊逃跑
http://www.4399.com/flash/212176.htm,寻找金色的花
http://www.4399.com/flash/212175.htm,寻找五彩的泰迪熊
http://www.4399.com/flash/212174.htm,逃离中华城
http://www.4399.com/flash/212164.htm,旧海盗船逃跑
http://www.4399.com/flash/212157.htm,救援男射手
http://www.4399.com/flash/212155.htm,救援公鸡一家
http://www.4399.com/flash/212154.htm,寻找男孩的书包
http://www.4399.com/flash/212153.htm,困在超市的女子
http://www.4399.com/flash/212151.htm,救援梵天鸡
http://www.4399.com/flash/212150.htm,救援披风男孩
http://www.4399.com/flash/212149.htm,逃离景色宜人的森林
http://www.4399.com/flash/1382.htm,宠物连连看2.5版
http://www.4399.com/flash/12669.htm,果蔬连连看
http://www.4399.com/flash/17801.htm,宠物连连看3.1
http://www.4399.com/flash/20660.htm,森林冰火人中文版
http://www.4399.com/flash/93551.htm,小鳄鱼爱洗澡中文版
http://www.4399.com/flash/113377.htm,森林冰火人4无敌版
http://www.4399.com/flash/10393.htm,石头连连看
http://www.4399.com/flash/79068.htm,高楼爆破3无敌版
http://www.4399.com/flash/853.htm,五子连珠
http://www.4399.com/flash/17403.htm,青蛙祖玛
http://www.4399.com/flash/57474.htm,蝴蝶连连看
http://www.4399.com/flash/4781.htm,花花连连看
http://www.4399.com/flash/136516.htm,消灭星星豪华版
http://www.4399.com/flash/54423.htm,4399打豆豆
http://www.4399.com/flash/2231.htm,宠物连连看2.6
http://www.4399.com/flash/63033.htm,森林冰火人双人迷宫
http://www.4399.com/flash/68259.htm,河马饲养员
http://www.4399.com/flash/106202.htm,消灭星星中文版
http://www.4399.com/flash/62002.htm,疯狂过山车2
http://www.4399.com/flash/100125.htm,装载卡车4
http://www.4399.com/flash/131178.htm,帮鸟儿解冻3
http://www.4399.com/flash/106933.htm,坏蛋冰淇淋2无敌版
http://www.4399.com/flash/171900.htm,装载卡车5
http://www.4399.com/flash/147327.htm,亚当找夏娃3
http://www.4399.com/flash/10919.htm,宠物连连看3.0版
http://www.4399.com/flash/71760.htm,小婴儿逃出系列3
http://www.4399.com/flash/156918.htm,坏小孩回家4
http://www.4399.com/flash/37529.htm,小火车过隧道无敌版
http://www.4399.com/flash/50350.htm,唤醒嗜睡的小人
http://www.4399.com/flash/41285.htm,朵拉的迷你高尔夫
http://www.4399.com/flash/130836.htm,消你妹
http://www.4399.com/flash/128302.htm,消灭星星3电脑版
http://www.4399.com/flash/103266.htm,炮兵突击
http://www.4399.com/flash/96689.htm,愤怒的小鸟太空版HD
http://www.4399.com/flash/57317.htm,激光炮轰小怪2
http://www.4399.com/flash/4782.htm,汽车标志连连看
http://www.4399.com/flash/89614.htm,托马斯过河
http://www.4399.com/flash/88882.htm,海绵宝宝3D大富翁2
http://www.4399.com/flash/138881.htm,激光炮轰小怪3加强版
http://www.4399.com/flash/21223.htm,小球进洞
http://www.4399.com/flash/89107.htm,黑太狼吃羊2
http://www.4399.com/flash/152489.htm,史上最贱小游戏之体育
http://www.4399.com/flash/80211.htm,中国熊猫2无敌版
http://www.4399.com/flash/92102.htm,连连看3.1原版
http://www.4399.com/flash/76887.htm,宠物连连看可爱版
http://www.4399.com/flash/66922.htm,亚当找夏娃中文版
http://www.4399.com/flash/65959.htm,高楼爆破无敌版
http://www.4399.com/flash/34726.htm,4399水果连连看
http://www.4399.com/flash/47634.htm,让子弹飞
http://www.4399.com/flash/122189.htm,史上最贱小游戏3
http://www.4399.com/flash/184591.htm,捣蛋猪HD8.0
http://www.4399.com/flash/50306.htm,奇妙水世界
http://www.4399.com/flash/143168.htm,手纸没有了
http://www.4399.com/flash/79452.htm,森林冰火人3
http://www.4399.com/flash/73311.htm,破蛋专家
http://www.4399.com/flash/92953.htm,逗小猴开心7
http://www.4399.com/flash/132546.htm,亚当找夏娃2
http://www.4399.com/flash/80972.htm,宠物连连看经典版2
http://www.4399.com/flash/138976.htm,盗金父子
http://www.4399.com/flash/69774.htm,高楼爆破2无敌版
http://www.4399.com/flash/42075.htm,光头小子找出口
http://www.4399.com/flash/86544.htm,鸡蛋大逃亡2
http://www.4399.com/flash/30543.htm,小婴儿逃出系列1
http://www.4399.com/flash/63828.htm,红球与绿球
http://www.4399.com/flash/106849.htm,坏蛋冰淇淋2
http://www.4399.com/flash/41483.htm,装载卡车
http://www.4399.com/flash/16395.htm,小婴儿逃出系列2
http://www.4399.com/flash/158011.htm,小汽车的英雄梦
http://www.4399.com/flash/73122.htm,装载卡车3
http://www.4399.com/flash/102581.htm,帮鸟儿解冻
http://www.4399.com/flash/33249.htm,帮小狗取手绢
http://www.4399.com/flash/9840.htm,在线弹钢琴
http://www.4399.com/flash/78828.htm,益智乐高2中文版
http://www.4399.com/flash/35965.htm,直升机打气球
http://www.4399.com/flash/92108.htm,连连看原版
http://www.4399.com/flash/97275.htm,3D旋转麻将连连看
http://www.4399.com/flash/46428.htm,空姐阿Sue
http://www.4399.com/flash/24571.htm,宠物连连看3.1无敌版
http://www.4399.com/flash/8670.htm,宠物连连看特别版
http://www.4399.com/flash/50909.htm,植物战僵尸3D连连看
http://www.4399.com/flash/27265.htm,火柴人逃狱记
http://www.4399.com/flash/157666.htm,史上最贱小游戏13
http://www.4399.com/flash/113790.htm,找你妹正式版
http://www.4399.com/flash/123789.htm,恐龙觅食
http://www.4399.com/flash/128952.htm,坏蛋冰淇淋3
http://www.4399.com/flash/48349.htm,爱吃水果的虫子
http://www.4399.com/flash/1244.htm,红孩儿连连看
http://www.4399.com/flash/152162.htm,盗金父子2
http://www.4399.com/flash/8954.htm,阿sue家做客
http://www.4399.com/flash/142569.htm,一把火
http://www.4399.com/flash/91402.htm,保护橙子增强版3
http://www.4399.com/flash/56745.htm,动画师和动画
http://www.4399.com/flash/117146.htm,火柴人智闯飞艇
http://www.4399.com/flash/1287.htm,新麻雀连连看
http://www.4399.com/flash/134715.htm,捣蛋猪HD3.8
http://www.4399.com/flash/62725.htm,蜗牛鲍勃2中文版
http://www.4399.com/flash/123611.htm,小汽车的爱情梦
http://www.4399.com/flash/135633.htm,糖果去哪儿了2
http://www.4399.com/flash/151340.htm,熊猫逃生记之日本
http://www.4399.com/flash/212146.htm,鱼缸小屋逃脱
http://www.4399.com/flash/212145.htm,虎幼崽逃脱
http://www.4399.com/flash/212144.htm,营救被困的狮子
http://www.4399.com/flash/212140.htm,精致木屋逃生
http://www.4399.com/flash/212139.htm,市中心住宅逃生2
http://www.4399.com/flash/212135.htm,市中心住宅逃生
http://www.4399.com/flash/212131.htm,网球男孩逃跑
http://www.4399.com/flash/212130.htm,活泼小女孩逃脱
http://www.4399.com/flash/212123.htm,逃离上锁的办公室
http://www.4399.com/flash/212122.htm,救援空手道女孩
http://www.4399.com/flash/212121.htm,救援猎犬狗
http://www.4399.com/flash/212120.htm,救援水管工人
http://www.4399.com/flash/212119.htm,救援魔法猫头鹰
http://www.4399.com/flash/212118.htm,逃离虚拟娱乐室
http://www.4399.com/flash/212117.htm,逃离春耕房
http://www.4399.com/flash/212110.htm,熔岩城堡逃脱
http://www.4399.com/flash/212108.htm,部落老人逃脱
http://www.4399.com/flash/212107.htm,逃出废旧之所
http://www.4399.com/flash/212105.htm,逃脱游戏嘉年华5
http://www.4399.com/flash/212104.htm,空旅馆逃脱
http://www.4399.com/flash/212101.htm,逃出宽敞宅院2
http://www.4399.com/flash/212100.htm,贵气豪宅逃脱
http://www.4399.com/flash/212099.htm,小拳击手逃跑
http://www.4399.com/flash/212096.htm,救援开心小男孩
http://www.4399.com/flash/212095.htm,救援绿色独角龙
http://www.4399.com/flash/212093.htm,逃离古堡地牢
http://www.4399.com/flash/212092.htm,救援绅士猫
http://www.4399.com/flash/212090.htm,刷牙男孩逃脱
http://www.4399.com/flash/212086.htm,水下娱乐室逃脱
http://www.4399.com/flash/212076.htm,复古城堡逃脱8
http://www.4399.com/flash/212073.htm,喝牛奶男孩逃跑
http://www.4399.com/flash/212072.htm,环颈鸽子逃脱
http://www.4399.com/flash/212069.htm,沙漠部落救援
http://www.4399.com/flash/212068.htm,可爱小老鼠逃脱
http://www.4399.com/flash/212064.htm,救援可爱企鹅
http://www.4399.com/flash/212060.htm,救援可爱的精灵男孩
http://www.4399.com/flash/212058.htm,逃离办公楼
http://www.4399.com/flash/212057.htm,金字塔逃离者7
http://www.4399.com/flash/212056.htm,救援受困的浣熊
http://www.4399.com/flash/212055.htm,逃脱游戏嘉年华4
http://www.4399.com/flash/212054.htm,救援可爱鳄鱼
http://www.4399.com/flash/212047.htm,金字塔逃离者10
http://www.4399.com/flash/212045.htm,可爱的刺猬逃脱
http://www.4399.com/flash/212044.htm,公寓房间逃生
http://www.4399.com/flash/212043.htm,逃离奇幻之森
http://www.4399.com/flash/212042.htm,救援欢快的松鼠
http://www.4399.com/flash/212041.htm,可爱小狮子大逃脱
http://www.4399.com/flash/212040.htm,封闭办公室逃生
http://www.4399.com/flash/212039.htm,神秘夜林逃脱
http://www.4399.com/flash/212038.htm,蝴蝶姑娘逃出林宅
http://www.4399.com/flash/212035.htm,逃离寺庙地牢
http://www.4399.com/flash/212030.htm,逃离新年夜
http://www.4399.com/flash/212028.htm,逃离树叶森林
http://www.4399.com/flash/212026.htm,逃离阴暗密室2
http://www.4399.com/flash/212023.htm,逃离阴暗密室
http://www.4399.com/flash/212013.htm,现代石屋逃生
http://www.4399.com/flash/1382.htm,宠物连连看2.5版
http://www.4399.com/flash/12669.htm,果蔬连连看
http://www.4399.com/flash/17801.htm,宠物连连看3.1
http://www.4399.com/flash/20660.htm,森林冰火人中文版
http://www.4399.com/flash/93551.htm,小鳄鱼爱洗澡中文版
http://www.4399.com/flash/113377.htm,森林冰火人4无敌版
http://www.4399.com/flash/10393.htm,石头连连看
http://www.4399.com/flash/79068.htm,高楼爆破3无敌版
http://www.4399.com/flash/853.htm,五子连珠
http://www.4399.com/flash/17403.htm,青蛙祖玛
http://www.4399.com/flash/57474.htm,蝴蝶连连看
http://www.4399.com/flash/4781.htm,花花连连看
http://www.4399.com/flash/136516.htm,消灭星星豪华版
http://www.4399.com/flash/54423.htm,4399打豆豆
http://www.4399.com/flash/2231.htm,宠物连连看2.6
http://www.4399.com/flash/63033.htm,森林冰火人双人迷宫
http://www.4399.com/flash/68259.htm,河马饲养员
http://www.4399.com/flash/106202.htm,消灭星星中文版
http://www.4399.com/flash/62002.htm,疯狂过山车2
http://www.4399.com/flash/100125.htm,装载卡车4
http://www.4399.com/flash/131178.htm,帮鸟儿解冻3
http://www.4399.com/flash/106933.htm,坏蛋冰淇淋2无敌版
http://www.4399.com/flash/171900.htm,装载卡车5
http://www.4399.com/flash/147327.htm,亚当找夏娃3
http://www.4399.com/flash/10919.htm,宠物连连看3.0版
http://www.4399.com/flash/71760.htm,小婴儿逃出系列3
http://www.4399.com/flash/156918.htm,坏小孩回家4
http://www.4399.com/flash/37529.htm,小火车过隧道无敌版
http://www.4399.com/flash/50350.htm,唤醒嗜睡的小人
http://www.4399.com/flash/41285.htm,朵拉的迷你高尔夫
http://www.4399.com/flash/130836.htm,消你妹
http://www.4399.com/flash/128302.htm,消灭星星3电脑版
http://www.4399.com/flash/103266.htm,炮兵突击
http://www.4399.com/flash/96689.htm,愤怒的小鸟太空版HD
http://www.4399.com/flash/57317.htm,激光炮轰小怪2
http://www.4399.com/flash/4782.htm,汽车标志连连看
http://www.4399.com/flash/89614.htm,托马斯过河
http://www.4399.com/flash/88882.htm,海绵宝宝3D大富翁2
http://www.4399.com/flash/138881.htm,激光炮轰小怪3加强版
http://www.4399.com/flash/21223.htm,小球进洞
http://www.4399.com/flash/89107.htm,黑太狼吃羊2
http://www.4399.com/flash/152489.htm,史上最贱小游戏之体育
http://www.4399.com/flash/80211.htm,中国熊猫2无敌版
http://www.4399.com/flash/92102.htm,连连看3.1原版
http://www.4399.com/flash/76887.htm,宠物连连看可爱版
http://www.4399.com/flash/66922.htm,亚当找夏娃中文版
http://www.4399.com/flash/65959.htm,高楼爆破无敌版
http://www.4399.com/flash/34726.htm,4399水果连连看
http://www.4399.com/flash/47634.htm,让子弹飞
http://www.4399.com/flash/122189.htm,史上最贱小游戏3
http://www.4399.com/flash/184591.htm,捣蛋猪HD8.0
http://www.4399.com/flash/50306.htm,奇妙水世界
http://www.4399.com/flash/143168.htm,手纸没有了
http://www.4399.com/flash/79452.htm,森林冰火人3
http://www.4399.com/flash/73311.htm,破蛋专家
http://www.4399.com/flash/92953.htm,逗小猴开心7
http://www.4399.com/flash/132546.htm,亚当找夏娃2
http://www.4399.com/flash/80972.htm,宠物连连看经典版2
http://www.4399.com/flash/138976.htm,盗金父子
http://www.4399.com/flash/69774.htm,高楼爆破2无敌版
http://www.4399.com/flash/42075.htm,光头小子找出口
http://www.4399.com/flash/86544.htm,鸡蛋大逃亡2
http://www.4399.com/flash/30543.htm,小婴儿逃出系列1
http://www.4399.com/flash/63828.htm,红球与绿球
http://www.4399.com/flash/106849.htm,坏蛋冰淇淋2
http://www.4399.com/flash/41483.htm,装载卡车
http://www.4399.com/flash/16395.htm,小婴儿逃出系列2
http://www.4399.com/flash/158011.htm,小汽车的英雄梦
http://www.4399.com/flash/73122.htm,装载卡车3
http://www.4399.com/flash/102581.htm,帮鸟儿解冻
http://www.4399.com/flash/33249.htm,帮小狗取手绢
http://www.4399.com/flash/9840.htm,在线弹钢琴
http://www.4399.com/flash/78828.htm,益智乐高2中文版
http://www.4399.com/flash/35965.htm,直升机打气球
http://www.4399.com/flash/92108.htm,连连看原版
http://www.4399.com/flash/97275.htm,3D旋转麻将连连看
http://www.4399.com/flash/46428.htm,空姐阿Sue
http://www.4399.com/flash/24571.htm,宠物连连看3.1无敌版
http://www.4399.com/flash/8670.htm,宠物连连看特别版
http://www.4399.com/flash/50909.htm,植物战僵尸3D连连看
http://www.4399.com/flash/27265.htm,火柴人逃狱记
http://www.4399.com/flash/157666.htm,史上最贱小游戏13
http://www.4399.com/flash/113790.htm,找你妹正式版
http://www.4399.com/flash/123789.htm,恐龙觅食
http://www.4399.com/flash/128952.htm,坏蛋冰淇淋3
http://www.4399.com/flash/48349.htm,爱吃水果的虫子
http://www.4399.com/flash/1244.htm,红孩儿连连看
http://www.4399.com/flash/152162.htm,盗金父子2
http://www.4399.com/flash/8954.htm,阿sue家做客
http://www.4399.com/flash/142569.htm,一把火
http://www.4399.com/flash/91402.htm,保护橙子增强版3
http://www.4399.com/flash/56745.htm,动画师和动画
http://www.4399.com/flash/117146.htm,火柴人智闯飞艇
http://www.4399.com/flash/1287.htm,新麻雀连连看
http://www.4399.com/flash/134715.htm,捣蛋猪HD3.8
http://www.4399.com/flash/62725.htm,蜗牛鲍勃2中文版
http://www.4399.com/flash/123611.htm,小汽车的爱情梦
http://www.4399.com/flash/135633.htm,糖果去哪儿了2
http://www.4399.com/flash/151340.htm,熊猫逃生记之日本
http://www.4399.com/flash/212010.htm,逃脱游戏嘉年华3
http://www.4399.com/flash/212009.htm,可爱大象逃脱
http://www.4399.com/flash/212008.htm,可爱女孩要逃脱
http://www.4399.com/flash/212007.htm,拯救食肉动物
http://www.4399.com/flash/212006.htm,蜜月屋逃脱
http://www.4399.com/flash/212005.htm,逃出奢华小院
http://www.4399.com/flash/212004.htm,逃出神秘之所2
http://www.4399.com/flash/212003.htm,荒废之地逃脱
http://www.4399.com/flash/212002.htm,花生先生逃脱
http://www.4399.com/flash/211999.htm,救援吃冰淇淋的男孩
http://www.4399.com/flash/211998.htm,逃离中世纪的办公室
http://www.4399.com/flash/211991.htm,救援奇努克狗
http://www.4399.com/flash/211988.htm,逃离沙地之森
http://www.4399.com/flash/211987.htm,大豪宅逃脱29
http://www.4399.com/flash/211986.htm,逃离洁白大住宅
http://www.4399.com/flash/211985.htm,逃出神秘之地
http://www.4399.com/flash/211975.htm,豪华黄屋逃脱
http://www.4399.com/flash/211974.htm,马厩屋逃生
http://www.4399.com/flash/211972.htm,可爱小宝贝逃脱
http://www.4399.com/flash/211970.htm,高贵小猫逃脱
http://www.4399.com/flash/211968.htm,趣味游戏室逃生
http://www.4399.com/flash/211967.htm,小狗达尔逃跑
http://www.4399.com/flash/211966.htm,逃出神秘之所
http://www.4399.com/flash/211965.htm,金字塔逃离者9
http://www.4399.com/flash/211964.htm,矮人小屋逃脱
http://www.4399.com/flash/211963.htm,奢华别墅大逃脱
http://www.4399.com/flash/211962.htm,逃离行政套间
http://www.4399.com/flash/211961.htm,金字塔逃离者8
http://www.4399.com/flash/211959.htm,逃离紫色蜡笔屋
http://www.4399.com/flash/211957.htm,逃离海盗男孩之家
http://www.4399.com/flash/211956.htm,救援两只蜜蜂
http://www.4399.com/flash/211938.htm,逃离幽灵屋
http://www.4399.com/flash/211954.htm,救援欢乐的老虎
http://www.4399.com/flash/211952.htm,救援小青龙
http://www.4399.com/flash/211936.htm,逃离娱乐场所
http://www.4399.com/flash/211935.htm,救援愤怒的斗牛犬
http://www.4399.com/flash/211931.htm,救援可怜的小猫
http://www.4399.com/flash/211929.htm,救援贪婪的猫
http://www.4399.com/flash/211927.htm,救援腼腆的熊宝宝
http://www.4399.com/flash/211925.htm,救援时尚的狐猴
http://www.4399.com/flash/211917.htm,逃脱游戏嘉年华2
http://www.4399.com/flash/211914.htm,乡间别墅逃脱
http://www.4399.com/flash/211910.htm,逃离圣诞日4
http://www.4399.com/flash/211905.htm,救援猫宝宝
http://www.4399.com/flash/211902.htm,逃离艺术熊猫
http://www.4399.com/flash/211901.htm,逃离零售店
http://www.4399.com/flash/211900.htm,救援雪鹿
http://www.4399.com/flash/211898.htm,逃离单身汉之家
http://www.4399.com/flash/211897.htm,受困的男孩
http://www.4399.com/flash/211895.htm,逃出策划室
http://www.4399.com/flash/211890.htm,大豪宅逃脱28
http://www.4399.com/flash/211886.htm,营救猫鼬
http://www.4399.com/flash/211880.htm,无人街上营救
http://www.4399.com/flash/211878.htm,可爱的山羊逃跑
http://www.4399.com/flash/211876.htm,逃出暗红色房间
http://www.4399.com/flash/211875.htm,小和尚逃脱
http://www.4399.com/flash/1382.htm,宠物连连看2.5版
http://www.4399.com/flash/12669.htm,果蔬连连看
http://www.4399.com/flash/17801.htm,宠物连连看3.1
http://www.4399.com/flash/20660.htm,森林冰火人中文版
http://www.4399.com/flash/93551.htm,小鳄鱼爱洗澡中文版
http://www.4399.com/flash/113377.htm,森林冰火人4无敌版
http://www.4399.com/flash/10393.htm,石头连连看
http://www.4399.com/flash/79068.htm,高楼爆破3无敌版
http://www.4399.com/flash/853.htm,五子连珠
http://www.4399.com/flash/17403.htm,青蛙祖玛
http://www.4399.com/flash/57474.htm,蝴蝶连连看
http://www.4399.com/flash/4781.htm,花花连连看
http://www.4399.com/flash/136516.htm,消灭星星豪华版
http://www.4399.com/flash/54423.htm,4399打豆豆
http://www.4399.com/flash/2231.htm,宠物连连看2.6
http://www.4399.com/flash/63033.htm,森林冰火人双人迷宫
http://www.4399.com/flash/68259.htm,河马饲养员
http://www.4399.com/flash/106202.htm,消灭星星中文版
http://www.4399.com/flash/62002.htm,疯狂过山车2
http://www.4399.com/flash/100125.htm,装载卡车4
http://www.4399.com/flash/131178.htm,帮鸟儿解冻3
http://www.4399.com/flash/106933.htm,坏蛋冰淇淋2无敌版
http://www.4399.com/flash/171900.htm,装载卡车5
http://www.4399.com/flash/147327.htm,亚当找夏娃3
http://www.4399.com/flash/10919.htm,宠物连连看3.0版
http://www.4399.com/flash/71760.htm,小婴儿逃出系列3
http://www.4399.com/flash/156918.htm,坏小孩回家4
http://www.4399.com/flash/37529.htm,小火车过隧道无敌版
http://www.4399.com/flash/50350.htm,唤醒嗜睡的小人
http://www.4399.com/flash/41285.htm,朵拉的迷你高尔夫
http://www.4399.com/flash/130836.htm,消你妹
http://www.4399.com/flash/128302.htm,消灭星星3电脑版
http://www.4399.com/flash/103266.htm,炮兵突击
http://www.4399.com/flash/96689.htm,愤怒的小鸟太空版HD
http://www.4399.com/flash/57317.htm,激光炮轰小怪2
http://www.4399.com/flash/4782.htm,汽车标志连连看
http://www.4399.com/flash/89614.htm,托马斯过河
http://www.4399.com/flash/88882.htm,海绵宝宝3D大富翁2
http://www.4399.com/flash/138881.htm,激光炮轰小怪3加强版
http://www.4399.com/flash/21223.htm,小球进洞
http://www.4399.com/flash/89107.htm,黑太狼吃羊2
http://www.4399.com/flash/152489.htm,史上最贱小游戏之体育
http://www.4399.com/flash/80211.htm,中国熊猫2无敌版
http://www.4399.com/flash/92102.htm,连连看3.1原版
http://www.4399.com/flash/76887.htm,宠物连连看可爱版
http://www.4399.com/flash/66922.htm,亚当找夏娃中文版
http://www.4399.com/flash/65959.htm,高楼爆破无敌版
http://www.4399.com/flash/34726.htm,4399水果连连看
http://www.4399.com/flash/47634.htm,让子弹飞
http://www.4399.com/flash/122189.htm,史上最贱小游戏3
http://www.4399.com/flash/184591.htm,捣蛋猪HD8.0
http://www.4399.com/flash/50306.htm,奇妙水世界
http://www.4399.com/flash/143168.htm,手纸没有了
http://www.4399.com/flash/79452.htm,森林冰火人3
http://www.4399.com/flash/73311.htm,破蛋专家
http://www.4399.com/flash/92953.htm,逗小猴开心7
http://www.4399.com/flash/132546.htm,亚当找夏娃2
http://www.4399.com/flash/80972.htm,宠物连连看经典版2
http://www.4399.com/flash/138976.htm,盗金父子
http://www.4399.com/flash/69774.htm,高楼爆破2无敌版
http://www.4399.com/flash/42075.htm,光头小子找出口
http://www.4399.com/flash/86544.htm,鸡蛋大逃亡2
http://www.4399.com/flash/30543.htm,小婴儿逃出系列1
http://www.4399.com/flash/63828.htm,红球与绿球
http://www.4399.com/flash/106849.htm,坏蛋冰淇淋2
http://www.4399.com/flash/41483.htm,装载卡车
http://www.4399.com/flash/16395.htm,小婴儿逃出系列2
http://www.4399.com/flash/158011.htm,小汽车的英雄梦
http://www.4399.com/flash/73122.htm,装载卡车3
http://www.4399.com/flash/102581.htm,帮鸟儿解冻
http://www.4399.com/flash/33249.htm,帮小狗取手绢
http://www.4399.com/flash/9840.htm,在线弹钢琴
http://www.4399.com/flash/78828.htm,益智乐高2中文版
http://www.4399.com/flash/35965.htm,直升机打气球
http://www.4399.com/flash/92108.htm,连连看原版
http://www.4399.com/flash/97275.htm,3D旋转麻将连连看
http://www.4399.com/flash/46428.htm,空姐阿Sue
http://www.4399.com/flash/24571.htm,宠物连连看3.1无敌版
http://www.4399.com/flash/8670.htm,宠物连连看特别版
http://www.4399.com/flash/50909.htm,植物战僵尸3D连连看
http://www.4399.com/flash/27265.htm,火柴人逃狱记
http://www.4399.com/flash/157666.htm,史上最贱小游戏13
http://www.4399.com/flash/113790.htm,找你妹正式版
http://www.4399.com/flash/123789.htm,恐龙觅食
http://www.4399.com/flash/128952.htm,坏蛋冰淇淋3
http://www.4399.com/flash/48349.htm,爱吃水果的虫子
http://www.4399.com/flash/1244.htm,红孩儿连连看
http://www.4399.com/flash/152162.htm,盗金父子2
http://www.4399.com/flash/8954.htm,阿sue家做客
http://www.4399.com/flash/142569.htm,一把火
http://www.4399.com/flash/91402.htm,保护橙子增强版3
http://www.4399.com/flash/56745.htm,动画师和动画
http://www.4399.com/flash/117146.htm,火柴人智闯飞艇
http://www.4399.com/flash/1287.htm,新麻雀连连看
http://www.4399.com/flash/134715.htm,捣蛋猪HD3.8
http://www.4399.com/flash/62725.htm,蜗牛鲍勃2中文版
http://www.4399.com/flash/123611.htm,小汽车的爱情梦
http://www.4399.com/flash/135633.htm,糖果去哪儿了2
http://www.4399.com/flash/151340.htm,熊猫逃生记之日本
http://www.4399.com/flash/211873.htm,万圣小男孩逃脱
http://www.4399.com/flash/211871.htm,雪童逃跑
http://www.4399.com/flash/211867.htm,救援受困的女皇
http://www.4399.com/flash/211865.htm,救援小海盗
http://www.4399.com/flash/211864.htm,逃离电影院
http://www.4399.com/flash/211863.htm,救援可爱的老虎
http://www.4399.com/flash/211861.htm,逃离泰米尔传统村落
http://www.4399.com/flash/211860.htm,大豪宅逃脱27
http://www.4399.com/flash/211858.htm,救援平静的女孩
http://www.4399.com/flash/211848.htm,危机丛林逃脱
http://www.4399.com/flash/211847.htm,大猩猩逃跑
http://www.4399.com/flash/211846.htm,逃离圣诞日7
http://www.4399.com/flash/211845.htm,逃离地下暗室
http://www.4399.com/flash/211844.htm,逃离破碎的梦境
http://www.4399.com/flash/211843.htm,救援小瓢虫
http://www.4399.com/flash/211836.htm,寻找战利品
http://www.4399.com/flash/211835.htm,神秘森林大逃脱3
http://www.4399.com/flash/211834.htm,爱笑女孩逃脱
http://www.4399.com/flash/211827.htm,逃离猫头鹰森林
http://www.4399.com/flash/211825.htm,金字塔逃离者6
http://www.4399.com/flash/211823.htm,逃离圣诞日6
http://www.4399.com/flash/211822.htm,救援安静的男孩
http://www.4399.com/flash/211821.htm,逃离家庭餐厅
http://www.4399.com/flash/211816.htm,救援受伤的袋鼠
http://www.4399.com/flash/211813.htm,逃出空城街道
http://www.4399.com/flash/211811.htm,逃出昏暗场地
http://www.4399.com/flash/211807.htm,高中学校逃脱
http://www.4399.com/flash/211805.htm,逃出昏暗场地2
http://www.4399.com/flash/211804.htm,雪鹿救援
http://www.4399.com/flash/211803.htm,拯救疯狂的猴子
http://www.4399.com/flash/211802.htm,逃出幽暗地下室
http://www.4399.com/flash/211801.htm,俱乐部室内逃脱
http://www.4399.com/flash/211800.htm,幼年期小猫逃脱
http://www.4399.com/flash/211799.htm,慵懒熊猫逃脱
http://www.4399.com/flash/211795.htm,逃离圣诞日5
http://www.4399.com/flash/211794.htm,昏暗儿童房逃生36
http://www.4399.com/flash/211793.htm,逃离黑白色调房屋
http://www.4399.com/flash/211792.htm,救援镇定的小象
http://www.4399.com/flash/211791.htm,救援雌性兔子
http://www.4399.com/flash/211789.htm,逃离邮差的家
http://www.4399.com/flash/211777.htm,可爱考拉逃脱
http://www.4399.com/flash/211775.htm,神奇女王森林逃脱
http://www.4399.com/flash/211774.htm,逃离简易房屋12
http://www.4399.com/flash/211773.htm,男孩逃离小屋
http://www.4399.com/flash/211772.htm,侍者逃跑
http://www.4399.com/flash/211771.htm,辫子小狗逃脱
http://www.4399.com/flash/211768.htm,救援机修工3
http://www.4399.com/flash/211766.htm,逃离格罗夫湖
http://www.4399.com/flash/211765.htm,救援黄金飞龙
http://www.4399.com/flash/211762.htm,救援奶牛
http://www.4399.com/flash/211760.htm,救援绅士男孩
http://www.4399.com/flash/211759.htm,救援熊猫宝宝
http://www.4399.com/flash/211754.htm,冬季疯狂门逃生
http://www.4399.com/flash/211753.htm,屋内房间逃脱
http://www.4399.com/flash/211752.htm,拯救骆驼
http://www.4399.com/flash/211749.htm,露齿猴逃跑
http://www.4399.com/flash/1382.htm,宠物连连看2.5版
http://www.4399.com/flash/12669.htm,果蔬连连看
http://www.4399.com/flash/17801.htm,宠物连连看3.1
http://www.4399.com/flash/20660.htm,森林冰火人中文版
http://www.4399.com/flash/93551.htm,小鳄鱼爱洗澡中文版
http://www.4399.com/flash/113377.htm,森林冰火人4无敌版
http://www.4399.com/flash/10393.htm,石头连连看
http://www.4399.com/flash/79068.htm,高楼爆破3无敌版
http://www.4399.com/flash/853.htm,五子连珠
http://www.4399.com/flash/17403.htm,青蛙祖玛
http://www.4399.com/flash/57474.htm,蝴蝶连连看
http://www.4399.com/flash/4781.htm,花花连连看
http://www.4399.com/flash/136516.htm,消灭星星豪华版
http://www.4399.com/flash/54423.htm,4399打豆豆
http://www.4399.com/flash/2231.htm,宠物连连看2.6
http://www.4399.com/flash/63033.htm,森林冰火人双人迷宫
http://www.4399.com/flash/68259.htm,河马饲养员
http://www.4399.com/flash/106202.htm,消灭星星中文版
http://www.4399.com/flash/62002.htm,疯狂过山车2
http://www.4399.com/flash/100125.htm,装载卡车4
http://www.4399.com/flash/131178.htm,帮鸟儿解冻3
http://www.4399.com/flash/106933.htm,坏蛋冰淇淋2无敌版
http://www.4399.com/flash/171900.htm,装载卡车5
http://www.4399.com/flash/147327.htm,亚当找夏娃3
http://www.4399.com/flash/10919.htm,宠物连连看3.0版
http://www.4399.com/flash/71760.htm,小婴儿逃出系列3
http://www.4399.com/flash/156918.htm,坏小孩回家4
http://www.4399.com/flash/37529.htm,小火车过隧道无敌版
http://www.4399.com/flash/50350.htm,唤醒嗜睡的小人
http://www.4399.com/flash/41285.htm,朵拉的迷你高尔夫
http://www.4399.com/flash/130836.htm,消你妹
http://www.4399.com/flash/128302.htm,消灭星星3电脑版
http://www.4399.com/flash/103266.htm,炮兵突击
http://www.4399.com/flash/96689.htm,愤怒的小鸟太空版HD
http://www.4399.com/flash/57317.htm,激光炮轰小怪2
http://www.4399.com/flash/4782.htm,汽车标志连连看
http://www.4399.com/flash/89614.htm,托马斯过河
http://www.4399.com/flash/88882.htm,海绵宝宝3D大富翁2
http://www.4399.com/flash/138881.htm,激光炮轰小怪3加强版
http://www.4399.com/flash/21223.htm,小球进洞
http://www.4399.com/flash/89107.htm,黑太狼吃羊2
http://www.4399.com/flash/152489.htm,史上最贱小游戏之体育
http://www.4399.com/flash/80211.htm,中国熊猫2无敌版
http://www.4399.com/flash/92102.htm,连连看3.1原版
http://www.4399.com/flash/76887.htm,宠物连连看可爱版
http://www.4399.com/flash/66922.htm,亚当找夏娃中文版
http://www.4399.com/flash/65959.htm,高楼爆破无敌版
http://www.4399.com/flash/34726.htm,4399水果连连看
http://www.4399.com/flash/47634.htm,让子弹飞
http://www.4399.com/flash/122189.htm,史上最贱小游戏3
http://www.4399.com/flash/184591.htm,捣蛋猪HD8.0
http://www.4399.com/flash/50306.htm,奇妙水世界
http://www.4399.com/flash/143168.htm,手纸没有了
http://www.4399.com/flash/79452.htm,森林冰火人3
http://www.4399.com/flash/73311.htm,破蛋专家
http://www.4399.com/flash/92953.htm,逗小猴开心7
http://www.4399.com/flash/132546.htm,亚当找夏娃2
http://www.4399.com/flash/80972.htm,宠物连连看经典版2
http://www.4399.com/flash/138976.htm,盗金父子
http://www.4399.com/flash/69774.htm,高楼爆破2无敌版
http://www.4399.com/flash/42075.htm,光头小子找出口
http://www.4399.com/flash/86544.htm,鸡蛋大逃亡2
http://www.4399.com/flash/30543.htm,小婴儿逃出系列1
http://www.4399.com/flash/63828.htm,红球与绿球
http://www.4399.com/flash/106849.htm,坏蛋冰淇淋2
http://www.4399.com/flash/41483.htm,装载卡车
http://www.4399.com/flash/16395.htm,小婴儿逃出系列2
http://www.4399.com/flash/158011.htm,小汽车的英雄梦
http://www.4399.com/flash/73122.htm,装载卡车3
http://www.4399.com/flash/102581.htm,帮鸟儿解冻
http://www.4399.com/flash/33249.htm,帮小狗取手绢
http://www.4399.com/flash/9840.htm,在线弹钢琴
http://www.4399.com/flash/78828.htm,益智乐高2中文版
http://www.4399.com/flash/35965.htm,直升机打气球
http://www.4399.com/flash/92108.htm,连连看原版
http://www.4399.com/flash/97275.htm,3D旋转麻将连连看
http://www.4399.com/flash/46428.htm,空姐阿Sue
http://www.4399.com/flash/24571.htm,宠物连连看3.1无敌版
http://www.4399.com/flash/8670.htm,宠物连连看特别版
http://www.4399.com/flash/50909.htm,植物战僵尸3D连连看
http://www.4399.com/flash/27265.htm,火柴人逃狱记
http://www.4399.com/flash/157666.htm,史上最贱小游戏13
http://www.4399.com/flash/113790.htm,找你妹正式版
http://www.4399.com/flash/123789.htm,恐龙觅食
http://www.4399.com/flash/128952.htm,坏蛋冰淇淋3
http://www.4399.com/flash/48349.htm,爱吃水果的虫子
http://www.4399.com/flash/1244.htm,红孩儿连连看
http://www.4399.com/flash/152162.htm,盗金父子2
http://www.4399.com/flash/8954.htm,阿sue家做客
http://www.4399.com/flash/142569.htm,一把火
http://www.4399.com/flash/91402.htm,保护橙子增强版3
http://www.4399.com/flash/56745.htm,动画师和动画
http://www.4399.com/flash/117146.htm,火柴人智闯飞艇
http://www.4399.com/flash/1287.htm,新麻雀连连看
http://www.4399.com/flash/134715.htm,捣蛋猪HD3.8
http://www.4399.com/flash/62725.htm,蜗牛鲍勃2中文版
http://www.4399.com/flash/123611.htm,小汽车的爱情梦
http://www.4399.com/flash/135633.htm,糖果去哪儿了2
http://www.4399.com/flash/151340.htm,熊猫逃生记之日本
http://www.4399.com/flash/211744.htm,房船女孩逃跑
http://www.4399.com/flash/211743.htm,受伤猫头鹰逃脱
http://www.4399.com/flash/211742.htm,逃离废弃暗道2
http://www.4399.com/flash/211739.htm,逃离火箭舱
http://www.4399.com/flash/211738.htm,救援小粉猪
http://www.4399.com/flash/211737.htm,逃离荒废的建筑2
http://www.4399.com/flash/211735.htm,逃离荒废的建筑
http://www.4399.com/flash/211733.htm,逃离地下通道3
http://www.4399.com/flash/211732.htm,金字塔逃离者4
http://www.4399.com/flash/211731.htm,逃离球童的家
http://www.4399.com/flash/211728.htm,逃离地下通道2
http://www.4399.com/flash/211727.htm,邦尼逃学记
http://www.4399.com/flash/211720.htm,制作厂逃脱
http://www.4399.com/flash/211716.htm,黑暗地牢大逃脱
http://www.4399.com/flash/211715.htm,理发师逃脱
http://www.4399.com/flash/211711.htm,巨龟林逃脱
http://www.4399.com/flash/211710.htm,冬季逃出家
http://www.4399.com/flash/211706.htm,鹤鸟逃生
http://www.4399.com/flash/211705.htm,逃离地下通道
http://www.4399.com/flash/211703.htm,金字塔逃离者3
http://www.4399.com/flash/211702.htm,小黄鸡逃脱
http://www.4399.com/flash/211701.htm,逃离农村农舍
http://www.4399.com/flash/211699.htm,弃营逃生
http://www.4399.com/flash/211697.htm,救援温和的斑马
http://www.4399.com/flash/211696.htm,救援灵敏的女孩
http://www.4399.com/flash/211694.htm,逃离害虫之林
http://www.4399.com/flash/211692.htm,救援欢欣鼓舞的老鼠
http://www.4399.com/flash/211691.htm,救援受困的驹
http://www.4399.com/flash/211681.htm,逃离废弃暗道
http://www.4399.com/flash/211680.htm,冬季房间大逃生
http://www.4399.com/flash/211679.htm,逃离陷阱幻境3
http://www.4399.com/flash/211677.htm,寻找压岁钱4
http://www.4399.com/flash/211676.htm,逃离领导的住宅2
http://www.4399.com/flash/211675.htm,迷幻丛林逃脱
http://www.4399.com/flash/211670.htm,可爱小女孩逃离
http://www.4399.com/flash/211669.htm,救鹌鹑鸟
http://www.4399.com/flash/211668.htm,喜马拉雅冰川逃脱
http://www.4399.com/flash/211667.htm,逃离海滩度假酒店
http://www.4399.com/flash/211665.htm,逃离大罐子81
http://www.4399.com/flash/211663.htm,逃离冬季探险屋
http://www.4399.com/flash/211661.htm,逃离复古酒店客房
http://www.4399.com/flash/211658.htm,逃离无人火车站
http://www.4399.com/flash/211657.htm,逃离仓库中心
http://www.4399.com/flash/211656.htm,寻找遗失的报酬
http://www.4399.com/flash/211641.htm,逃离奇幻之地2
http://www.4399.com/flash/211640.htm,昏暗儿童房逃生35
http://www.4399.com/flash/211637.htm,奔跑的狮子逃脱
http://www.4399.com/flash/211636.htm,内向熊猫逃脱
http://www.4399.com/flash/211635.htm,少年房间逃跑
http://www.4399.com/flash/211633.htm,救援可爱的小绵羊
http://www.4399.com/flash/211632.htm,快速逃生门2
http://www.4399.com/flash/211630.htm,救援漂亮的小松鼠
http://www.4399.com/flash/211629.htm,头戴派对帽的小狗
http://www.4399.com/flash/211627.htm,逃出住宿之地
http://www.4399.com/flash/211626.htm,逃离老旧的圣诞屋
http://www.4399.com/flash/211625.htm,寻找压岁钱3
http://www.4399.com/flash/1382.htm,宠物连连看2.5版
http://www.4399.com/flash/12669.htm,果蔬连连看
http://www.4399.com/flash/17801.htm,宠物连连看3.1
http://www.4399.com/flash/20660.htm,森林冰火人中文版
http://www.4399.com/flash/93551.htm,小鳄鱼爱洗澡中文版
http://www.4399.com/flash/113377.htm,森林冰火人4无敌版
http://www.4399.com/flash/10393.htm,石头连连看
http://www.4399.com/flash/79068.htm,高楼爆破3无敌版
http://www.4399.com/flash/853.htm,五子连珠
http://www.4399.com/flash/17403.htm,青蛙祖玛
http://www.4399.com/flash/57474.htm,蝴蝶连连看
http://www.4399.com/flash/4781.htm,花花连连看
http://www.4399.com/flash/136516.htm,消灭星星豪华版
http://www.4399.com/flash/54423.htm,4399打豆豆
http://www.4399.com/flash/2231.htm,宠物连连看2.6
http://www.4399.com/flash/63033.htm,森林冰火人双人迷宫
http://www.4399.com/flash/68259.htm,河马饲养员
http://www.4399.com/flash/106202.htm,消灭星星中文版
http://www.4399.com/flash/62002.htm,疯狂过山车2
http://www.4399.com/flash/100125.htm,装载卡车4
http://www.4399.com/flash/131178.htm,帮鸟儿解冻3
http://www.4399.com/flash/106933.htm,坏蛋冰淇淋2无敌版
http://www.4399.com/flash/171900.htm,装载卡车5
http://www.4399.com/flash/147327.htm,亚当找夏娃3
http://www.4399.com/flash/10919.htm,宠物连连看3.0版
http://www.4399.com/flash/71760.htm,小婴儿逃出系列3
http://www.4399.com/flash/156918.htm,坏小孩回家4
http://www.4399.com/flash/37529.htm,小火车过隧道无敌版
http://www.4399.com/flash/50350.htm,唤醒嗜睡的小人
http://www.4399.com/flash/41285.htm,朵拉的迷你高尔夫
http://www.4399.com/flash/130836.htm,消你妹
http://www.4399.com/flash/128302.htm,消灭星星3电脑版
http://www.4399.com/flash/103266.htm,炮兵突击
http://www.4399.com/flash/96689.htm,愤怒的小鸟太空版HD
http://www.4399.com/flash/57317.htm,激光炮轰小怪2
http://www.4399.com/flash/4782.htm,汽车标志连连看
http://www.4399.com/flash/89614.htm,托马斯过河
http://www.4399.com/flash/88882.htm,海绵宝宝3D大富翁2
http://www.4399.com/flash/138881.htm,激光炮轰小怪3加强版
http://www.4399.com/flash/21223.htm,小球进洞
http://www.4399.com/flash/89107.htm,黑太狼吃羊2
http://www.4399.com/flash/152489.htm,史上最贱小游戏之体育
http://www.4399.com/flash/80211.htm,中国熊猫2无敌版
http://www.4399.com/flash/92102.htm,连连看3.1原版
http://www.4399.com/flash/76887.htm,宠物连连看可爱版
http://www.4399.com/flash/66922.htm,亚当找夏娃中文版
http://www.4399.com/flash/65959.htm,高楼爆破无敌版
http://www.4399.com/flash/34726.htm,4399水果连连看
http://www.4399.com/flash/47634.htm,让子弹飞
http://www.4399.com/flash/122189.htm,史上最贱小游戏3
http://www.4399.com/flash/184591.htm,捣蛋猪HD8.0
http://www.4399.com/flash/50306.htm,奇妙水世界
http://www.4399.com/flash/143168.htm,手纸没有了
http://www.4399.com/flash/79452.htm,森林冰火人3
http://www.4399.com/flash/73311.htm,破蛋专家
http://www.4399.com/flash/92953.htm,逗小猴开心7
http://www.4399.com/flash/132546.htm,亚当找夏娃2
http://www.4399.com/flash/80972.htm,宠物连连看经典版2
http://www.4399.com/flash/138976.htm,盗金父子
http://www.4399.com/flash/69774.htm,高楼爆破2无敌版
http://www.4399.com/flash/42075.htm,光头小子找出口
http://www.4399.com/flash/86544.htm,鸡蛋大逃亡2
http://www.4399.com/flash/30543.htm,小婴儿逃出系列1
http://www.4399.com/flash/63828.htm,红球与绿球
http://www.4399.com/flash/106849.htm,坏蛋冰淇淋2
http://www.4399.com/flash/41483.htm,装载卡车
http://www.4399.com/flash/16395.htm,小婴儿逃出系列2
http://www.4399.com/flash/158011.htm,小汽车的英雄梦
http://www.4399.com/flash/73122.htm,装载卡车3
http://www.4399.com/flash/102581.htm,帮鸟儿解冻
http://www.4399.com/flash/33249.htm,帮小狗取手绢
http://www.4399.com/flash/9840.htm,在线弹钢琴
http://www.4399.com/flash/78828.htm,益智乐高2中文版
http://www.4399.com/flash/35965.htm,直升机打气球
http://www.4399.com/flash/92108.htm,连连看原版
http://www.4399.com/flash/97275.htm,3D旋转麻将连连看
http://www.4399.com/flash/46428.htm,空姐阿Sue
http://www.4399.com/flash/24571.htm,宠物连连看3.1无敌版
http://www.4399.com/flash/8670.htm,宠物连连看特别版
http://www.4399.com/flash/50909.htm,植物战僵尸3D连连看
http://www.4399.com/flash/27265.htm,火柴人逃狱记
http://www.4399.com/flash/157666.htm,史上最贱小游戏13
http://www.4399.com/flash/113790.htm,找你妹正式版
http://www.4399.com/flash/123789.htm,恐龙觅食
http://www.4399.com/flash/128952.htm,坏蛋冰淇淋3
http://www.4399.com/flash/48349.htm,爱吃水果的虫子
http://www.4399.com/flash/1244.htm,红孩儿连连看
http://www.4399.com/flash/152162.htm,盗金父子2
http://www.4399.com/flash/8954.htm,阿sue家做客
http://www.4399.com/flash/142569.htm,一把火
http://www.4399.com/flash/91402.htm,保护橙子增强版3
http://www.4399.com/flash/56745.htm,动画师和动画
http://www.4399.com/flash/117146.htm,火柴人智闯飞艇
http://www.4399.com/flash/1287.htm,新麻雀连连看
http://www.4399.com/flash/134715.htm,捣蛋猪HD3.8
http://www.4399.com/flash/62725.htm,蜗牛鲍勃2中文版
http://www.4399.com/flash/123611.htm,小汽车的爱情梦
http://www.4399.com/flash/135633.htm,糖果去哪儿了2
http://www.4399.com/flash/151340.htm,熊猫逃生记之日本
http://www.4399.com/flash/211618.htm,梦幻孔雀逃脱
http://www.4399.com/flash/211616.htm,夜晚旧房间逃脱
http://www.4399.com/flash/211610.htm,圣诞屋大逃生
http://www.4399.com/flash/211609.htm,逃离山隐屋
http://www.4399.com/flash/211607.htm,救援神鹭
http://www.4399.com/flash/211605.htm,逃离圣诞礼物屋
http://www.4399.com/flash/211604.htm,逃离圣诞日3
http://www.4399.com/flash/211602.htm,逃离陷阱幻境2
http://www.4399.com/flash/211600.htm,逃离陷阱幻境
http://www.4399.com/flash/211588.htm,国外男孩逃脱
http://www.4399.com/flash/211584.htm,圣诞家庭逃生
http://www.4399.com/flash/211583.htm,乡村家庭酒吧逃生
http://www.4399.com/flash/211578.htm,寻找惊喜蛋糕
http://www.4399.com/flash/211574.htm,逃离领导的住宅
http://www.4399.com/flash/211572.htm,逃离上锁的车库
http://www.4399.com/flash/211570.htm,逃离酒店派对现场
http://www.4399.com/flash/211569.htm,逃离游轮客房
http://www.4399.com/flash/211568.htm,救援泡泡犬
http://www.4399.com/flash/211567.htm,寻找压岁钱2
http://www.4399.com/flash/211558.htm,中学楼梯逃生
http://www.4399.com/flash/211552.htm,粉色树林逃脱
http://www.4399.com/flash/211551.htm,找寻雪舱钥匙
http://www.4399.com/flash/211550.htm,小猴子逃跑
http://www.4399.com/flash/211548.htm,逃离圣诞房子
http://www.4399.com/flash/211543.htm,逃离幻象丛林
http://www.4399.com/flash/211541.htm,救援勇敢的男孩
http://www.4399.com/flash/211540.htm,救援红色小蚂蚁
http://www.4399.com/flash/211537.htm,救出圣诞企鹅
http://www.4399.com/flash/211533.htm,快速逃生门
http://www.4399.com/flash/211532.htm,驾驶员逃生2
http://www.4399.com/flash/211531.htm,黑皮肤女孩逃跑
http://www.4399.com/flash/211528.htm,受损邻居房屋救援
http://www.4399.com/flash/211527.htm,可爱狐猴逃脱
http://www.4399.com/flash/211522.htm,年后逃出家门
http://www.4399.com/flash/211521.htm,救援狒狒
http://www.4399.com/flash/211520.htm,困在商店的女孩
http://www.4399.com/flash/211519.htm,逃离2020新年
http://www.4399.com/flash/211504.htm,逃离地下客厅
http://www.4399.com/flash/211509.htm,逃离简易房屋11
http://www.4399.com/flash/211508.htm,救援疯狂的小鸡
http://www.4399.com/flash/211507.htm,逃离圣诞日2
http://www.4399.com/flash/211506.htm,救援萌萌的小河马
http://www.4399.com/flash/211501.htm,救援翘课的学生
http://www.4399.com/flash/211500.htm,困在太平洋的男孩
http://www.4399.com/flash/211493.htm,圣诞节房间逃离
http://www.4399.com/flash/211492.htm,新年现代屋逃脱
http://www.4399.com/flash/211491.htm,蹦跳松鼠逃脱
http://www.4399.com/flash/211489.htm,快乐小狗逃跑
http://www.4399.com/flash/211488.htm,阁楼工业用房逃生
http://www.4399.com/flash/211487.htm,寻找神秘圣诞礼物5
http://www.4399.com/flash/211486.htm,刷牙男孩逃跑
http://www.4399.com/flash/211485.htm,主题房间逃生
http://www.4399.com/flash/211484.htm,寻找聚会中的朋友
http://www.4399.com/flash/211482.htm,新年雪地逃生
http://www.4399.com/flash/211476.htm,逃离萌宠之家
http://www.4399.com/flash/211475.htm,逃离老舅的家
http://www.4399.com/flash/1382.htm,宠物连连看2.5版
http://www.4399.com/flash/12669.htm,果蔬连连看
http://www.4399.com/flash/17801.htm,宠物连连看3.1
http://www.4399.com/flash/20660.htm,森林冰火人中文版
http://www.4399.com/flash/93551.htm,小鳄鱼爱洗澡中文版
http://www.4399.com/flash/113377.htm,森林冰火人4无敌版
http://www.4399.com/flash/10393.htm,石头连连看
http://www.4399.com/flash/79068.htm,高楼爆破3无敌版
http://www.4399.com/flash/853.htm,五子连珠
http://www.4399.com/flash/17403.htm,青蛙祖玛
http://www.4399.com/flash/57474.htm,蝴蝶连连看
http://www.4399.com/flash/4781.htm,花花连连看
http://www.4399.com/flash/136516.htm,消灭星星豪华版
http://www.4399.com/flash/54423.htm,4399打豆豆
http://www.4399.com/flash/2231.htm,宠物连连看2.6
http://www.4399.com/flash/63033.htm,森林冰火人双人迷宫
http://www.4399.com/flash/68259.htm,河马饲养员
http://www.4399.com/flash/106202.htm,消灭星星中文版
http://www.4399.com/flash/62002.htm,疯狂过山车2
http://www.4399.com/flash/100125.htm,装载卡车4
http://www.4399.com/flash/131178.htm,帮鸟儿解冻3
http://www.4399.com/flash/106933.htm,坏蛋冰淇淋2无敌版
http://www.4399.com/flash/171900.htm,装载卡车5
http://www.4399.com/flash/147327.htm,亚当找夏娃3
http://www.4399.com/flash/10919.htm,宠物连连看3.0版
http://www.4399.com/flash/71760.htm,小婴儿逃出系列3
http://www.4399.com/flash/156918.htm,坏小孩回家4
http://www.4399.com/flash/37529.htm,小火车过隧道无敌版
http://www.4399.com/flash/50350.htm,唤醒嗜睡的小人
http://www.4399.com/flash/41285.htm,朵拉的迷你高尔夫
http://www.4399.com/flash/130836.htm,消你妹
http://www.4399.com/flash/128302.htm,消灭星星3电脑版
http://www.4399.com/flash/103266.htm,炮兵突击
http://www.4399.com/flash/96689.htm,愤怒的小鸟太空版HD
http://www.4399.com/flash/57317.htm,激光炮轰小怪2
http://www.4399.com/flash/4782.htm,汽车标志连连看
http://www.4399.com/flash/89614.htm,托马斯过河
http://www.4399.com/flash/88882.htm,海绵宝宝3D大富翁2
http://www.4399.com/flash/138881.htm,激光炮轰小怪3加强版
http://www.4399.com/flash/21223.htm,小球进洞
http://www.4399.com/flash/89107.htm,黑太狼吃羊2
http://www.4399.com/flash/152489.htm,史上最贱小游戏之体育
http://www.4399.com/flash/80211.htm,中国熊猫2无敌版
http://www.4399.com/flash/92102.htm,连连看3.1原版
http://www.4399.com/flash/76887.htm,宠物连连看可爱版
http://www.4399.com/flash/66922.htm,亚当找夏娃中文版
http://www.4399.com/flash/65959.htm,高楼爆破无敌版
http://www.4399.com/flash/34726.htm,4399水果连连看
http://www.4399.com/flash/47634.htm,让子弹飞
http://www.4399.com/flash/122189.htm,史上最贱小游戏3
http://www.4399.com/flash/184591.htm,捣蛋猪HD8.0
http://www.4399.com/flash/50306.htm,奇妙水世界
http://www.4399.com/flash/143168.htm,手纸没有了
http://www.4399.com/flash/79452.htm,森林冰火人3
http://www.4399.com/flash/73311.htm,破蛋专家
http://www.4399.com/flash/92953.htm,逗小猴开心7
http://www.4399.com/flash/132546.htm,亚当找夏娃2
http://www.4399.com/flash/80972.htm,宠物连连看经典版2
http://www.4399.com/flash/138976.htm,盗金父子
http://www.4399.com/flash/69774.htm,高楼爆破2无敌版
http://www.4399.com/flash/42075.htm,光头小子找出口
http://www.4399.com/flash/86544.htm,鸡蛋大逃亡2
http://www.4399.com/flash/30543.htm,小婴儿逃出系列1
http://www.4399.com/flash/63828.htm,红球与绿球
http://www.4399.com/flash/106849.htm,坏蛋冰淇淋2
http://www.4399.com/flash/41483.htm,装载卡车
http://www.4399.com/flash/16395.htm,小婴儿逃出系列2
http://www.4399.com/flash/158011.htm,小汽车的英雄梦
http://www.4399.com/flash/73122.htm,装载卡车3
http://www.4399.com/flash/102581.htm,帮鸟儿解冻
http://www.4399.com/flash/33249.htm,帮小狗取手绢
http://www.4399.com/flash/9840.htm,在线弹钢琴
http://www.4399.com/flash/78828.htm,益智乐高2中文版
http://www.4399.com/flash/35965.htm,直升机打气球
http://www.4399.com/flash/92108.htm,连连看原版
http://www.4399.com/flash/97275.htm,3D旋转麻将连连看
http://www.4399.com/flash/46428.htm,空姐阿Sue
http://www.4399.com/flash/24571.htm,宠物连连看3.1无敌版
http://www.4399.com/flash/8670.htm,宠物连连看特别版
http://www.4399.com/flash/50909.htm,植物战僵尸3D连连看
http://www.4399.com/flash/27265.htm,火柴人逃狱记
http://www.4399.com/flash/157666.htm,史上最贱小游戏13
http://www.4399.com/flash/113790.htm,找你妹正式版
http://www.4399.com/flash/123789.htm,恐龙觅食
http://www.4399.com/flash/128952.htm,坏蛋冰淇淋3
http://www.4399.com/flash/48349.htm,爱吃水果的虫子
http://www.4399.com/flash/1244.htm,红孩儿连连看
http://www.4399.com/flash/152162.htm,盗金父子2
http://www.4399.com/flash/8954.htm,阿sue家做客
http://www.4399.com/flash/142569.htm,一把火
http://www.4399.com/flash/91402.htm,保护橙子增强版3
http://www.4399.com/flash/56745.htm,动画师和动画
http://www.4399.com/flash/117146.htm,火柴人智闯飞艇
http://www.4399.com/flash/1287.htm,新麻雀连连看
http://www.4399.com/flash/134715.htm,捣蛋猪HD3.8
http://www.4399.com/flash/62725.htm,蜗牛鲍勃2中文版
http://www.4399.com/flash/123611.htm,小汽车的爱情梦
http://www.4399.com/flash/135633.htm,糖果去哪儿了2
http://www.4399.com/flash/151340.htm,熊猫逃生记之日本
http://www.4399.com/flash/211474.htm,逃离封闭的房屋
http://www.4399.com/flash/211471.htm,寻找圣诞节小礼物
http://www.4399.com/flash/211470.htm,逃离圣诞日
http://www.4399.com/flash/211469.htm,逃离新春险境
http://www.4399.com/flash/211456.htm,棕色水獭逃脱
http://www.4399.com/flash/211455.htm,逃出王室之地2
http://www.4399.com/flash/211454.htm,阿姆格尔逃生
http://www.4399.com/flash/211451.htm,救援快乐的棕熊
http://www.4399.com/flash/211449.htm,逃离新年酒吧派对
http://www.4399.com/flash/211448.htm,救援蓝色的鸟儿
http://www.4399.com/flash/211447.htm,逃离富有男子的家
http://www.4399.com/flash/211446.htm,圣诞快乐门逃生
http://www.4399.com/flash/211445.htm,救援无所事事的女子
http://www.4399.com/flash/211444.htm,寻找新年小礼物
http://www.4399.com/flash/211443.htm,救援狼狈的旅行者
http://www.4399.com/flash/211442.htm,玩球的小兔子逃脱
http://www.4399.com/flash/211436.htm,可爱黄蜂逃脱
http://www.4399.com/flash/211434.htm,巧克力男孩逃跑
http://www.4399.com/flash/211430.htm,新年别墅逃脱
http://www.4399.com/flash/211424.htm,逃离奇幻之林
http://www.4399.com/flash/211423.htm,逃离歌手之家
http://www.4399.com/flash/211422.htm,逃离假日公寓
http://www.4399.com/flash/211420.htm,逃离圣诞老人房间
http://www.4399.com/flash/211419.htm,逃离传统圣诞屋
http://www.4399.com/flash/211418.htm,逃离缤纷圣诞屋
http://www.4399.com/flash/211417.htm,逃离欢乐圣诞日
http://www.4399.com/flash/211412.htm,破旧废工厂逃脱
http://www.4399.com/flash/211410.htm,惊艳女孩逃脱
http://www.4399.com/flash/211408.htm,逃出世外桃源之地3
http://www.4399.com/flash/211406.htm,逃出度假别墅2
http://www.4399.com/flash/211402.htm,新年派对屋内逃脱
http://www.4399.com/flash/211401.htm,能量蛋逃脱
http://www.4399.com/flash/211400.htm,蝗虫逃逸
http://www.4399.com/flash/211399.htm,婚礼现场快逃脱
http://www.4399.com/flash/211396.htm,救援圣诞男孩
http://www.4399.com/flash/211395.htm,逃离圣诞阁楼
http://www.4399.com/flash/211394.htm,救援南瓜幽灵
http://www.4399.com/flash/211392.htm,逃离废弃皇宫
http://www.4399.com/flash/211391.htm,逃出世外桃源之地2
http://www.4399.com/flash/211390.htm,寻找雪人帽
http://www.4399.com/flash/211388.htm,逃出甜品世界
http://www.4399.com/flash/211386.htm,小女孩逃学
http://www.4399.com/flash/211384.htm,儿童室宠物救援
http://www.4399.com/flash/211379.htm,圣诞老人大救援
http://www.4399.com/flash/211367.htm,日落海滩逃生
http://www.4399.com/flash/211366.htm,律师事务所逃脱
http://www.4399.com/flash/211365.htm,逃离姜饼房
http://www.4399.com/flash/211364.htm,厨师长逃脱
http://www.4399.com/flash/211359.htm,陌生城市大逃脱
http://www.4399.com/flash/211358.htm,圣诞星森林逃脱
http://www.4399.com/flash/211357.htm,圣诞节逃出家里
http://www.4399.com/flash/211356.htm,逃出灌木之地
http://www.4399.com/flash/211355.htm,救援男孩与考拉
http://www.4399.com/flash/211354.htm,圣诞老人的秘密礼物
http://www.4399.com/flash/211353.htm,逃离2019圣诞节
http://www.4399.com/flash/211351.htm,逃离冬季冒险屋
http://www.4399.com/flash/1382.htm,宠物连连看2.5版
http://www.4399.com/flash/12669.htm,果蔬连连看
http://www.4399.com/flash/17801.htm,宠物连连看3.1
http://www.4399.com/flash/20660.htm,森林冰火人中文版
http://www.4399.com/flash/93551.htm,小鳄鱼爱洗澡中文版
http://www.4399.com/flash/113377.htm,森林冰火人4无敌版
http://www.4399.com/flash/10393.htm,石头连连看
http://www.4399.com/flash/79068.htm,高楼爆破3无敌版
http://www.4399.com/flash/853.htm,五子连珠
http://www.4399.com/flash/17403.htm,青蛙祖玛
http://www.4399.com/flash/57474.htm,蝴蝶连连看
http://www.4399.com/flash/4781.htm,花花连连看
http://www.4399.com/flash/136516.htm,消灭星星豪华版
http://www.4399.com/flash/54423.htm,4399打豆豆
http://www.4399.com/flash/2231.htm,宠物连连看2.6
http://www.4399.com/flash/63033.htm,森林冰火人双人迷宫
http://www.4399.com/flash/68259.htm,河马饲养员
http://www.4399.com/flash/106202.htm,消灭星星中文版
http://www.4399.com/flash/62002.htm,疯狂过山车2
http://www.4399.com/flash/100125.htm,装载卡车4
http://www.4399.com/flash/131178.htm,帮鸟儿解冻3
http://www.4399.com/flash/106933.htm,坏蛋冰淇淋2无敌版
http://www.4399.com/flash/171900.htm,装载卡车5
http://www.4399.com/flash/147327.htm,亚当找夏娃3
http://www.4399.com/flash/10919.htm,宠物连连看3.0版
http://www.4399.com/flash/71760.htm,小婴儿逃出系列3
http://www.4399.com/flash/156918.htm,坏小孩回家4
http://www.4399.com/flash/37529.htm,小火车过隧道无敌版
http://www.4399.com/flash/50350.htm,唤醒嗜睡的小人
http://www.4399.com/flash/41285.htm,朵拉的迷你高尔夫
http://www.4399.com/flash/130836.htm,消你妹
http://www.4399.com/flash/128302.htm,消灭星星3电脑版
http://www.4399.com/flash/103266.htm,炮兵突击
http://www.4399.com/flash/96689.htm,愤怒的小鸟太空版HD
http://www.4399.com/flash/57317.htm,激光炮轰小怪2
http://www.4399.com/flash/4782.htm,汽车标志连连看
http://www.4399.com/flash/89614.htm,托马斯过河
http://www.4399.com/flash/88882.htm,海绵宝宝3D大富翁2
http://www.4399.com/flash/138881.htm,激光炮轰小怪3加强版
http://www.4399.com/flash/21223.htm,小球进洞
http://www.4399.com/flash/89107.htm,黑太狼吃羊2
http://www.4399.com/flash/152489.htm,史上最贱小游戏之体育
http://www.4399.com/flash/80211.htm,中国熊猫2无敌版
http://www.4399.com/flash/92102.htm,连连看3.1原版
http://www.4399.com/flash/76887.htm,宠物连连看可爱版
http://www.4399.com/flash/66922.htm,亚当找夏娃中文版
http://www.4399.com/flash/65959.htm,高楼爆破无敌版
http://www.4399.com/flash/34726.htm,4399水果连连看
http://www.4399.com/flash/47634.htm,让子弹飞
http://www.4399.com/flash/122189.htm,史上最贱小游戏3
http://www.4399.com/flash/184591.htm,捣蛋猪HD8.0
http://www.4399.com/flash/50306.htm,奇妙水世界
http://www.4399.com/flash/143168.htm,手纸没有了
http://www.4399.com/flash/79452.htm,森林冰火人3
http://www.4399.com/flash/73311.htm,破蛋专家
http://www.4399.com/flash/92953.htm,逗小猴开心7
http://www.4399.com/flash/132546.htm,亚当找夏娃2
http://www.4399.com/flash/80972.htm,宠物连连看经典版2
http://www.4399.com/flash/138976.htm,盗金父子
http://www.4399.com/flash/69774.htm,高楼爆破2无敌版
http://www.4399.com/flash/42075.htm,光头小子找出口
http://www.4399.com/flash/86544.htm,鸡蛋大逃亡2
http://www.4399.com/flash/30543.htm,小婴儿逃出系列1
http://www.4399.com/flash/63828.htm,红球与绿球
http://www.4399.com/flash/106849.htm,坏蛋冰淇淋2
http://www.4399.com/flash/41483.htm,装载卡车
http://www.4399.com/flash/16395.htm,小婴儿逃出系列2
http://www.4399.com/flash/158011.htm,小汽车的英雄梦
http://www.4399.com/flash/73122.htm,装载卡车3
http://www.4399.com/flash/102581.htm,帮鸟儿解冻
http://www.4399.com/flash/33249.htm,帮小狗取手绢
http://www.4399.com/flash/9840.htm,在线弹钢琴
http://www.4399.com/flash/78828.htm,益智乐高2中文版
http://www.4399.com/flash/35965.htm,直升机打气球
http://www.4399.com/flash/92108.htm,连连看原版
http://www.4399.com/flash/97275.htm,3D旋转麻将连连看
http://www.4399.com/flash/46428.htm,空姐阿Sue
http://www.4399.com/flash/24571.htm,宠物连连看3.1无敌版
http://www.4399.com/flash/8670.htm,宠物连连看特别版
http://www.4399.com/flash/50909.htm,植物战僵尸3D连连看
http://www.4399.com/flash/27265.htm,火柴人逃狱记
http://www.4399.com/flash/157666.htm,史上最贱小游戏13
http://www.4399.com/flash/113790.htm,找你妹正式版
http://www.4399.com/flash/123789.htm,恐龙觅食
http://www.4399.com/flash/128952.htm,坏蛋冰淇淋3
http://www.4399.com/flash/48349.htm,爱吃水果的虫子
http://www.4399.com/flash/1244.htm,红孩儿连连看
http://www.4399.com/flash/152162.htm,盗金父子2
http://www.4399.com/flash/8954.htm,阿sue家做客
http://www.4399.com/flash/142569.htm,一把火
http://www.4399.com/flash/91402.htm,保护橙子增强版3
http://www.4399.com/flash/56745.htm,动画师和动画
http://www.4399.com/flash/117146.htm,火柴人智闯飞艇
http://www.4399.com/flash/1287.htm,新麻雀连连看
http://www.4399.com/flash/134715.htm,捣蛋猪HD3.8
http://www.4399.com/flash/62725.htm,蜗牛鲍勃2中文版
http://www.4399.com/flash/123611.htm,小汽车的爱情梦
http://www.4399.com/flash/135633.htm,糖果去哪儿了2
http://www.4399.com/flash/151340.htm,熊猫逃生记之日本
http://www.4399.com/flash/211350.htm,救援走失的圣诞老人
http://www.4399.com/flash/211349.htm,逃离间客房
http://www.4399.com/flash/211348.htm,寻找神秘圣诞礼物4
http://www.4399.com/flash/211347.htm,逃出度假别墅
http://www.4399.com/flash/211337.htm,寻找神秘圣诞礼物3
http://www.4399.com/flash/211336.htm,圣诞老人快逃脱
http://www.4399.com/flash/211335.htm,圣诞山谷逃生
http://www.4399.com/flash/211334.htm,逃离魅力女生的家
http://www.4399.com/flash/211333.htm,救援绿精灵男孩
http://www.4399.com/flash/211332.htm,圣诞白色房中逃生
http://www.4399.com/flash/211326.htm,逃离圣诞梦境
http://www.4399.com/flash/211323.htm,逃离暗天之地2
http://www.4399.com/flash/211322.htm,花环森林逃生
http://www.4399.com/flash/211320.htm,逃离混乱的现场2
http://www.4399.com/flash/211318.htm,逃离暗天之地
http://www.4399.com/flash/211317.htm,逃离圣诞仙境
http://www.4399.com/flash/211313.htm,欢乐圣诞鹿逃脱
http://www.4399.com/flash/211310.htm,欢乐圣诞老人逃脱
http://www.4399.com/flash/211306.htm,逃出封闭之所
http://www.4399.com/flash/211304.htm,快乐土拨鼠逃跑
http://www.4399.com/flash/211303.htm,逃出爷爷陈旧的家
http://www.4399.com/flash/211301.htm,寻丢失的圣诞蛋糕
http://www.4399.com/flash/211299.htm,逃离欢乐的圣诞节
http://www.4399.com/flash/211296.htm,逃离圣诞汽车
http://www.4399.com/flash/211294.htm,逃离圣诞老人的新家
http://www.4399.com/flash/211293.htm,逃离美丽之地3
http://www.4399.com/flash/211292.htm,逃出王室之地
http://www.4399.com/flash/211291.htm,救援墨西哥人
http://www.4399.com/flash/211290.htm,逃出谷仓
http://www.4399.com/flash/211289.htm,救援雪地里的女孩
http://www.4399.com/flash/211286.htm,逃出世外桃源之地
http://www.4399.com/flash/211285.htm,文化庆典逃脱
http://www.4399.com/flash/211283.htm,圣诞节逃出房间
http://www.4399.com/flash/211276.htm,逃出淡黄色房间
http://www.4399.com/flash/211275.htm,豪华轿车逃脱
http://www.4399.com/flash/211274.htm,圣诞精灵女孩逃脱
http://www.4399.com/flash/211270.htm,圣诞蜡烛城堡逃生
http://www.4399.com/flash/211265.htm,救援好看的女孩
http://www.4399.com/flash/211264.htm,救援波尔山羊
http://www.4399.com/flash/211263.htm,逃离丰富的市场
http://www.4399.com/flash/211262.htm,救援圣诞小雪人
http://www.4399.com/flash/211261.htm,圣诞小屋大逃脱
http://www.4399.com/flash/211260.htm,逃离农民的家
http://www.4399.com/flash/211254.htm,逃离2019圣诞活动现场2
http://www.4399.com/flash/211251.htm,漂亮女童逃脱
http://www.4399.com/flash/211250.htm,寻找圣诞花束
http://www.4399.com/flash/211243.htm,逃离金字塔之地
http://www.4399.com/flash/211242.htm,逃出温泉度假屋
http://www.4399.com/flash/211241.htm,米尔圣诞大逃脱
http://www.4399.com/flash/211240.htm,救援圣诞雪人
http://www.4399.com/flash/211239.htm,逃离2019圣诞活动现场
http://www.4399.com/flash/211238.htm,精灵男孩逃跑
http://www.4399.com/flash/211237.htm,逃离混乱的现场
http://www.4399.com/flash/211236.htm,逃离圣诞城堡
http://www.4399.com/flash/211235.htm,逃离蜜月度假胜地
http://www.4399.com/flash/211234.htm,逃出达布圣诞小屋
http://www.4399.com/flash/1382.htm,宠物连连看2.5版
http://www.4399.com/flash/12669.htm,果蔬连连看
http://www.4399.com/flash/17801.htm,宠物连连看3.1
http://www.4399.com/flash/20660.htm,森林冰火人中文版
http://www.4399.com/flash/93551.htm,小鳄鱼爱洗澡中文版
http://www.4399.com/flash/113377.htm,森林冰火人4无敌版
http://www.4399.com/flash/10393.htm,石头连连看
http://www.4399.com/flash/79068.htm,高楼爆破3无敌版
http://www.4399.com/flash/853.htm,五子连珠
http://www.4399.com/flash/17403.htm,青蛙祖玛
http://www.4399.com/flash/57474.htm,蝴蝶连连看
http://www.4399.com/flash/4781.htm,花花连连看
http://www.4399.com/flash/136516.htm,消灭星星豪华版
http://www.4399.com/flash/54423.htm,4399打豆豆
http://www.4399.com/flash/2231.htm,宠物连连看2.6
http://www.4399.com/flash/63033.htm,森林冰火人双人迷宫
http://www.4399.com/flash/68259.htm,河马饲养员
http://www.4399.com/flash/106202.htm,消灭星星中文版
http://www.4399.com/flash/62002.htm,疯狂过山车2
http://www.4399.com/flash/100125.htm,装载卡车4
http://www.4399.com/flash/131178.htm,帮鸟儿解冻3
http://www.4399.com/flash/106933.htm,坏蛋冰淇淋2无敌版
http://www.4399.com/flash/171900.htm,装载卡车5
http://www.4399.com/flash/147327.htm,亚当找夏娃3
http://www.4399.com/flash/10919.htm,宠物连连看3.0版
http://www.4399.com/flash/71760.htm,小婴儿逃出系列3
http://www.4399.com/flash/156918.htm,坏小孩回家4
http://www.4399.com/flash/37529.htm,小火车过隧道无敌版
http://www.4399.com/flash/50350.htm,唤醒嗜睡的小人
http://www.4399.com/flash/41285.htm,朵拉的迷你高尔夫
http://www.4399.com/flash/130836.htm,消你妹
http://www.4399.com/flash/128302.htm,消灭星星3电脑版
http://www.4399.com/flash/103266.htm,炮兵突击
http://www.4399.com/flash/96689.htm,愤怒的小鸟太空版HD
http://www.4399.com/flash/57317.htm,激光炮轰小怪2
http://www.4399.com/flash/4782.htm,汽车标志连连看
http://www.4399.com/flash/89614.htm,托马斯过河
http://www.4399.com/flash/88882.htm,海绵宝宝3D大富翁2
http://www.4399.com/flash/138881.htm,激光炮轰小怪3加强版
http://www.4399.com/flash/21223.htm,小球进洞
http://www.4399.com/flash/89107.htm,黑太狼吃羊2
http://www.4399.com/flash/152489.htm,史上最贱小游戏之体育
http://www.4399.com/flash/80211.htm,中国熊猫2无敌版
http://www.4399.com/flash/92102.htm,连连看3.1原版
http://www.4399.com/flash/76887.htm,宠物连连看可爱版
http://www.4399.com/flash/66922.htm,亚当找夏娃中文版
http://www.4399.com/flash/65959.htm,高楼爆破无敌版
http://www.4399.com/flash/34726.htm,4399水果连连看
http://www.4399.com/flash/47634.htm,让子弹飞
http://www.4399.com/flash/122189.htm,史上最贱小游戏3
http://www.4399.com/flash/184591.htm,捣蛋猪HD8.0
http://www.4399.com/flash/50306.htm,奇妙水世界
http://www.4399.com/flash/143168.htm,手纸没有了
http://www.4399.com/flash/79452.htm,森林冰火人3
http://www.4399.com/flash/73311.htm,破蛋专家
http://www.4399.com/flash/92953.htm,逗小猴开心7
http://www.4399.com/flash/132546.htm,亚当找夏娃2
http://www.4399.com/flash/80972.htm,宠物连连看经典版2
http://www.4399.com/flash/138976.htm,盗金父子
http://www.4399.com/flash/69774.htm,高楼爆破2无敌版
http://www.4399.com/flash/42075.htm,光头小子找出口
http://www.4399.com/flash/86544.htm,鸡蛋大逃亡2
http://www.4399.com/flash/30543.htm,小婴儿逃出系列1
http://www.4399.com/flash/63828.htm,红球与绿球
http://www.4399.com/flash/106849.htm,坏蛋冰淇淋2
http://www.4399.com/flash/41483.htm,装载卡车
http://www.4399.com/flash/16395.htm,小婴儿逃出系列2
http://www.4399.com/flash/158011.htm,小汽车的英雄梦
http://www.4399.com/flash/73122.htm,装载卡车3
http://www.4399.com/flash/102581.htm,帮鸟儿解冻
http://www.4399.com/flash/33249.htm,帮小狗取手绢
http://www.4399.com/flash/9840.htm,在线弹钢琴
http://www.4399.com/flash/78828.htm,益智乐高2中文版
http://www.4399.com/flash/35965.htm,直升机打气球
http://www.4399.com/flash/92108.htm,连连看原版
http://www.4399.com/flash/97275.htm,3D旋转麻将连连看
http://www.4399.com/flash/46428.htm,空姐阿Sue
http://www.4399.com/flash/24571.htm,宠物连连看3.1无敌版
http://www.4399.com/flash/8670.htm,宠物连连看特别版
http://www.4399.com/flash/50909.htm,植物战僵尸3D连连看
http://www.4399.com/flash/27265.htm,火柴人逃狱记
http://www.4399.com/flash/157666.htm,史上最贱小游戏13
http://www.4399.com/flash/113790.htm,找你妹正式版
http://www.4399.com/flash/123789.htm,恐龙觅食
http://www.4399.com/flash/128952.htm,坏蛋冰淇淋3
http://www.4399.com/flash/48349.htm,爱吃水果的虫子
http://www.4399.com/flash/1244.htm,红孩儿连连看
http://www.4399.com/flash/152162.htm,盗金父子2
http://www.4399.com/flash/8954.htm,阿sue家做客
http://www.4399.com/flash/142569.htm,一把火
http://www.4399.com/flash/91402.htm,保护橙子增强版3
http://www.4399.com/flash/56745.htm,动画师和动画
http://www.4399.com/flash/117146.htm,火柴人智闯飞艇
http://www.4399.com/flash/1287.htm,新麻雀连连看
http://www.4399.com/flash/134715.htm,捣蛋猪HD3.8
http://www.4399.com/flash/62725.htm,蜗牛鲍勃2中文版
http://www.4399.com/flash/123611.htm,小汽车的爱情梦
http://www.4399.com/flash/135633.htm,糖果去哪儿了2
http://www.4399.com/flash/151340.htm,熊猫逃生记之日本
http://www.4399.com/flash/211233.htm,圣诞驯鹿脱困
http://www.4399.com/flash/211222.htm,逃出信仰之地
http://www.4399.com/flash/211215.htm,逃离雪人屋
http://www.4399.com/flash/211214.htm,救援小海马
http://www.4399.com/flash/211213.htm,寻找神秘圣诞礼物
http://www.4399.com/flash/211212.htm,逃离开心圣诞屋
http://www.4399.com/flash/211210.htm,找到你的圣诞礼物
http://www.4399.com/flash/211207.htm,逃出圣诞的夜晚
http://www.4399.com/flash/211206.htm,逃离美丽之地2
http://www.4399.com/flash/211203.htm,逃出红色小房子2
http://www.4399.com/flash/211202.htm,救援蛇战士
http://www.4399.com/flash/211201.htm,逃离美妙的圣诞节
http://www.4399.com/flash/211198.htm,逃离下雪之夜
http://www.4399.com/flash/211197.htm,救援受困的圣诞老人
http://www.4399.com/flash/211194.htm,寻找游客的车钥匙
http://www.4399.com/flash/211192.htm,可爱小鳄鱼逃逸
http://www.4399.com/flash/211189.htm,马戏团小丑逃跑
http://www.4399.com/flash/211188.htm,天使逃出森林
http://www.4399.com/flash/211186.htm,宝贝的圣诞礼物
http://www.4399.com/flash/211184.htm,兔子逃出森林小屋
http://www.4399.com/flash/211182.htm,红松鼠逃跑
http://www.4399.com/flash/211181.htm,逃离陷阱屋子
http://www.4399.com/flash/211180.htm,救援史前人
http://www.4399.com/flash/211179.htm,飞熊逃生
http://www.4399.com/flash/211178.htm,逃离任务基地
http://www.4399.com/flash/211174.htm,逃离简陋山洞2
http://www.4399.com/flash/211171.htm,逃离怪异圣诞屋
http://www.4399.com/flash/211164.htm,金字塔逃离者
http://www.4399.com/flash/211163.htm,圣诞节室内逃脱
http://www.4399.com/flash/211162.htm,逃出圣诞蓝色房间
http://www.4399.com/flash/211160.htm,豪华家居老人救援
http://www.4399.com/flash/211156.htm,寻找你的惊喜礼物
http://www.4399.com/flash/211155.htm,圣诞节逃离房间
http://www.4399.com/flash/211153.htm,华丽宫殿逃出
http://www.4399.com/flash/211148.htm,救援聪明的男子
http://www.4399.com/flash/211147.htm,逃离任务基地2
http://www.4399.com/flash/211144.htm,救援可爱女生
http://www.4399.com/flash/211142.htm,逃离圣冰岛
http://www.4399.com/flash/211139.htm,困在洞穴的狗
http://www.4399.com/flash/211136.htm,寻找圣诞服饰
http://www.4399.com/flash/211133.htm,冬季逃离企鹅之地
http://www.4399.com/flash/211132.htm,活泼男孩大逃脱
http://www.4399.com/flash/211130.htm,受惊女孩逃脱
http://www.4399.com/flash/211125.htm,逃离美丽之地
http://www.4399.com/flash/211124.htm,南瓜女孩要逃跑
http://www.4399.com/flash/211123.htm,教堂男孩逃跑
http://www.4399.com/flash/211122.htm,圣诞节厨房逃生
http://www.4399.com/flash/211119.htm,圣诞铃铛房逃生
http://www.4399.com/flash/211118.htm,逃离节日庆典
http://www.4399.com/flash/211117.htm,小牧师逃跑
http://www.4399.com/flash/211116.htm,逃离南极之地
http://www.4399.com/flash/211114.htm,救援爱笑的女生
http://www.4399.com/flash/211112.htm,逃出破旧之地2
http://www.4399.com/flash/211111.htm,寻找圣诞松露
http://www.4399.com/flash/211109.htm,逃离漂亮圣诞屋
http://www.4399.com/flash/211096.htm,小老鼠逃生
http://www.4399.com/flash/1382.htm,宠物连连看2.5版
http://www.4399.com/flash/12669.htm,果蔬连连看
http://www.4399.com/flash/17801.htm,宠物连连看3.1
http://www.4399.com/flash/20660.htm,森林冰火人中文版
http://www.4399.com/flash/93551.htm,小鳄鱼爱洗澡中文版
http://www.4399.com/flash/113377.htm,森林冰火人4无敌版
http://www.4399.com/flash/10393.htm,石头连连看
http://www.4399.com/flash/79068.htm,高楼爆破3无敌版
http://www.4399.com/flash/853.htm,五子连珠
http://www.4399.com/flash/17403.htm,青蛙祖玛
http://www.4399.com/flash/57474.htm,蝴蝶连连看
http://www.4399.com/flash/4781.htm,花花连连看
http://www.4399.com/flash/136516.htm,消灭星星豪华版
http://www.4399.com/flash/54423.htm,4399打豆豆
http://www.4399.com/flash/2231.htm,宠物连连看2.6
http://www.4399.com/flash/63033.htm,森林冰火人双人迷宫
http://www.4399.com/flash/68259.htm,河马饲养员
http://www.4399.com/flash/106202.htm,消灭星星中文版
http://www.4399.com/flash/62002.htm,疯狂过山车2
http://www.4399.com/flash/100125.htm,装载卡车4
http://www.4399.com/flash/131178.htm,帮鸟儿解冻3
http://www.4399.com/flash/106933.htm,坏蛋冰淇淋2无敌版
http://www.4399.com/flash/171900.htm,装载卡车5
http://www.4399.com/flash/147327.htm,亚当找夏娃3
http://www.4399.com/flash/10919.htm,宠物连连看3.0版
http://www.4399.com/flash/71760.htm,小婴儿逃出系列3
http://www.4399.com/flash/156918.htm,坏小孩回家4
http://www.4399.com/flash/37529.htm,小火车过隧道无敌版
http://www.4399.com/flash/50350.htm,唤醒嗜睡的小人
http://www.4399.com/flash/41285.htm,朵拉的迷你高尔夫
http://www.4399.com/flash/130836.htm,消你妹
http://www.4399.com/flash/128302.htm,消灭星星3电脑版
http://www.4399.com/flash/103266.htm,炮兵突击
http://www.4399.com/flash/96689.htm,愤怒的小鸟太空版HD
http://www.4399.com/flash/57317.htm,激光炮轰小怪2
http://www.4399.com/flash/4782.htm,汽车标志连连看
http://www.4399.com/flash/89614.htm,托马斯过河
http://www.4399.com/flash/88882.htm,海绵宝宝3D大富翁2
http://www.4399.com/flash/138881.htm,激光炮轰小怪3加强版
http://www.4399.com/flash/21223.htm,小球进洞
http://www.4399.com/flash/89107.htm,黑太狼吃羊2
http://www.4399.com/flash/152489.htm,史上最贱小游戏之体育
http://www.4399.com/flash/80211.htm,中国熊猫2无敌版
http://www.4399.com/flash/92102.htm,连连看3.1原版
http://www.4399.com/flash/76887.htm,宠物连连看可爱版
http://www.4399.com/flash/66922.htm,亚当找夏娃中文版
http://www.4399.com/flash/65959.htm,高楼爆破无敌版
http://www.4399.com/flash/34726.htm,4399水果连连看
http://www.4399.com/flash/47634.htm,让子弹飞
http://www.4399.com/flash/122189.htm,史上最贱小游戏3
http://www.4399.com/flash/184591.htm,捣蛋猪HD8.0
http://www.4399.com/flash/50306.htm,奇妙水世界
http://www.4399.com/flash/143168.htm,手纸没有了
http://www.4399.com/flash/79452.htm,森林冰火人3
http://www.4399.com/flash/73311.htm,破蛋专家
http://www.4399.com/flash/92953.htm,逗小猴开心7
http://www.4399.com/flash/132546.htm,亚当找夏娃2
http://www.4399.com/flash/80972.htm,宠物连连看经典版2
http://www.4399.com/flash/138976.htm,盗金父子
http://www.4399.com/flash/69774.htm,高楼爆破2无敌版
http://www.4399.com/flash/42075.htm,光头小子找出口
http://www.4399.com/flash/86544.htm,鸡蛋大逃亡2
http://www.4399.com/flash/30543.htm,小婴儿逃出系列1
http://www.4399.com/flash/63828.htm,红球与绿球
http://www.4399.com/flash/106849.htm,坏蛋冰淇淋2
http://www.4399.com/flash/41483.htm,装载卡车
http://www.4399.com/flash/16395.htm,小婴儿逃出系列2
http://www.4399.com/flash/158011.htm,小汽车的英雄梦
http://www.4399.com/flash/73122.htm,装载卡车3
http://www.4399.com/flash/102581.htm,帮鸟儿解冻
http://www.4399.com/flash/33249.htm,帮小狗取手绢
http://www.4399.com/flash/9840.htm,在线弹钢琴
http://www.4399.com/flash/78828.htm,益智乐高2中文版
http://www.4399.com/flash/35965.htm,直升机打气球
http://www.4399.com/flash/92108.htm,连连看原版
http://www.4399.com/flash/97275.htm,3D旋转麻将连连看
http://www.4399.com/flash/46428.htm,空姐阿Sue
http://www.4399.com/flash/24571.htm,宠物连连看3.1无敌版
http://www.4399.com/flash/8670.htm,宠物连连看特别版
http://www.4399.com/flash/50909.htm,植物战僵尸3D连连看
http://www.4399.com/flash/27265.htm,火柴人逃狱记
http://www.4399.com/flash/157666.htm,史上最贱小游戏13
http://www.4399.com/flash/113790.htm,找你妹正式版
http://www.4399.com/flash/123789.htm,恐龙觅食
http://www.4399.com/flash/128952.htm,坏蛋冰淇淋3
http://www.4399.com/flash/48349.htm,爱吃水果的虫子
http://www.4399.com/flash/1244.htm,红孩儿连连看
http://www.4399.com/flash/152162.htm,盗金父子2
http://www.4399.com/flash/8954.htm,阿sue家做客
http://www.4399.com/flash/142569.htm,一把火
http://www.4399.com/flash/91402.htm,保护橙子增强版3
http://www.4399.com/flash/56745.htm,动画师和动画
http://www.4399.com/flash/117146.htm,火柴人智闯飞艇
http://www.4399.com/flash/1287.htm,新麻雀连连看
http://www.4399.com/flash/134715.htm,捣蛋猪HD3.8
http://www.4399.com/flash/62725.htm,蜗牛鲍勃2中文版
http://www.4399.com/flash/123611.htm,小汽车的爱情梦
http://www.4399.com/flash/135633.htm,糖果去哪儿了2
http://www.4399.com/flash/151340.htm,熊猫逃生记之日本
http://www.4399.com/flash/211095.htm,逃出破旧之地
http://www.4399.com/flash/211094.htm,圣诞节庭院逃脱
http://www.4399.com/flash/211090.htm,救援漂亮的小女生
http://www.4399.com/flash/211086.htm,救援胖胖的女孩
http://www.4399.com/flash/211085.htm,逃离圣诞主题公园
http://www.4399.com/flash/211083.htm,逃出圣诞房屋
http://www.4399.com/flash/211082.htm,救援卡通花生
http://www.4399.com/flash/211081.htm,找寻圣诞礼物
http://www.4399.com/flash/211080.htm,逃离天使屋
http://www.4399.com/flash/211079.htm,圣诞节酒店逃脱
http://www.4399.com/flash/211074.htm,逃离简陋山洞
http://www.4399.com/flash/211072.htm,逃离女巫小屋
http://www.4399.com/flash/211064.htm,驯鹿屋逃生
http://www.4399.com/flash/211063.htm,爱笑小女孩逃脱
http://www.4399.com/flash/211062.htm,冰岛逃脱记
http://www.4399.com/flash/211061.htm,小甲壳虫女孩逃脱
http://www.4399.com/flash/211059.htm,圣诞老人欢乐逃脱
http://www.4399.com/flash/211056.htm,欢乐小龙逃脱
http://www.4399.com/flash/211055.htm,逃离遗弃的小镇2
http://www.4399.com/flash/211053.htm,逃离宽敞的木屋
http://www.4399.com/flash/211052.htm,冬季房间逃生
http://www.4399.com/flash/211051.htm,犀牛勇士逃脱
http://www.4399.com/flash/211049.htm,男孩和猴子逃跑
http://www.4399.com/flash/211048.htm,可爱温顺男孩逃脱
http://www.4399.com/flash/211045.htm,圣诞疯狂逃生
http://www.4399.com/flash/211037.htm,圣诞城逃脱
http://www.4399.com/flash/211023.htm,逃离神迹之地3
http://www.4399.com/flash/211031.htm,丢失的圣诞小礼物
http://www.4399.com/flash/211029.htm,圣诞娱乐小屋逃离
http://www.4399.com/flash/211016.htm,帮助母鸡逃脱
http://www.4399.com/flash/211022.htm,逃离神迹之地2
http://www.4399.com/flash/211021.htm,逃离无人的景点
http://www.4399.com/flash/211020.htm,逃离优雅的屋子
http://www.4399.com/flash/211008.htm,逃出冬季小树林
http://www.4399.com/flash/211006.htm,逃离冬季圣诞小屋
http://www.4399.com/flash/211005.htm,逃离新仓库
http://www.4399.com/flash/211003.htm,逃离神迹之地
http://www.4399.com/flash/210996.htm,逃离热闹的圣诞派对
http://www.4399.com/flash/210995.htm,救援神秘的圣诞驯鹿
http://www.4399.com/flash/210993.htm,逃离幻想雪人世界
http://www.4399.com/flash/210992.htm,逃离月圆森林
http://www.4399.com/flash/210991.htm,逃离废弃的城市场所
http://www.4399.com/flash/210984.htm,救援困在雪地的猫
http://www.4399.com/flash/210983.htm,逃离大型的建筑
http://www.4399.com/flash/210982.htm,逃离圣诞趣味屋
http://www.4399.com/flash/210969.htm,救援格洛里3
http://www.4399.com/flash/210968.htm,格尔精灵房间逃生
http://www.4399.com/flash/210981.htm,救援可爱的画家
http://www.4399.com/flash/210980.htm,救援优雅的鬣狗
http://www.4399.com/flash/210976.htm,救援舞蹈老师
http://www.4399.com/flash/210975.htm,救援慢跑男孩
http://www.4399.com/flash/210974.htm,神秘森林大逃脱2
http://www.4399.com/flash/210962.htm,逃出小镇的火鸡
http://www.4399.com/flash/210961.htm,圣诞夜娱乐室逃生
http://www.4399.com/flash/210960.htm,俏皮可爱女孩逃脱
http://www.4399.com/flash/210957.htm,吃松饼的女孩逃脱
http://www.4399.com/flash/1382.htm,宠物连连看2.5版
http://www.4399.com/flash/12669.htm,果蔬连连看
http://www.4399.com/flash/17801.htm,宠物连连看3.1
http://www.4399.com/flash/20660.htm,森林冰火人中文版
http://www.4399.com/flash/93551.htm,小鳄鱼爱洗澡中文版
http://www.4399.com/flash/113377.htm,森林冰火人4无敌版
http://www.4399.com/flash/10393.htm,石头连连看
http://www.4399.com/flash/79068.htm,高楼爆破3无敌版
http://www.4399.com/flash/853.htm,五子连珠
http://www.4399.com/flash/17403.htm,青蛙祖玛
http://www.4399.com/flash/57474.htm,蝴蝶连连看
http://www.4399.com/flash/4781.htm,花花连连看
http://www.4399.com/flash/136516.htm,消灭星星豪华版
http://www.4399.com/flash/54423.htm,4399打豆豆
http://www.4399.com/flash/2231.htm,宠物连连看2.6
http://www.4399.com/flash/63033.htm,森林冰火人双人迷宫
http://www.4399.com/flash/68259.htm,河马饲养员
http://www.4399.com/flash/106202.htm,消灭星星中文版
http://www.4399.com/flash/62002.htm,疯狂过山车2
http://www.4399.com/flash/100125.htm,装载卡车4
http://www.4399.com/flash/131178.htm,帮鸟儿解冻3
http://www.4399.com/flash/106933.htm,坏蛋冰淇淋2无敌版
http://www.4399.com/flash/171900.htm,装载卡车5
http://www.4399.com/flash/147327.htm,亚当找夏娃3
http://www.4399.com/flash/10919.htm,宠物连连看3.0版
http://www.4399.com/flash/71760.htm,小婴儿逃出系列3
http://www.4399.com/flash/156918.htm,坏小孩回家4
http://www.4399.com/flash/37529.htm,小火车过隧道无敌版
http://www.4399.com/flash/50350.htm,唤醒嗜睡的小人
http://www.4399.com/flash/41285.htm,朵拉的迷你高尔夫
http://www.4399.com/flash/130836.htm,消你妹
http://www.4399.com/flash/128302.htm,消灭星星3电脑版
http://www.4399.com/flash/103266.htm,炮兵突击
http://www.4399.com/flash/96689.htm,愤怒的小鸟太空版HD
http://www.4399.com/flash/57317.htm,激光炮轰小怪2
http://www.4399.com/flash/4782.htm,汽车标志连连看
http://www.4399.com/flash/89614.htm,托马斯过河
http://www.4399.com/flash/88882.htm,海绵宝宝3D大富翁2
http://www.4399.com/flash/138881.htm,激光炮轰小怪3加强版
http://www.4399.com/flash/21223.htm,小球进洞
http://www.4399.com/flash/89107.htm,黑太狼吃羊2
http://www.4399.com/flash/152489.htm,史上最贱小游戏之体育
http://www.4399.com/flash/80211.htm,中国熊猫2无敌版
http://www.4399.com/flash/92102.htm,连连看3.1原版
http://www.4399.com/flash/76887.htm,宠物连连看可爱版
http://www.4399.com/flash/66922.htm,亚当找夏娃中文版
http://www.4399.com/flash/65959.htm,高楼爆破无敌版
http://www.4399.com/flash/34726.htm,4399水果连连看
http://www.4399.com/flash/47634.htm,让子弹飞
http://www.4399.com/flash/122189.htm,史上最贱小游戏3
http://www.4399.com/flash/184591.htm,捣蛋猪HD8.0
http://www.4399.com/flash/50306.htm,奇妙水世界
http://www.4399.com/flash/143168.htm,手纸没有了
http://www.4399.com/flash/79452.htm,森林冰火人3
http://www.4399.com/flash/73311.htm,破蛋专家
http://www.4399.com/flash/92953.htm,逗小猴开心7
http://www.4399.com/flash/132546.htm,亚当找夏娃2
http://www.4399.com/flash/80972.htm,宠物连连看经典版2
http://www.4399.com/flash/138976.htm,盗金父子
http://www.4399.com/flash/69774.htm,高楼爆破2无敌版
http://www.4399.com/flash/42075.htm,光头小子找出口
http://www.4399.com/flash/86544.htm,鸡蛋大逃亡2
http://www.4399.com/flash/30543.htm,小婴儿逃出系列1
http://www.4399.com/flash/63828.htm,红球与绿球
http://www.4399.com/flash/106849.htm,坏蛋冰淇淋2
http://www.4399.com/flash/41483.htm,装载卡车
http://www.4399.com/flash/16395.htm,小婴儿逃出系列2
http://www.4399.com/flash/158011.htm,小汽车的英雄梦
http://www.4399.com/flash/73122.htm,装载卡车3
http://www.4399.com/flash/102581.htm,帮鸟儿解冻
http://www.4399.com/flash/33249.htm,帮小狗取手绢
http://www.4399.com/flash/9840.htm,在线弹钢琴
http://www.4399.com/flash/78828.htm,益智乐高2中文版
http://www.4399.com/flash/35965.htm,直升机打气球
http://www.4399.com/flash/92108.htm,连连看原版
http://www.4399.com/flash/97275.htm,3D旋转麻将连连看
http://www.4399.com/flash/46428.htm,空姐阿Sue
http://www.4399.com/flash/24571.htm,宠物连连看3.1无敌版
http://www.4399.com/flash/8670.htm,宠物连连看特别版
http://www.4399.com/flash/50909.htm,植物战僵尸3D连连看
http://www.4399.com/flash/27265.htm,火柴人逃狱记
http://www.4399.com/flash/157666.htm,史上最贱小游戏13
http://www.4399.com/flash/113790.htm,找你妹正式版
http://www.4399.com/flash/123789.htm,恐龙觅食
http://www.4399.com/flash/128952.htm,坏蛋冰淇淋3
http://www.4399.com/flash/48349.htm,爱吃水果的虫子
http://www.4399.com/flash/1244.htm,红孩儿连连看
http://www.4399.com/flash/152162.htm,盗金父子2
http://www.4399.com/flash/8954.htm,阿sue家做客
http://www.4399.com/flash/142569.htm,一把火
http://www.4399.com/flash/91402.htm,保护橙子增强版3
http://www.4399.com/flash/56745.htm,动画师和动画
http://www.4399.com/flash/117146.htm,火柴人智闯飞艇
http://www.4399.com/flash/1287.htm,新麻雀连连看
http://www.4399.com/flash/134715.htm,捣蛋猪HD3.8
http://www.4399.com/flash/62725.htm,蜗牛鲍勃2中文版
http://www.4399.com/flash/123611.htm,小汽车的爱情梦
http://www.4399.com/flash/135633.htm,糖果去哪儿了2
http://www.4399.com/flash/151340.htm,熊猫逃生记之日本
http://www.4399.com/flash/210934.htm,地下餐厅逃生
http://www.4399.com/flash/210918.htm,逃出圣诞日房屋
http://www.4399.com/flash/210933.htm,逃离暗蓝的房间
http://www.4399.com/flash/210932.htm,巴比变色龙逃脱
http://www.4399.com/flash/210914.htm,绿色恐龙逃逸
http://www.4399.com/flash/210913.htm,神奇瀑布之地逃脱
http://www.4399.com/flash/210912.htm,救援沮丧的蚂蚁
http://www.4399.com/flash/210911.htm,逃离凄凉的房屋
http://www.4399.com/flash/210917.htm,圣诞球屋逃生
http://www.4399.com/flash/210915.htm,小奶狗逃脱
http://www.4399.com/flash/210910.htm,逃离圣诞树之林
http://www.4399.com/flash/210909.htm,救援超级男孩
http://www.4399.com/flash/210890.htm,救援格洛里2
http://www.4399.com/flash/210889.htm,逃离美丽的村庄
http://www.4399.com/flash/210888.htm,宠物救援逃生
http://www.4399.com/flash/210887.htm,狮子逃跑
http://www.4399.com/flash/210886.htm,逃出圣诞屋
http://www.4399.com/flash/210885.htm,困在笼里的猴子
http://www.4399.com/flash/210884.htm,救援蓝色鹦鹉
http://www.4399.com/flash/210883.htm,救出圣诞老爷爷
http://www.4399.com/flash/210973.htm,豪华乡村住宅逃脱
http://www.4399.com/flash/210972.htm,逃离孤独之家
http://www.4399.com/flash/210955.htm,浪漫度假屋逃生
http://www.4399.com/flash/210953.htm,救援医院职工
http://www.4399.com/flash/210951.htm,逃离大树屋
http://www.4399.com/flash/210950.htm,救援爆米花大叔
http://www.4399.com/flash/210949.htm,逃离雪地村庄
http://www.4399.com/flash/210948.htm,逃离山间圣诞屋
http://www.4399.com/flash/210946.htm,救援受困的奶奶
http://www.4399.com/flash/210929.htm,黑白住所逃脱
http://www.4399.com/flash/210928.htm,冰城逃脱
http://www.4399.com/flash/210907.htm,逃离老教授的房间
http://www.4399.com/flash/210906.htm,逃离老旧的房间
http://www.4399.com/flash/210878.htm,木老鼠逃生
http://www.4399.com/flash/210877.htm,逃离壮丽的别墅
http://www.4399.com/flash/210875.htm,穷苦男孩逃脱
http://www.4399.com/flash/210873.htm,侦探逃跑
http://www.4399.com/flash/210872.htm,救援更知鸟
http://www.4399.com/flash/210870.htm,圣诞节迷失的少年
http://www.4399.com/flash/210868.htm,老国王逃脱
http://www.4399.com/flash/210866.htm,圣诞节逃出房屋
http://www.4399.com/flash/210865.htm,逃离天灾现场2
http://www.4399.com/flash/210863.htm,逃离圆顶屋
http://www.4399.com/flash/210861.htm,逃出圣诞阁楼
http://www.4399.com/flash/210860.htm,昏暗儿童房逃生34
http://www.4399.com/flash/210846.htm,当地人逃跑
http://www.4399.com/flash/210839.htm,感恩节轻松逃脱
http://www.4399.com/flash/210833.htm,救援格洛里
http://www.4399.com/flash/210832.htm,可爱小虫逃脱
http://www.4399.com/flash/210831.htm,逃离海滩之屋
http://www.4399.com/flash/210830.htm,寻找重要密码
http://www.4399.com/flash/210829.htm,逃离圣诞之夜
http://www.4399.com/flash/210828.htm,逃离原始部落
http://www.4399.com/flash/210827.htm,逃离传统的房屋
http://www.4399.com/flash/210825.htm,感恩节逃出度假屋
http://www.4399.com/flash/210823.htm,胆小女孩逃跑
http://www.4399.com/flash/1382.htm,宠物连连看2.5版
http://www.4399.com/flash/12669.htm,果蔬连连看
http://www.4399.com/flash/17801.htm,宠物连连看3.1
http://www.4399.com/flash/20660.htm,森林冰火人中文版
http://www.4399.com/flash/93551.htm,小鳄鱼爱洗澡中文版
http://www.4399.com/flash/113377.htm,森林冰火人4无敌版
http://www.4399.com/flash/10393.htm,石头连连看
http://www.4399.com/flash/79068.htm,高楼爆破3无敌版
http://www.4399.com/flash/853.htm,五子连珠
http://www.4399.com/flash/17403.htm,青蛙祖玛
http://www.4399.com/flash/57474.htm,蝴蝶连连看
http://www.4399.com/flash/4781.htm,花花连连看
http://www.4399.com/flash/136516.htm,消灭星星豪华版
http://www.4399.com/flash/54423.htm,4399打豆豆
http://www.4399.com/flash/2231.htm,宠物连连看2.6
http://www.4399.com/flash/63033.htm,森林冰火人双人迷宫
http://www.4399.com/flash/68259.htm,河马饲养员
http://www.4399.com/flash/106202.htm,消灭星星中文版
http://www.4399.com/flash/62002.htm,疯狂过山车2
http://www.4399.com/flash/100125.htm,装载卡车4
http://www.4399.com/flash/131178.htm,帮鸟儿解冻3
http://www.4399.com/flash/106933.htm,坏蛋冰淇淋2无敌版
http://www.4399.com/flash/171900.htm,装载卡车5
http://www.4399.com/flash/147327.htm,亚当找夏娃3
http://www.4399.com/flash/10919.htm,宠物连连看3.0版
http://www.4399.com/flash/71760.htm,小婴儿逃出系列3
http://www.4399.com/flash/156918.htm,坏小孩回家4
http://www.4399.com/flash/37529.htm,小火车过隧道无敌版
http://www.4399.com/flash/50350.htm,唤醒嗜睡的小人
http://www.4399.com/flash/41285.htm,朵拉的迷你高尔夫
http://www.4399.com/flash/130836.htm,消你妹
http://www.4399.com/flash/128302.htm,消灭星星3电脑版
http://www.4399.com/flash/103266.htm,炮兵突击
http://www.4399.com/flash/96689.htm,愤怒的小鸟太空版HD
http://www.4399.com/flash/57317.htm,激光炮轰小怪2
http://www.4399.com/flash/4782.htm,汽车标志连连看
http://www.4399.com/flash/89614.htm,托马斯过河
http://www.4399.com/flash/88882.htm,海绵宝宝3D大富翁2
http://www.4399.com/flash/138881.htm,激光炮轰小怪3加强版
http://www.4399.com/flash/21223.htm,小球进洞
http://www.4399.com/flash/89107.htm,黑太狼吃羊2
http://www.4399.com/flash/152489.htm,史上最贱小游戏之体育
http://www.4399.com/flash/80211.htm,中国熊猫2无敌版
http://www.4399.com/flash/92102.htm,连连看3.1原版
http://www.4399.com/flash/76887.htm,宠物连连看可爱版
http://www.4399.com/flash/66922.htm,亚当找夏娃中文版
http://www.4399.com/flash/65959.htm,高楼爆破无敌版
http://www.4399.com/flash/34726.htm,4399水果连连看
http://www.4399.com/flash/47634.htm,让子弹飞
http://www.4399.com/flash/122189.htm,史上最贱小游戏3
http://www.4399.com/flash/184591.htm,捣蛋猪HD8.0
http://www.4399.com/flash/50306.htm,奇妙水世界
http://www.4399.com/flash/143168.htm,手纸没有了
http://www.4399.com/flash/79452.htm,森林冰火人3
http://www.4399.com/flash/73311.htm,破蛋专家
http://www.4399.com/flash/92953.htm,逗小猴开心7
http://www.4399.com/flash/132546.htm,亚当找夏娃2
http://www.4399.com/flash/80972.htm,宠物连连看经典版2
http://www.4399.com/flash/138976.htm,盗金父子
http://www.4399.com/flash/69774.htm,高楼爆破2无敌版
http://www.4399.com/flash/42075.htm,光头小子找出口
http://www.4399.com/flash/86544.htm,鸡蛋大逃亡2
http://www.4399.com/flash/30543.htm,小婴儿逃出系列1
http://www.4399.com/flash/63828.htm,红球与绿球
http://www.4399.com/flash/106849.htm,坏蛋冰淇淋2
http://www.4399.com/flash/41483.htm,装载卡车
http://www.4399.com/flash/16395.htm,小婴儿逃出系列2
http://www.4399.com/flash/158011.htm,小汽车的英雄梦
http://www.4399.com/flash/73122.htm,装载卡车3
http://www.4399.com/flash/102581.htm,帮鸟儿解冻
http://www.4399.com/flash/33249.htm,帮小狗取手绢
http://www.4399.com/flash/9840.htm,在线弹钢琴
http://www.4399.com/flash/78828.htm,益智乐高2中文版
http://www.4399.com/flash/35965.htm,直升机打气球
http://www.4399.com/flash/92108.htm,连连看原版
http://www.4399.com/flash/97275.htm,3D旋转麻将连连看
http://www.4399.com/flash/46428.htm,空姐阿Sue
http://www.4399.com/flash/24571.htm,宠物连连看3.1无敌版
http://www.4399.com/flash/8670.htm,宠物连连看特别版
http://www.4399.com/flash/50909.htm,植物战僵尸3D连连看
http://www.4399.com/flash/27265.htm,火柴人逃狱记
http://www.4399.com/flash/157666.htm,史上最贱小游戏13
http://www.4399.com/flash/113790.htm,找你妹正式版
http://www.4399.com/flash/123789.htm,恐龙觅食
http://www.4399.com/flash/128952.htm,坏蛋冰淇淋3
http://www.4399.com/flash/48349.htm,爱吃水果的虫子
http://www.4399.com/flash/1244.htm,红孩儿连连看
http://www.4399.com/flash/152162.htm,盗金父子2
http://www.4399.com/flash/8954.htm,阿sue家做客
http://www.4399.com/flash/142569.htm,一把火
http://www.4399.com/flash/91402.htm,保护橙子增强版3
http://www.4399.com/flash/56745.htm,动画师和动画
http://www.4399.com/flash/117146.htm,火柴人智闯飞艇
http://www.4399.com/flash/1287.htm,新麻雀连连看
http://www.4399.com/flash/134715.htm,捣蛋猪HD3.8
http://www.4399.com/flash/62725.htm,蜗牛鲍勃2中文版
http://www.4399.com/flash/123611.htm,小汽车的爱情梦
http://www.4399.com/flash/135633.htm,糖果去哪儿了2
http://www.4399.com/flash/151340.htm,熊猫逃生记之日本
http://www.4399.com/flash/210815.htm,逃离小矿洞
http://www.4399.com/flash/210806.htm,逃离天灾现场
http://www.4399.com/flash/210803.htm,救援草莓小女孩
http://www.4399.com/flash/210800.htm,救援高跷表演者
http://www.4399.com/flash/210799.htm,救援富有的女子
http://www.4399.com/flash/210794.htm,救援瘦弱的女孩
http://www.4399.com/flash/210793.htm,困在房间的男孩
http://www.4399.com/flash/210787.htm,复杂的厨房逃脱
http://www.4399.com/flash/210784.htm,神秘森林大逃脱
http://www.4399.com/flash/210781.htm,冰洞宝藏逃脱
http://www.4399.com/flash/210779.htm,拯救呼啦圈
http://www.4399.com/flash/210776.htm,烧脑解谜游戏2
http://www.4399.com/flash/210775.htm,鳄梨逃脱
http://www.4399.com/flash/210773.htm,逃出圣诞老人之家
http://www.4399.com/flash/210772.htm,寻找圣诞之星
http://www.4399.com/flash/210771.htm,救援大螃蟹
http://www.4399.com/flash/210770.htm,烧脑解谜游戏3
http://www.4399.com/flash/210768.htm,逃出明亮的房间
http://www.4399.com/flash/210756.htm,火鸡逃出大森林
http://www.4399.com/flash/210754.htm,吃货男孩逃脱
http://www.4399.com/flash/210752.htm,逃离感恩节房间3
http://www.4399.com/flash/210750.htm,逃离独家公寓
http://www.4399.com/flash/210749.htm,救援偷香蕉的猴
http://www.4399.com/flash/210740.htm,火鸡城堡逃脱
http://www.4399.com/flash/210739.htm,寻丢失的礼物逃脱
http://www.4399.com/flash/210738.htm,午夜花园逃生
http://www.4399.com/flash/210736.htm,香蕉男孩逃跑
http://www.4399.com/flash/210730.htm,宠物和男孩逃脱
http://www.4399.com/flash/210729.htm,无人之地逃脱2
http://www.4399.com/flash/210728.htm,冬季的林中逃脱
http://www.4399.com/flash/210727.htm,烧脑解谜游戏
http://www.4399.com/flash/210725.htm,商业篮球室内逃生
http://www.4399.com/flash/210724.htm,蓝恐龙宝宝逃脱
http://www.4399.com/flash/210722.htm,逃离雪林
http://www.4399.com/flash/210717.htm,寻找警官的钱包
http://www.4399.com/flash/210716.htm,救援塔拉
http://www.4399.com/flash/210715.htm,逃离小矿洞2
http://www.4399.com/flash/210714.htm,逃离雪地小屋
http://www.4399.com/flash/210712.htm,救援爱跳的男孩
http://www.4399.com/flash/210699.htm,逃离无人地下车库
http://www.4399.com/flash/210697.htm,逃离土楼房2
http://www.4399.com/flash/210695.htm,逃离简易房屋10
http://www.4399.com/flash/210693.htm,抱彩蛋的鸭子逃脱
http://www.4399.com/flash/210688.htm,逃离大罐子80
http://www.4399.com/flash/210687.htm,逃出外国小屋
http://www.4399.com/flash/210685.htm,朋克男孩逃跑
http://www.4399.com/flash/210684.htm,逃离感恩节大派对
http://www.4399.com/flash/210683.htm,雪公主逃脱
http://www.4399.com/flash/210682.htm,逃出古公园2
http://www.4399.com/flash/210681.htm,逃出混乱之地2
http://www.4399.com/flash/210680.htm,逃离海边村落2
http://www.4399.com/flash/210679.htm,病人要逃跑
http://www.4399.com/flash/210678.htm,金属车库逃生
http://www.4399.com/flash/210677.htm,可爱的公鸡营救
http://www.4399.com/flash/210665.htm,逃离简易房屋9
http://www.4399.com/flash/210664.htm,逃离所在之地2
http://www.4399.com/flash/1382.htm,宠物连连看2.5版
http://www.4399.com/flash/12669.htm,果蔬连连看
http://www.4399.com/flash/17801.htm,宠物连连看3.1
http://www.4399.com/flash/20660.htm,森林冰火人中文版
http://www.4399.com/flash/93551.htm,小鳄鱼爱洗澡中文版
http://www.4399.com/flash/113377.htm,森林冰火人4无敌版
http://www.4399.com/flash/10393.htm,石头连连看
http://www.4399.com/flash/79068.htm,高楼爆破3无敌版
http://www.4399.com/flash/853.htm,五子连珠
http://www.4399.com/flash/17403.htm,青蛙祖玛
http://www.4399.com/flash/57474.htm,蝴蝶连连看
http://www.4399.com/flash/4781.htm,花花连连看
http://www.4399.com/flash/136516.htm,消灭星星豪华版
http://www.4399.com/flash/54423.htm,4399打豆豆
http://www.4399.com/flash/2231.htm,宠物连连看2.6
http://www.4399.com/flash/63033.htm,森林冰火人双人迷宫
http://www.4399.com/flash/68259.htm,河马饲养员
http://www.4399.com/flash/106202.htm,消灭星星中文版
http://www.4399.com/flash/62002.htm,疯狂过山车2
http://www.4399.com/flash/100125.htm,装载卡车4
http://www.4399.com/flash/131178.htm,帮鸟儿解冻3
http://www.4399.com/flash/106933.htm,坏蛋冰淇淋2无敌版
http://www.4399.com/flash/171900.htm,装载卡车5
http://www.4399.com/flash/147327.htm,亚当找夏娃3
http://www.4399.com/flash/10919.htm,宠物连连看3.0版
http://www.4399.com/flash/71760.htm,小婴儿逃出系列3
http://www.4399.com/flash/156918.htm,坏小孩回家4
http://www.4399.com/flash/37529.htm,小火车过隧道无敌版
http://www.4399.com/flash/50350.htm,唤醒嗜睡的小人
http://www.4399.com/flash/41285.htm,朵拉的迷你高尔夫
http://www.4399.com/flash/130836.htm,消你妹
http://www.4399.com/flash/128302.htm,消灭星星3电脑版
http://www.4399.com/flash/103266.htm,炮兵突击
http://www.4399.com/flash/96689.htm,愤怒的小鸟太空版HD
http://www.4399.com/flash/57317.htm,激光炮轰小怪2
http://www.4399.com/flash/4782.htm,汽车标志连连看
http://www.4399.com/flash/89614.htm,托马斯过河
http://www.4399.com/flash/88882.htm,海绵宝宝3D大富翁2
http://www.4399.com/flash/138881.htm,激光炮轰小怪3加强版
http://www.4399.com/flash/21223.htm,小球进洞
http://www.4399.com/flash/89107.htm,黑太狼吃羊2
http://www.4399.com/flash/152489.htm,史上最贱小游戏之体育
http://www.4399.com/flash/80211.htm,中国熊猫2无敌版
http://www.4399.com/flash/92102.htm,连连看3.1原版
http://www.4399.com/flash/76887.htm,宠物连连看可爱版
http://www.4399.com/flash/66922.htm,亚当找夏娃中文版
http://www.4399.com/flash/65959.htm,高楼爆破无敌版
http://www.4399.com/flash/34726.htm,4399水果连连看
http://www.4399.com/flash/47634.htm,让子弹飞
http://www.4399.com/flash/122189.htm,史上最贱小游戏3
http://www.4399.com/flash/184591.htm,捣蛋猪HD8.0
http://www.4399.com/flash/50306.htm,奇妙水世界
http://www.4399.com/flash/143168.htm,手纸没有了
http://www.4399.com/flash/79452.htm,森林冰火人3
http://www.4399.com/flash/73311.htm,破蛋专家
http://www.4399.com/flash/92953.htm,逗小猴开心7
http://www.4399.com/flash/132546.htm,亚当找夏娃2
http://www.4399.com/flash/80972.htm,宠物连连看经典版2
http://www.4399.com/flash/138976.htm,盗金父子
http://www.4399.com/flash/69774.htm,高楼爆破2无敌版
http://www.4399.com/flash/42075.htm,光头小子找出口
http://www.4399.com/flash/86544.htm,鸡蛋大逃亡2
http://www.4399.com/flash/30543.htm,小婴儿逃出系列1
http://www.4399.com/flash/63828.htm,红球与绿球
http://www.4399.com/flash/106849.htm,坏蛋冰淇淋2
http://www.4399.com/flash/41483.htm,装载卡车
http://www.4399.com/flash/16395.htm,小婴儿逃出系列2
http://www.4399.com/flash/158011.htm,小汽车的英雄梦
http://www.4399.com/flash/73122.htm,装载卡车3
http://www.4399.com/flash/102581.htm,帮鸟儿解冻
http://www.4399.com/flash/33249.htm,帮小狗取手绢
http://www.4399.com/flash/9840.htm,在线弹钢琴
http://www.4399.com/flash/78828.htm,益智乐高2中文版
http://www.4399.com/flash/35965.htm,直升机打气球
http://www.4399.com/flash/92108.htm,连连看原版
http://www.4399.com/flash/97275.htm,3D旋转麻将连连看
http://www.4399.com/flash/46428.htm,空姐阿Sue
http://www.4399.com/flash/24571.htm,宠物连连看3.1无敌版
http://www.4399.com/flash/8670.htm,宠物连连看特别版
http://www.4399.com/flash/50909.htm,植物战僵尸3D连连看
http://www.4399.com/flash/27265.htm,火柴人逃狱记
http://www.4399.com/flash/157666.htm,史上最贱小游戏13
http://www.4399.com/flash/113790.htm,找你妹正式版
http://www.4399.com/flash/123789.htm,恐龙觅食
http://www.4399.com/flash/128952.htm,坏蛋冰淇淋3
http://www.4399.com/flash/48349.htm,爱吃水果的虫子
http://www.4399.com/flash/1244.htm,红孩儿连连看
http://www.4399.com/flash/152162.htm,盗金父子2
http://www.4399.com/flash/8954.htm,阿sue家做客
http://www.4399.com/flash/142569.htm,一把火
http://www.4399.com/flash/91402.htm,保护橙子增强版3
http://www.4399.com/flash/56745.htm,动画师和动画
http://www.4399.com/flash/117146.htm,火柴人智闯飞艇
http://www.4399.com/flash/1287.htm,新麻雀连连看
http://www.4399.com/flash/134715.htm,捣蛋猪HD3.8
http://www.4399.com/flash/62725.htm,蜗牛鲍勃2中文版
http://www.4399.com/flash/123611.htm,小汽车的爱情梦
http://www.4399.com/flash/135633.htm,糖果去哪儿了2
http://www.4399.com/flash/151340.htm,熊猫逃生记之日本
http://www.4399.com/flash/210663.htm,逃离蓝色房屋
http://www.4399.com/flash/210662.htm,逃离鸟类爱好者之家
http://www.4399.com/flash/210660.htm,救援弱小的男孩
http://www.4399.com/flash/210659.htm,逃离羊之家
http://www.4399.com/flash/210658.htm,救援受困的北极熊
http://www.4399.com/flash/210646.htm,火鸡逃出地窖
http://www.4399.com/flash/210644.htm,彩蛋中救出小鸡
http://www.4399.com/flash/210641.htm,昏暗儿童房逃生33
http://www.4399.com/flash/210640.htm,寻找躲避的人
http://www.4399.com/flash/210639.htm,拯救犰狳
http://www.4399.com/flash/210638.htm,冬季小屋逃脱
http://www.4399.com/flash/210637.htm,火鸡情人屋逃脱
http://www.4399.com/flash/210633.htm,救援猪宝宝
http://www.4399.com/flash/210632.htm,救援舞剑的公鸡
http://www.4399.com/flash/210631.htm,救援功夫熊猫
http://www.4399.com/flash/210630.htm,逃离土耳其山脉
http://www.4399.com/flash/210629.htm,逃离沙滩屋
http://www.4399.com/flash/210620.htm,男孩摩托车逃脱
http://www.4399.com/flash/210614.htm,录音棚逃离
http://www.4399.com/flash/210613.htm,逃出古公园
http://www.4399.com/flash/210612.htm,豪华客厅大逃生
http://www.4399.com/flash/210611.htm,逃出暗夜下的小镇
http://www.4399.com/flash/210610.htm,厨师小屋逃跑
http://www.4399.com/flash/210609.htm,逃离海边村落
http://www.4399.com/flash/210607.htm,逃离大罐子79
http://www.4399.com/flash/210606.htm,救援父子俩
http://www.4399.com/flash/210605.htm,救援鸸鹋
http://www.4399.com/flash/210603.htm,逃离美妙的盛宴2
http://www.4399.com/flash/210601.htm,现代公寓大逃脱
http://www.4399.com/flash/210600.htm,逃离感恩节活动现场
http://www.4399.com/flash/210590.htm,外国男孩逃脱
http://www.4399.com/flash/210585.htm,感恩节金火鸡逃脱
http://www.4399.com/flash/210583.htm,拯救林中的奶奶
http://www.4399.com/flash/210577.htm,逃离牙医诊所
http://www.4399.com/flash/210576.htm,逃离混凝土房子
http://www.4399.com/flash/210575.htm,逃离感恩节派对屋
http://www.4399.com/flash/210574.htm,解救感恩节火鸡
http://www.4399.com/flash/210571.htm,农场工人逃跑
http://www.4399.com/flash/210570.htm,行政公寓逃生
http://www.4399.com/flash/210569.htm,山洞小怪营救
http://www.4399.com/flash/210559.htm,救援爱吃的少年
http://www.4399.com/flash/210558.htm,逃离餐厅酒窖
http://www.4399.com/flash/210555.htm,逃离感恩节房间2
http://www.4399.com/flash/210554.htm,逃离超级豪华房
http://www.4399.com/flash/210551.htm,勇敢逃离这里2
http://www.4399.com/flash/210550.htm,勇敢逃离这里
http://www.4399.com/flash/210549.htm,逃离废弃的教室2
http://www.4399.com/flash/210541.htm,小奶牛逃脱
http://www.4399.com/flash/210540.htm,逃离所在之地
http://www.4399.com/flash/210538.htm,救援放学的少年
http://www.4399.com/flash/210537.htm,救援呆萌的羊
http://www.4399.com/flash/210536.htm,逃离工人宿舍
http://www.4399.com/flash/210535.htm,救援海地女孩
http://www.4399.com/flash/210534.htm,救援野生火鸡
http://www.4399.com/flash/210532.htm,救援蒸桑拿的女孩
http://www.4399.com/flash/210531.htm,感恩节晚餐逃脱
http://www.4399.com/flash/1382.htm,宠物连连看2.5版
http://www.4399.com/flash/12669.htm,果蔬连连看
http://www.4399.com/flash/17801.htm,宠物连连看3.1
http://www.4399.com/flash/20660.htm,森林冰火人中文版
http://www.4399.com/flash/93551.htm,小鳄鱼爱洗澡中文版
http://www.4399.com/flash/113377.htm,森林冰火人4无敌版
http://www.4399.com/flash/10393.htm,石头连连看
http://www.4399.com/flash/79068.htm,高楼爆破3无敌版
http://www.4399.com/flash/853.htm,五子连珠
http://www.4399.com/flash/17403.htm,青蛙祖玛
http://www.4399.com/flash/57474.htm,蝴蝶连连看
http://www.4399.com/flash/4781.htm,花花连连看
http://www.4399.com/flash/136516.htm,消灭星星豪华版
http://www.4399.com/flash/54423.htm,4399打豆豆
http://www.4399.com/flash/2231.htm,宠物连连看2.6
http://www.4399.com/flash/63033.htm,森林冰火人双人迷宫
http://www.4399.com/flash/68259.htm,河马饲养员
http://www.4399.com/flash/106202.htm,消灭星星中文版
http://www.4399.com/flash/62002.htm,疯狂过山车2
http://www.4399.com/flash/100125.htm,装载卡车4
http://www.4399.com/flash/131178.htm,帮鸟儿解冻3
http://www.4399.com/flash/106933.htm,坏蛋冰淇淋2无敌版
http://www.4399.com/flash/171900.htm,装载卡车5
http://www.4399.com/flash/147327.htm,亚当找夏娃3
http://www.4399.com/flash/10919.htm,宠物连连看3.0版
http://www.4399.com/flash/71760.htm,小婴儿逃出系列3
http://www.4399.com/flash/156918.htm,坏小孩回家4
http://www.4399.com/flash/37529.htm,小火车过隧道无敌版
http://www.4399.com/flash/50350.htm,唤醒嗜睡的小人
http://www.4399.com/flash/41285.htm,朵拉的迷你高尔夫
http://www.4399.com/flash/130836.htm,消你妹
http://www.4399.com/flash/128302.htm,消灭星星3电脑版
http://www.4399.com/flash/103266.htm,炮兵突击
http://www.4399.com/flash/96689.htm,愤怒的小鸟太空版HD
http://www.4399.com/flash/57317.htm,激光炮轰小怪2
http://www.4399.com/flash/4782.htm,汽车标志连连看
http://www.4399.com/flash/89614.htm,托马斯过河
http://www.4399.com/flash/88882.htm,海绵宝宝3D大富翁2
http://www.4399.com/flash/138881.htm,激光炮轰小怪3加强版
http://www.4399.com/flash/21223.htm,小球进洞
http://www.4399.com/flash/89107.htm,黑太狼吃羊2
http://www.4399.com/flash/152489.htm,史上最贱小游戏之体育
http://www.4399.com/flash/80211.htm,中国熊猫2无敌版
http://www.4399.com/flash/92102.htm,连连看3.1原版
http://www.4399.com/flash/76887.htm,宠物连连看可爱版
http://www.4399.com/flash/66922.htm,亚当找夏娃中文版
http://www.4399.com/flash/65959.htm,高楼爆破无敌版
http://www.4399.com/flash/34726.htm,4399水果连连看
http://www.4399.com/flash/47634.htm,让子弹飞
http://www.4399.com/flash/122189.htm,史上最贱小游戏3
http://www.4399.com/flash/184591.htm,捣蛋猪HD8.0
http://www.4399.com/flash/50306.htm,奇妙水世界
http://www.4399.com/flash/143168.htm,手纸没有了
http://www.4399.com/flash/79452.htm,森林冰火人3
http://www.4399.com/flash/73311.htm,破蛋专家
http://www.4399.com/flash/92953.htm,逗小猴开心7
http://www.4399.com/flash/132546.htm,亚当找夏娃2
http://www.4399.com/flash/80972.htm,宠物连连看经典版2
http://www.4399.com/flash/138976.htm,盗金父子
http://www.4399.com/flash/69774.htm,高楼爆破2无敌版
http://www.4399.com/flash/42075.htm,光头小子找出口
http://www.4399.com/flash/86544.htm,鸡蛋大逃亡2
http://www.4399.com/flash/30543.htm,小婴儿逃出系列1
http://www.4399.com/flash/63828.htm,红球与绿球
http://www.4399.com/flash/106849.htm,坏蛋冰淇淋2
http://www.4399.com/flash/41483.htm,装载卡车
http://www.4399.com/flash/16395.htm,小婴儿逃出系列2
http://www.4399.com/flash/158011.htm,小汽车的英雄梦
http://www.4399.com/flash/73122.htm,装载卡车3
http://www.4399.com/flash/102581.htm,帮鸟儿解冻
http://www.4399.com/flash/33249.htm,帮小狗取手绢
http://www.4399.com/flash/9840.htm,在线弹钢琴
http://www.4399.com/flash/78828.htm,益智乐高2中文版
http://www.4399.com/flash/35965.htm,直升机打气球
http://www.4399.com/flash/92108.htm,连连看原版
http://www.4399.com/flash/97275.htm,3D旋转麻将连连看
http://www.4399.com/flash/46428.htm,空姐阿Sue
http://www.4399.com/flash/24571.htm,宠物连连看3.1无敌版
http://www.4399.com/flash/8670.htm,宠物连连看特别版
http://www.4399.com/flash/50909.htm,植物战僵尸3D连连看
http://www.4399.com/flash/27265.htm,火柴人逃狱记
http://www.4399.com/flash/157666.htm,史上最贱小游戏13
http://www.4399.com/flash/113790.htm,找你妹正式版
http://www.4399.com/flash/123789.htm,恐龙觅食
http://www.4399.com/flash/128952.htm,坏蛋冰淇淋3
http://www.4399.com/flash/48349.htm,爱吃水果的虫子
http://www.4399.com/flash/1244.htm,红孩儿连连看
http://www.4399.com/flash/152162.htm,盗金父子2
http://www.4399.com/flash/8954.htm,阿sue家做客
http://www.4399.com/flash/142569.htm,一把火
http://www.4399.com/flash/91402.htm,保护橙子增强版3
http://www.4399.com/flash/56745.htm,动画师和动画
http://www.4399.com/flash/117146.htm,火柴人智闯飞艇
http://www.4399.com/flash/1287.htm,新麻雀连连看
http://www.4399.com/flash/134715.htm,捣蛋猪HD3.8
http://www.4399.com/flash/62725.htm,蜗牛鲍勃2中文版
http://www.4399.com/flash/123611.htm,小汽车的爱情梦
http://www.4399.com/flash/135633.htm,糖果去哪儿了2
http://www.4399.com/flash/151340.htm,熊猫逃生记之日本
http://www.4399.com/flash/210530.htm,感恩节派对逃跑
http://www.4399.com/flash/210527.htm,感恩节村落逃脱
http://www.4399.com/flash/210526.htm,浣熊幼崽逃脱
http://www.4399.com/flash/210525.htm,白色猫头鹰救援队
http://www.4399.com/flash/210512.htm,救援小猫头鹰
http://www.4399.com/flash/210511.htm,逃离阁楼间
http://www.4399.com/flash/210510.htm,感恩节火鸡逃走
http://www.4399.com/flash/210509.htm,翻新浴室逃生
http://www.4399.com/flash/210507.htm,逃离神秘的矿洞
http://www.4399.com/flash/210506.htm,病毒区逃离
http://www.4399.com/flash/210505.htm,逃离美妙的盛宴
http://www.4399.com/flash/210504.htm,救援慵懒的狗
http://www.4399.com/flash/210502.htm,昏暗儿童房逃生32
http://www.4399.com/flash/210501.htm,逃离小镇2
http://www.4399.com/flash/210503.htm,参加感恩节聚会
http://www.4399.com/flash/210500.htm,逃离爷爷的后院
http://www.4399.com/flash/210498.htm,逃离荒废避难所
http://www.4399.com/flash/210485.htm,救援猎犬
http://www.4399.com/flash/210482.htm,救援传统的男子
http://www.4399.com/flash/210481.htm,逃离感恩枫叶林
http://www.4399.com/flash/210480.htm,逃离天然果林
http://www.4399.com/flash/210476.htm,放风筝女孩逃跑
http://www.4399.com/flash/210473.htm,天才女孩逃脱
http://www.4399.com/flash/210469.htm,找寻水下宝藏
http://www.4399.com/flash/210467.htm,逃出豪华之宅4
http://www.4399.com/flash/210466.htm,牙科诊所逃逸
http://www.4399.com/flash/210464.htm,植物Online消消乐
http://www.4399.com/flash/210463.htm,可爱的小猫咪营救
http://www.4399.com/flash/210460.htm,逃离玉米田地
http://www.4399.com/flash/210459.htm,逃离集装箱房
http://www.4399.com/flash/210458.htm,逃离雨具屋
http://www.4399.com/flash/210457.htm,救援灰熊
http://www.4399.com/flash/210454.htm,逃离赤色公寓
http://www.4399.com/flash/210453.htm,逃离农民小屋
http://www.4399.com/flash/210443.htm,蝎子逃生
http://www.4399.com/flash/210439.htm,筹备感恩节派对
http://www.4399.com/flash/210438.htm,灯火林间逃生
http://www.4399.com/flash/210437.htm,音乐厅逃生
http://www.4399.com/flash/210436.htm,锁在披萨店
http://www.4399.com/flash/210435.htm,困在月球上
http://www.4399.com/flash/210429.htm,废弃之地逃脱2
http://www.4399.com/flash/210428.htm,废弃之地逃脱
http://www.4399.com/flash/210427.htm,温馨大房逃脱
http://www.4399.com/flash/210426.htm,拯救黑猩猩
http://www.4399.com/flash/210425.htm,暗绿色房逃脱
http://www.4399.com/flash/210423.htm,害怕的男孩逃跑
http://www.4399.com/flash/210421.htm,逃离玉米农场
http://www.4399.com/flash/210420.htm,救援绿色小乌龟
http://www.4399.com/flash/210418.htm,昏暗儿童房逃生31
http://www.4399.com/flash/210416.htm,逃离仓房
http://www.4399.com/flash/210414.htm,救援女工作狂
http://www.4399.com/flash/210413.htm,救援可怜的啄木鸟
http://www.4399.com/flash/210404.htm,女勇士逃跑
http://www.4399.com/flash/210403.htm,火鸡花园逃生
http://www.4399.com/flash/210399.htm,神秘竞技场逃脱2
http://www.4399.com/flash/210398.htm,本地男孩逃跑
http://www.4399.com/flash/1382.htm,宠物连连看2.5版
http://www.4399.com/flash/12669.htm,果蔬连连看
http://www.4399.com/flash/17801.htm,宠物连连看3.1
http://www.4399.com/flash/20660.htm,森林冰火人中文版
http://www.4399.com/flash/93551.htm,小鳄鱼爱洗澡中文版
http://www.4399.com/flash/113377.htm,森林冰火人4无敌版
http://www.4399.com/flash/10393.htm,石头连连看
http://www.4399.com/flash/79068.htm,高楼爆破3无敌版
http://www.4399.com/flash/853.htm,五子连珠
http://www.4399.com/flash/17403.htm,青蛙祖玛
http://www.4399.com/flash/57474.htm,蝴蝶连连看
http://www.4399.com/flash/4781.htm,花花连连看
http://www.4399.com/flash/136516.htm,消灭星星豪华版
http://www.4399.com/flash/54423.htm,4399打豆豆
http://www.4399.com/flash/2231.htm,宠物连连看2.6
http://www.4399.com/flash/63033.htm,森林冰火人双人迷宫
http://www.4399.com/flash/68259.htm,河马饲养员
http://www.4399.com/flash/106202.htm,消灭星星中文版
http://www.4399.com/flash/62002.htm,疯狂过山车2
http://www.4399.com/flash/100125.htm,装载卡车4
http://www.4399.com/flash/131178.htm,帮鸟儿解冻3
http://www.4399.com/flash/106933.htm,坏蛋冰淇淋2无敌版
http://www.4399.com/flash/171900.htm,装载卡车5
http://www.4399.com/flash/147327.htm,亚当找夏娃3
http://www.4399.com/flash/10919.htm,宠物连连看3.0版
http://www.4399.com/flash/71760.htm,小婴儿逃出系列3
http://www.4399.com/flash/156918.htm,坏小孩回家4
http://www.4399.com/flash/37529.htm,小火车过隧道无敌版
http://www.4399.com/flash/50350.htm,唤醒嗜睡的小人
http://www.4399.com/flash/41285.htm,朵拉的迷你高尔夫
http://www.4399.com/flash/130836.htm,消你妹
http://www.4399.com/flash/128302.htm,消灭星星3电脑版
http://www.4399.com/flash/103266.htm,炮兵突击
http://www.4399.com/flash/96689.htm,愤怒的小鸟太空版HD
http://www.4399.com/flash/57317.htm,激光炮轰小怪2
http://www.4399.com/flash/4782.htm,汽车标志连连看
http://www.4399.com/flash/89614.htm,托马斯过河
http://www.4399.com/flash/88882.htm,海绵宝宝3D大富翁2
http://www.4399.com/flash/138881.htm,激光炮轰小怪3加强版
http://www.4399.com/flash/21223.htm,小球进洞
http://www.4399.com/flash/89107.htm,黑太狼吃羊2
http://www.4399.com/flash/152489.htm,史上最贱小游戏之体育
http://www.4399.com/flash/80211.htm,中国熊猫2无敌版
http://www.4399.com/flash/92102.htm,连连看3.1原版
http://www.4399.com/flash/76887.htm,宠物连连看可爱版
http://www.4399.com/flash/66922.htm,亚当找夏娃中文版
http://www.4399.com/flash/65959.htm,高楼爆破无敌版
http://www.4399.com/flash/34726.htm,4399水果连连看
http://www.4399.com/flash/47634.htm,让子弹飞
http://www.4399.com/flash/122189.htm,史上最贱小游戏3
http://www.4399.com/flash/184591.htm,捣蛋猪HD8.0
http://www.4399.com/flash/50306.htm,奇妙水世界
http://www.4399.com/flash/143168.htm,手纸没有了
http://www.4399.com/flash/79452.htm,森林冰火人3
http://www.4399.com/flash/73311.htm,破蛋专家
http://www.4399.com/flash/92953.htm,逗小猴开心7
http://www.4399.com/flash/132546.htm,亚当找夏娃2
http://www.4399.com/flash/80972.htm,宠物连连看经典版2
http://www.4399.com/flash/138976.htm,盗金父子
http://www.4399.com/flash/69774.htm,高楼爆破2无敌版
http://www.4399.com/flash/42075.htm,光头小子找出口
http://www.4399.com/flash/86544.htm,鸡蛋大逃亡2
http://www.4399.com/flash/30543.htm,小婴儿逃出系列1
http://www.4399.com/flash/63828.htm,红球与绿球
http://www.4399.com/flash/106849.htm,坏蛋冰淇淋2
http://www.4399.com/flash/41483.htm,装载卡车
http://www.4399.com/flash/16395.htm,小婴儿逃出系列2
http://www.4399.com/flash/158011.htm,小汽车的英雄梦
http://www.4399.com/flash/73122.htm,装载卡车3
http://www.4399.com/flash/102581.htm,帮鸟儿解冻
http://www.4399.com/flash/33249.htm,帮小狗取手绢
http://www.4399.com/flash/9840.htm,在线弹钢琴
http://www.4399.com/flash/78828.htm,益智乐高2中文版
http://www.4399.com/flash/35965.htm,直升机打气球
http://www.4399.com/flash/92108.htm,连连看原版
http://www.4399.com/flash/97275.htm,3D旋转麻将连连看
http://www.4399.com/flash/46428.htm,空姐阿Sue
http://www.4399.com/flash/24571.htm,宠物连连看3.1无敌版
http://www.4399.com/flash/8670.htm,宠物连连看特别版
http://www.4399.com/flash/50909.htm,植物战僵尸3D连连看
http://www.4399.com/flash/27265.htm,火柴人逃狱记
http://www.4399.com/flash/157666.htm,史上最贱小游戏13
http://www.4399.com/flash/113790.htm,找你妹正式版
http://www.4399.com/flash/123789.htm,恐龙觅食
http://www.4399.com/flash/128952.htm,坏蛋冰淇淋3
http://www.4399.com/flash/48349.htm,爱吃水果的虫子
http://www.4399.com/flash/1244.htm,红孩儿连连看
http://www.4399.com/flash/152162.htm,盗金父子2
http://www.4399.com/flash/8954.htm,阿sue家做客
http://www.4399.com/flash/142569.htm,一把火
http://www.4399.com/flash/91402.htm,保护橙子增强版3
http://www.4399.com/flash/56745.htm,动画师和动画
http://www.4399.com/flash/117146.htm,火柴人智闯飞艇
http://www.4399.com/flash/1287.htm,新麻雀连连看
http://www.4399.com/flash/134715.htm,捣蛋猪HD3.8
http://www.4399.com/flash/62725.htm,蜗牛鲍勃2中文版
http://www.4399.com/flash/123611.htm,小汽车的爱情梦
http://www.4399.com/flash/135633.htm,糖果去哪儿了2
http://www.4399.com/flash/151340.htm,熊猫逃生记之日本
http://www.4399.com/flash/210397.htm,猪先生逃脱
http://www.4399.com/flash/210396.htm,感恩节农舍逃脱
http://www.4399.com/flash/210394.htm,逃离大罐子78
http://www.4399.com/flash/210390.htm,逃离童话之林
http://www.4399.com/flash/210389.htm,救援开心的鳄鱼
http://www.4399.com/flash/210388.htm,孤岛大逃脱
http://www.4399.com/flash/210386.htm,救援英俊的篮球员
http://www.4399.com/flash/210379.htm,拯救笼中小狗
http://www.4399.com/flash/210377.htm,小猪出笼
http://www.4399.com/flash/210376.htm,逃出豪华之宅3
http://www.4399.com/flash/210373.htm,城堡地牢逃生
http://www.4399.com/flash/210371.htm,废弃学校走廊逃生
http://www.4399.com/flash/210368.htm,绿洲之家逃脱
http://www.4399.com/flash/210367.htm,逃离华丽之地2
http://www.4399.com/flash/210366.htm,救援动物园管理员2
http://www.4399.com/flash/210360.htm,逃离万圣屋子
http://www.4399.com/flash/210358.htm,救援绿色海龟
http://www.4399.com/flash/210357.htm,逃离幽静小树屋
http://www.4399.com/flash/210356.htm,玩呼啦圈的女孩
http://www.4399.com/flash/210355.htm,拯救马戏团大象
http://www.4399.com/flash/210353.htm,逃离隔音宿舍
http://www.4399.com/flash/210351.htm,逃离中国风房屋
http://www.4399.com/flash/210348.htm,寻找机器人
http://www.4399.com/flash/210345.htm,逃出豪华之宅2
http://www.4399.com/flash/210342.htm,逃离简易房屋8
http://www.4399.com/flash/210338.htm,神秘竞技场逃脱
http://www.4399.com/flash/210337.htm,大火鸡森林逃脱
http://www.4399.com/flash/210336.htm,感恩节逃出婚礼
http://www.4399.com/flash/210332.htm,逃离废弃的高中大楼
http://www.4399.com/flash/210331.htm,逃离达尔马提亚房屋
http://www.4399.com/flash/210329.htm,寻找安全出口2
http://www.4399.com/flash/210328.htm,逃离地下洗衣房
http://www.4399.com/flash/210327.htm,逃离梦幻乡村街
http://www.4399.com/flash/210325.htm,救援棕色的母鸡
http://www.4399.com/flash/210322.htm,肥胖男孩逃跑
http://www.4399.com/flash/210320.htm,家庭办公室逃跑
http://www.4399.com/flash/210319.htm,梦幻世界大逃脱
http://www.4399.com/flash/210307.htm,武士室逃生
http://www.4399.com/flash/210306.htm,黑森林逃脱
http://www.4399.com/flash/210305.htm,冬季逃出雪屋
http://www.4399.com/flash/210304.htm,老谷仓逃脱
http://www.4399.com/flash/210302.htm,逃离恶臭的下水道
http://www.4399.com/flash/210301.htm,寻找美味的火鸡肉
http://www.4399.com/flash/210300.htm,逃离灰色地带
http://www.4399.com/flash/210299.htm,逃离荒废之地
http://www.4399.com/flash/210297.htm,逃离优雅的大饭店
http://www.4399.com/flash/210296.htm,救援津巴布韦女孩
http://www.4399.com/flash/210292.htm,逃出豪华之宅
http://www.4399.com/flash/210290.htm,初秋的早上逃脱
http://www.4399.com/flash/210288.htm,敏捷男孩逃跑
http://www.4399.com/flash/210280.htm,逃离破旧之地
http://www.4399.com/flash/210279.htm,逃离简易房屋7
http://www.4399.com/flash/210273.htm,逃离华丽之地
http://www.4399.com/flash/210271.htm,感恩节小屋逃生
http://www.4399.com/flash/210270.htm,拯救堡垒中的王子
http://www.4399.com/flash/210267.htm,救援小火鸡
http://www.4399.com/flash/1382.htm,宠物连连看2.5版
http://www.4399.com/flash/12669.htm,果蔬连连看
http://www.4399.com/flash/17801.htm,宠物连连看3.1
http://www.4399.com/flash/20660.htm,森林冰火人中文版
http://www.4399.com/flash/93551.htm,小鳄鱼爱洗澡中文版
http://www.4399.com/flash/113377.htm,森林冰火人4无敌版
http://www.4399.com/flash/10393.htm,石头连连看
http://www.4399.com/flash/79068.htm,高楼爆破3无敌版
http://www.4399.com/flash/853.htm,五子连珠
http://www.4399.com/flash/17403.htm,青蛙祖玛
http://www.4399.com/flash/57474.htm,蝴蝶连连看
http://www.4399.com/flash/4781.htm,花花连连看
http://www.4399.com/flash/136516.htm,消灭星星豪华版
http://www.4399.com/flash/54423.htm,4399打豆豆
http://www.4399.com/flash/2231.htm,宠物连连看2.6
http://www.4399.com/flash/63033.htm,森林冰火人双人迷宫
http://www.4399.com/flash/68259.htm,河马饲养员
http://www.4399.com/flash/106202.htm,消灭星星中文版
http://www.4399.com/flash/62002.htm,疯狂过山车2
http://www.4399.com/flash/100125.htm,装载卡车4
http://www.4399.com/flash/131178.htm,帮鸟儿解冻3
http://www.4399.com/flash/106933.htm,坏蛋冰淇淋2无敌版
http://www.4399.com/flash/171900.htm,装载卡车5
http://www.4399.com/flash/147327.htm,亚当找夏娃3
http://www.4399.com/flash/10919.htm,宠物连连看3.0版
http://www.4399.com/flash/71760.htm,小婴儿逃出系列3
http://www.4399.com/flash/156918.htm,坏小孩回家4
http://www.4399.com/flash/37529.htm,小火车过隧道无敌版
http://www.4399.com/flash/50350.htm,唤醒嗜睡的小人
http://www.4399.com/flash/41285.htm,朵拉的迷你高尔夫
http://www.4399.com/flash/130836.htm,消你妹
http://www.4399.com/flash/128302.htm,消灭星星3电脑版
http://www.4399.com/flash/103266.htm,炮兵突击
http://www.4399.com/flash/96689.htm,愤怒的小鸟太空版HD
http://www.4399.com/flash/57317.htm,激光炮轰小怪2
http://www.4399.com/flash/4782.htm,汽车标志连连看
http://www.4399.com/flash/89614.htm,托马斯过河
http://www.4399.com/flash/88882.htm,海绵宝宝3D大富翁2
http://www.4399.com/flash/138881.htm,激光炮轰小怪3加强版
http://www.4399.com/flash/21223.htm,小球进洞
http://www.4399.com/flash/89107.htm,黑太狼吃羊2
http://www.4399.com/flash/152489.htm,史上最贱小游戏之体育
http://www.4399.com/flash/80211.htm,中国熊猫2无敌版
http://www.4399.com/flash/92102.htm,连连看3.1原版
http://www.4399.com/flash/76887.htm,宠物连连看可爱版
http://www.4399.com/flash/66922.htm,亚当找夏娃中文版
http://www.4399.com/flash/65959.htm,高楼爆破无敌版
http://www.4399.com/flash/34726.htm,4399水果连连看
http://www.4399.com/flash/47634.htm,让子弹飞
http://www.4399.com/flash/122189.htm,史上最贱小游戏3
http://www.4399.com/flash/184591.htm,捣蛋猪HD8.0
http://www.4399.com/flash/50306.htm,奇妙水世界
http://www.4399.com/flash/143168.htm,手纸没有了
http://www.4399.com/flash/79452.htm,森林冰火人3
http://www.4399.com/flash/73311.htm,破蛋专家
http://www.4399.com/flash/92953.htm,逗小猴开心7
http://www.4399.com/flash/132546.htm,亚当找夏娃2
http://www.4399.com/flash/80972.htm,宠物连连看经典版2
http://www.4399.com/flash/138976.htm,盗金父子
http://www.4399.com/flash/69774.htm,高楼爆破2无敌版
http://www.4399.com/flash/42075.htm,光头小子找出口
http://www.4399.com/flash/86544.htm,鸡蛋大逃亡2
http://www.4399.com/flash/30543.htm,小婴儿逃出系列1
http://www.4399.com/flash/63828.htm,红球与绿球
http://www.4399.com/flash/106849.htm,坏蛋冰淇淋2
http://www.4399.com/flash/41483.htm,装载卡车
http://www.4399.com/flash/16395.htm,小婴儿逃出系列2
http://www.4399.com/flash/158011.htm,小汽车的英雄梦
http://www.4399.com/flash/73122.htm,装载卡车3
http://www.4399.com/flash/102581.htm,帮鸟儿解冻
http://www.4399.com/flash/33249.htm,帮小狗取手绢
http://www.4399.com/flash/9840.htm,在线弹钢琴
http://www.4399.com/flash/78828.htm,益智乐高2中文版
http://www.4399.com/flash/35965.htm,直升机打气球
http://www.4399.com/flash/92108.htm,连连看原版
http://www.4399.com/flash/97275.htm,3D旋转麻将连连看
http://www.4399.com/flash/46428.htm,空姐阿Sue
http://www.4399.com/flash/24571.htm,宠物连连看3.1无敌版
http://www.4399.com/flash/8670.htm,宠物连连看特别版
http://www.4399.com/flash/50909.htm,植物战僵尸3D连连看
http://www.4399.com/flash/27265.htm,火柴人逃狱记
http://www.4399.com/flash/157666.htm,史上最贱小游戏13
http://www.4399.com/flash/113790.htm,找你妹正式版
http://www.4399.com/flash/123789.htm,恐龙觅食
http://www.4399.com/flash/128952.htm,坏蛋冰淇淋3
http://www.4399.com/flash/48349.htm,爱吃水果的虫子
http://www.4399.com/flash/1244.htm,红孩儿连连看
http://www.4399.com/flash/152162.htm,盗金父子2
http://www.4399.com/flash/8954.htm,阿sue家做客
http://www.4399.com/flash/142569.htm,一把火
http://www.4399.com/flash/91402.htm,保护橙子增强版3
http://www.4399.com/flash/56745.htm,动画师和动画
http://www.4399.com/flash/117146.htm,火柴人智闯飞艇
http://www.4399.com/flash/1287.htm,新麻雀连连看
http://www.4399.com/flash/134715.htm,捣蛋猪HD3.8
http://www.4399.com/flash/62725.htm,蜗牛鲍勃2中文版
http://www.4399.com/flash/123611.htm,小汽车的爱情梦
http://www.4399.com/flash/135633.htm,糖果去哪儿了2
http://www.4399.com/flash/151340.htm,熊猫逃生记之日本
http://www.4399.com/flash/210266.htm,救援女飞行员
http://www.4399.com/flash/210265.htm,救援绿虫子
http://www.4399.com/flash/210259.htm,逃离机舱
http://www.4399.com/flash/210252.htm,笑脸术士逃脱
http://www.4399.com/flash/210251.htm,退休老太太逃跑
http://www.4399.com/flash/210249.htm,秋季趣味逃脱
http://www.4399.com/flash/210246.htm,幽暗下水道逃脱
http://www.4399.com/flash/210245.htm,拯救被困的原始人
http://www.4399.com/flash/210243.htm,救援慢跑的男孩
http://www.4399.com/flash/210241.htm,可爱粉兔逃跑
http://www.4399.com/flash/210240.htm,玩雪球的女孩
http://www.4399.com/flash/210239.htm,逃离国王的城堡
http://www.4399.com/flash/210238.htm,蜜蜂女孩逃脱
http://www.4399.com/flash/210236.htm,冰冻房屋逃生
http://www.4399.com/flash/210235.htm,逃离广阔的牧场
http://www.4399.com/flash/210234.htm,逃出酒店房屋
http://www.4399.com/flash/210233.htm,逃出恐惧房间17
http://www.4399.com/flash/210230.htm,逃出女巫的家
http://www.4399.com/flash/210229.htm,飞车男孩逃脱
http://www.4399.com/flash/210217.htm,逃离饲养场2
http://www.4399.com/flash/210214.htm,寻找安全出口
http://www.4399.com/flash/210212.htm,趣味大逃脱5
http://www.4399.com/flash/210211.htm,感恩节火鸡逃窜
http://www.4399.com/flash/210207.htm,救援辣椒小怪
http://www.4399.com/flash/210206.htm,救援铁锹男孩
http://www.4399.com/flash/210205.htm,爱吃甜椒的女孩
http://www.4399.com/flash/210204.htm,救援现代妇女
http://www.4399.com/flash/210202.htm,逃离时尚白屋
http://www.4399.com/flash/210189.htm,逃离万圣节前夕
http://www.4399.com/flash/210185.htm,逃离遗弃的避难所
http://www.4399.com/flash/210183.htm,救援英俊的男孩
http://www.4399.com/flash/210182.htm,逃离梦想沙滩岛
http://www.4399.com/flash/210181.htm,逃出高级单身公寓
http://www.4399.com/flash/210180.htm,救援独眼恶魔
http://www.4399.com/flash/210178.htm,逃离技术会议现场
http://www.4399.com/flash/210166.htm,逃离早期的木屋
http://www.4399.com/flash/210164.htm,救援可爱的小黑仔
http://www.4399.com/flash/210163.htm,逃离古代监狱
http://www.4399.com/flash/210162.htm,逃离阴暗的万圣屋
http://www.4399.com/flash/210145.htm,救援优秀的主持人
http://www.4399.com/flash/210144.htm,救援华丽的女巫
http://www.4399.com/flash/210143.htm,救援镰刀者
http://www.4399.com/flash/210142.htm,救援神奇的大蟒
http://www.4399.com/flash/210140.htm,困在草丛的一家
http://www.4399.com/flash/210138.htm,救援龙蜥蜴
http://www.4399.com/flash/210134.htm,救援土著男孩
http://www.4399.com/flash/210133.htm,救援盆栽姑娘
http://www.4399.com/flash/210132.htm,救援女医生
http://www.4399.com/flash/210131.htm,神秘之旅3
http://www.4399.com/flash/210115.htm,救援困在牢笼的女孩
http://www.4399.com/flash/210114.htm,救援可爱小象
http://www.4399.com/flash/210113.htm,逃离医院走廊
http://www.4399.com/flash/210112.htm,救援笑脸熊
http://www.4399.com/flash/210111.htm,逃离万圣屋8
http://www.4399.com/flash/210110.htm,救援问题男孩
http://www.4399.com/flash/210099.htm,救援幸存者3
http://www.4399.com/flash/1382.htm,宠物连连看2.5版
http://www.4399.com/flash/12669.htm,果蔬连连看
http://www.4399.com/flash/17801.htm,宠物连连看3.1
http://www.4399.com/flash/20660.htm,森林冰火人中文版
http://www.4399.com/flash/93551.htm,小鳄鱼爱洗澡中文版
http://www.4399.com/flash/113377.htm,森林冰火人4无敌版
http://www.4399.com/flash/10393.htm,石头连连看
http://www.4399.com/flash/79068.htm,高楼爆破3无敌版
http://www.4399.com/flash/853.htm,五子连珠
http://www.4399.com/flash/17403.htm,青蛙祖玛
http://www.4399.com/flash/57474.htm,蝴蝶连连看
http://www.4399.com/flash/4781.htm,花花连连看
http://www.4399.com/flash/136516.htm,消灭星星豪华版
http://www.4399.com/flash/54423.htm,4399打豆豆
http://www.4399.com/flash/2231.htm,宠物连连看2.6
http://www.4399.com/flash/63033.htm,森林冰火人双人迷宫
http://www.4399.com/flash/68259.htm,河马饲养员
http://www.4399.com/flash/106202.htm,消灭星星中文版
http://www.4399.com/flash/62002.htm,疯狂过山车2
http://www.4399.com/flash/100125.htm,装载卡车4
http://www.4399.com/flash/131178.htm,帮鸟儿解冻3
http://www.4399.com/flash/106933.htm,坏蛋冰淇淋2无敌版
http://www.4399.com/flash/171900.htm,装载卡车5
http://www.4399.com/flash/147327.htm,亚当找夏娃3
http://www.4399.com/flash/10919.htm,宠物连连看3.0版
http://www.4399.com/flash/71760.htm,小婴儿逃出系列3
http://www.4399.com/flash/156918.htm,坏小孩回家4
http://www.4399.com/flash/37529.htm,小火车过隧道无敌版
http://www.4399.com/flash/50350.htm,唤醒嗜睡的小人
http://www.4399.com/flash/41285.htm,朵拉的迷你高尔夫
http://www.4399.com/flash/130836.htm,消你妹
http://www.4399.com/flash/128302.htm,消灭星星3电脑版
http://www.4399.com/flash/103266.htm,炮兵突击
http://www.4399.com/flash/96689.htm,愤怒的小鸟太空版HD
http://www.4399.com/flash/57317.htm,激光炮轰小怪2
http://www.4399.com/flash/4782.htm,汽车标志连连看
http://www.4399.com/flash/89614.htm,托马斯过河
http://www.4399.com/flash/88882.htm,海绵宝宝3D大富翁2
http://www.4399.com/flash/138881.htm,激光炮轰小怪3加强版
http://www.4399.com/flash/21223.htm,小球进洞
http://www.4399.com/flash/89107.htm,黑太狼吃羊2
http://www.4399.com/flash/152489.htm,史上最贱小游戏之体育
http://www.4399.com/flash/80211.htm,中国熊猫2无敌版
http://www.4399.com/flash/92102.htm,连连看3.1原版
http://www.4399.com/flash/76887.htm,宠物连连看可爱版
http://www.4399.com/flash/66922.htm,亚当找夏娃中文版
http://www.4399.com/flash/65959.htm,高楼爆破无敌版
http://www.4399.com/flash/34726.htm,4399水果连连看
http://www.4399.com/flash/47634.htm,让子弹飞
http://www.4399.com/flash/122189.htm,史上最贱小游戏3
http://www.4399.com/flash/184591.htm,捣蛋猪HD8.0
http://www.4399.com/flash/50306.htm,奇妙水世界
http://www.4399.com/flash/143168.htm,手纸没有了
http://www.4399.com/flash/79452.htm,森林冰火人3
http://www.4399.com/flash/73311.htm,破蛋专家
http://www.4399.com/flash/92953.htm,逗小猴开心7
http://www.4399.com/flash/132546.htm,亚当找夏娃2
http://www.4399.com/flash/80972.htm,宠物连连看经典版2
http://www.4399.com/flash/138976.htm,盗金父子
http://www.4399.com/flash/69774.htm,高楼爆破2无敌版
http://www.4399.com/flash/42075.htm,光头小子找出口
http://www.4399.com/flash/86544.htm,鸡蛋大逃亡2
http://www.4399.com/flash/30543.htm,小婴儿逃出系列1
http://www.4399.com/flash/63828.htm,红球与绿球
http://www.4399.com/flash/106849.htm,坏蛋冰淇淋2
http://www.4399.com/flash/41483.htm,装载卡车
http://www.4399.com/flash/16395.htm,小婴儿逃出系列2
http://www.4399.com/flash/158011.htm,小汽车的英雄梦
http://www.4399.com/flash/73122.htm,装载卡车3
http://www.4399.com/flash/102581.htm,帮鸟儿解冻
http://www.4399.com/flash/33249.htm,帮小狗取手绢
http://www.4399.com/flash/9840.htm,在线弹钢琴
http://www.4399.com/flash/78828.htm,益智乐高2中文版
http://www.4399.com/flash/35965.htm,直升机打气球
http://www.4399.com/flash/92108.htm,连连看原版
http://www.4399.com/flash/97275.htm,3D旋转麻将连连看
http://www.4399.com/flash/46428.htm,空姐阿Sue
http://www.4399.com/flash/24571.htm,宠物连连看3.1无敌版
http://www.4399.com/flash/8670.htm,宠物连连看特别版
http://www.4399.com/flash/50909.htm,植物战僵尸3D连连看
http://www.4399.com/flash/27265.htm,火柴人逃狱记
http://www.4399.com/flash/157666.htm,史上最贱小游戏13
http://www.4399.com/flash/113790.htm,找你妹正式版
http://www.4399.com/flash/123789.htm,恐龙觅食
http://www.4399.com/flash/128952.htm,坏蛋冰淇淋3
http://www.4399.com/flash/48349.htm,爱吃水果的虫子
http://www.4399.com/flash/1244.htm,红孩儿连连看
http://www.4399.com/flash/152162.htm,盗金父子2
http://www.4399.com/flash/8954.htm,阿sue家做客
http://www.4399.com/flash/142569.htm,一把火
http://www.4399.com/flash/91402.htm,保护橙子增强版3
http://www.4399.com/flash/56745.htm,动画师和动画
http://www.4399.com/flash/117146.htm,火柴人智闯飞艇
http://www.4399.com/flash/1287.htm,新麻雀连连看
http://www.4399.com/flash/134715.htm,捣蛋猪HD3.8
http://www.4399.com/flash/62725.htm,蜗牛鲍勃2中文版
http://www.4399.com/flash/123611.htm,小汽车的爱情梦
http://www.4399.com/flash/135633.htm,糖果去哪儿了2
http://www.4399.com/flash/151340.htm,熊猫逃生记之日本
http://www.4399.com/flash/210098.htm,吹萨克斯的兔子
http://www.4399.com/flash/210097.htm,爱跳舞的部落女孩
http://www.4399.com/flash/210094.htm,难解的谜题3
http://www.4399.com/flash/210090.htm,快乐逃脱屋2
http://www.4399.com/flash/210089.htm,救援女剑客
http://www.4399.com/flash/210075.htm,救援卡通土豆人
http://www.4399.com/flash/210074.htm,寻找草棚的钥匙
http://www.4399.com/flash/210073.htm,救援拐杖的男孩
http://www.4399.com/flash/210072.htm,逃离万圣派对夜
http://www.4399.com/flash/210070.htm,逃离幽暗之林
http://www.4399.com/flash/210069.htm,救援受困的幸存者
http://www.4399.com/flash/210059.htm,逃离棋牌屋
http://www.4399.com/flash/210056.htm,难解的谜题4
http://www.4399.com/flash/210054.htm,救援聪明的人
http://www.4399.com/flash/210053.htm,逃离万圣节餐厅
http://www.4399.com/flash/210038.htm,逃离无人的厨房
http://www.4399.com/flash/210037.htm,寻找万圣节宝藏
http://www.4399.com/flash/210036.htm,救援金属人
http://www.4399.com/flash/210032.htm,神秘之旅2
http://www.4399.com/flash/210022.htm,益智门大逃脱
http://www.4399.com/flash/210019.htm,救援粉红色蝴蝶
http://www.4399.com/flash/210018.htm,神秘之旅
http://www.4399.com/flash/209991.htm,救援优雅的女孩
http://www.4399.com/flash/209989.htm,救援小猪厨师
http://www.4399.com/flash/209988.htm,救援爱音乐的女孩
http://www.4399.com/flash/209987.htm,救援瓢虫小女孩
http://www.4399.com/flash/209984.htm,逃离温馨的木屋
http://www.4399.com/flash/209983.htm,逃离特殊地牢
http://www.4399.com/flash/209982.htm,逃离怀旧酒吧
http://www.4399.com/flash/209971.htm,救援蓝色小鸭子
http://www.4399.com/flash/209970.htm,救援母猴子
http://www.4399.com/flash/209969.htm,逃离别墅的客厅
http://www.4399.com/flash/209968.htm,救援退休的员工
http://www.4399.com/flash/209967.htm,逃离神秘密室4
http://www.4399.com/flash/209966.htm,逃离乡村农舍
http://www.4399.com/flash/209953.htm,救援奶牛场老板
http://www.4399.com/flash/209952.htm,救援蛙女王
http://www.4399.com/flash/209951.htm,救援旅行者
http://www.4399.com/flash/209950.htm,救援幸存者2
http://www.4399.com/flash/209948.htm,逃离黑暗的城市
http://www.4399.com/flash/209946.htm,救援空手道冠军
http://www.4399.com/flash/209945.htm,逃离神秘密室3
http://www.4399.com/flash/209933.htm,救援好伙伴
http://www.4399.com/flash/209932.htm,救援女勇士
http://www.4399.com/flash/209931.htm,逃离神秘密室2
http://www.4399.com/flash/209930.htm,逃离超现代房子
http://www.4399.com/flash/209917.htm,逃离万圣夜
http://www.4399.com/flash/209916.htm,逃离狩猎部落
http://www.4399.com/flash/209915.htm,救援动物园管理员
http://www.4399.com/flash/209913.htm,逃离荒废的教室
http://www.4399.com/flash/209912.htm,快乐逃脱屋3
http://www.4399.com/flash/209911.htm,救援阿吉拉鸟类
http://www.4399.com/flash/209910.htm,救援可爱的小兔兔
http://www.4399.com/flash/209898.htm,救援鹦鹉一家
http://www.4399.com/flash/209897.htm,救援幸存者
http://www.4399.com/flash/209896.htm,寻找牛奶杯
http://www.4399.com/flash/1382.htm,宠物连连看2.5版
http://www.4399.com/flash/12669.htm,果蔬连连看
http://www.4399.com/flash/17801.htm,宠物连连看3.1
http://www.4399.com/flash/20660.htm,森林冰火人中文版
http://www.4399.com/flash/93551.htm,小鳄鱼爱洗澡中文版
http://www.4399.com/flash/113377.htm,森林冰火人4无敌版
http://www.4399.com/flash/10393.htm,石头连连看
http://www.4399.com/flash/79068.htm,高楼爆破3无敌版
http://www.4399.com/flash/853.htm,五子连珠
http://www.4399.com/flash/17403.htm,青蛙祖玛
http://www.4399.com/flash/57474.htm,蝴蝶连连看
http://www.4399.com/flash/4781.htm,花花连连看
http://www.4399.com/flash/136516.htm,消灭星星豪华版
http://www.4399.com/flash/54423.htm,4399打豆豆
http://www.4399.com/flash/2231.htm,宠物连连看2.6
http://www.4399.com/flash/63033.htm,森林冰火人双人迷宫
http://www.4399.com/flash/68259.htm,河马饲养员
http://www.4399.com/flash/106202.htm,消灭星星中文版
http://www.4399.com/flash/62002.htm,疯狂过山车2
http://www.4399.com/flash/100125.htm,装载卡车4
http://www.4399.com/flash/131178.htm,帮鸟儿解冻3
http://www.4399.com/flash/106933.htm,坏蛋冰淇淋2无敌版
http://www.4399.com/flash/171900.htm,装载卡车5
http://www.4399.com/flash/147327.htm,亚当找夏娃3
http://www.4399.com/flash/10919.htm,宠物连连看3.0版
http://www.4399.com/flash/71760.htm,小婴儿逃出系列3
http://www.4399.com/flash/156918.htm,坏小孩回家4
http://www.4399.com/flash/37529.htm,小火车过隧道无敌版
http://www.4399.com/flash/50350.htm,唤醒嗜睡的小人
http://www.4399.com/flash/41285.htm,朵拉的迷你高尔夫
http://www.4399.com/flash/130836.htm,消你妹
http://www.4399.com/flash/128302.htm,消灭星星3电脑版
http://www.4399.com/flash/103266.htm,炮兵突击
http://www.4399.com/flash/96689.htm,愤怒的小鸟太空版HD
http://www.4399.com/flash/57317.htm,激光炮轰小怪2
http://www.4399.com/flash/4782.htm,汽车标志连连看
http://www.4399.com/flash/89614.htm,托马斯过河
http://www.4399.com/flash/88882.htm,海绵宝宝3D大富翁2
http://www.4399.com/flash/138881.htm,激光炮轰小怪3加强版
http://www.4399.com/flash/21223.htm,小球进洞
http://www.4399.com/flash/89107.htm,黑太狼吃羊2
http://www.4399.com/flash/152489.htm,史上最贱小游戏之体育
http://www.4399.com/flash/80211.htm,中国熊猫2无敌版
http://www.4399.com/flash/92102.htm,连连看3.1原版
http://www.4399.com/flash/76887.htm,宠物连连看可爱版
http://www.4399.com/flash/66922.htm,亚当找夏娃中文版
http://www.4399.com/flash/65959.htm,高楼爆破无敌版
http://www.4399.com/flash/34726.htm,4399水果连连看
http://www.4399.com/flash/47634.htm,让子弹飞
http://www.4399.com/flash/122189.htm,史上最贱小游戏3
http://www.4399.com/flash/184591.htm,捣蛋猪HD8.0
http://www.4399.com/flash/50306.htm,奇妙水世界
http://www.4399.com/flash/143168.htm,手纸没有了
http://www.4399.com/flash/79452.htm,森林冰火人3
http://www.4399.com/flash/73311.htm,破蛋专家
http://www.4399.com/flash/92953.htm,逗小猴开心7
http://www.4399.com/flash/132546.htm,亚当找夏娃2
http://www.4399.com/flash/80972.htm,宠物连连看经典版2
http://www.4399.com/flash/138976.htm,盗金父子
http://www.4399.com/flash/69774.htm,高楼爆破2无敌版
http://www.4399.com/flash/42075.htm,光头小子找出口
http://www.4399.com/flash/86544.htm,鸡蛋大逃亡2
http://www.4399.com/flash/30543.htm,小婴儿逃出系列1
http://www.4399.com/flash/63828.htm,红球与绿球
http://www.4399.com/flash/106849.htm,坏蛋冰淇淋2
http://www.4399.com/flash/41483.htm,装载卡车
http://www.4399.com/flash/16395.htm,小婴儿逃出系列2
http://www.4399.com/flash/158011.htm,小汽车的英雄梦
http://www.4399.com/flash/73122.htm,装载卡车3
http://www.4399.com/flash/102581.htm,帮鸟儿解冻
http://www.4399.com/flash/33249.htm,帮小狗取手绢
http://www.4399.com/flash/9840.htm,在线弹钢琴
http://www.4399.com/flash/78828.htm,益智乐高2中文版
http://www.4399.com/flash/35965.htm,直升机打气球
http://www.4399.com/flash/92108.htm,连连看原版
http://www.4399.com/flash/97275.htm,3D旋转麻将连连看
http://www.4399.com/flash/46428.htm,空姐阿Sue
http://www.4399.com/flash/24571.htm,宠物连连看3.1无敌版
http://www.4399.com/flash/8670.htm,宠物连连看特别版
http://www.4399.com/flash/50909.htm,植物战僵尸3D连连看
http://www.4399.com/flash/27265.htm,火柴人逃狱记
http://www.4399.com/flash/157666.htm,史上最贱小游戏13
http://www.4399.com/flash/113790.htm,找你妹正式版
http://www.4399.com/flash/123789.htm,恐龙觅食
http://www.4399.com/flash/128952.htm,坏蛋冰淇淋3
http://www.4399.com/flash/48349.htm,爱吃水果的虫子
http://www.4399.com/flash/1244.htm,红孩儿连连看
http://www.4399.com/flash/152162.htm,盗金父子2
http://www.4399.com/flash/8954.htm,阿sue家做客
http://www.4399.com/flash/142569.htm,一把火
http://www.4399.com/flash/91402.htm,保护橙子增强版3
http://www.4399.com/flash/56745.htm,动画师和动画
http://www.4399.com/flash/117146.htm,火柴人智闯飞艇
http://www.4399.com/flash/1287.htm,新麻雀连连看
http://www.4399.com/flash/134715.htm,捣蛋猪HD3.8
http://www.4399.com/flash/62725.htm,蜗牛鲍勃2中文版
http://www.4399.com/flash/123611.htm,小汽车的爱情梦
http://www.4399.com/flash/135633.htm,糖果去哪儿了2
http://www.4399.com/flash/151340.htm,熊猫逃生记之日本
http://www.4399.com/flash/209895.htm,救援快乐浣熊
http://www.4399.com/flash/209894.htm,逃离神秘密室
http://www.4399.com/flash/209893.htm,逃离紧缩的房屋
http://www.4399.com/flash/209892.htm,困在教室的少年
http://www.4399.com/flash/209879.htm,难解的谜题2
http://www.4399.com/flash/209877.htm,快乐逃脱屋
http://www.4399.com/flash/209875.htm,救援走失的小狗
http://www.4399.com/flash/209874.htm,逃离导师室
http://www.4399.com/flash/209873.htm,逃离简易的房屋3
http://www.4399.com/flash/209872.htm,逃离万圣节海滩
http://www.4399.com/flash/209854.htm,逃离小旅店
http://www.4399.com/flash/209852.htm,逃离粉色桑拿房
http://www.4399.com/flash/209851.htm,难解的谜题
http://www.4399.com/flash/209850.htm,逃离惊悚地带4
http://www.4399.com/flash/209849.htm,救援实验室技术员
http://www.4399.com/flash/209839.htm,救援卡通香蕉
http://www.4399.com/flash/209838.htm,逃离万圣节马车
http://www.4399.com/flash/209837.htm,救援矮个子男孩
http://www.4399.com/flash/209818.htm,未解的谜题5
http://www.4399.com/flash/209817.htm,救援七彩飞龙
http://www.4399.com/flash/209816.htm,救援可爱的现代女孩
http://www.4399.com/flash/209815.htm,逃离城市森林
http://www.4399.com/flash/209809.htm,困在城堡里的情侣
http://www.4399.com/flash/209804.htm,逃离新大道住宅
http://www.4399.com/flash/209801.htm,逃离石油储存室
http://www.4399.com/flash/209800.htm,救援前台女子
http://www.4399.com/flash/209784.htm,逃离南瓜花园
http://www.4399.com/flash/209783.htm,救援太空人
http://www.4399.com/flash/209782.htm,逃离雪地木房屋
http://www.4399.com/flash/209781.htm,救援南瓜人
http://www.4399.com/flash/209780.htm,逃离简易的房屋
http://www.4399.com/flash/209764.htm,救援时尚的男生
http://www.4399.com/flash/209763.htm,寻找珍宝
http://www.4399.com/flash/209761.htm,逃离健身房更衣室
http://www.4399.com/flash/209760.htm,逃离手术房
http://www.4399.com/flash/209758.htm,救援传统的女生
http://www.4399.com/flash/209756.htm,逃离万圣屋3
http://www.4399.com/flash/209755.htm,逃离宝藏木屋
http://www.4399.com/flash/209742.htm,救援受困的啄木鸟
http://www.4399.com/flash/209741.htm,逃离宝藏埋藏地
http://www.4399.com/flash/209740.htm,救援女战士
http://www.4399.com/flash/209739.htm,逃离奇怪的地方
http://www.4399.com/flash/209737.htm,救援啄木鸟
http://www.4399.com/flash/209736.htm,救援双足飞龙
http://www.4399.com/flash/209724.htm,逃离万圣屋
http://www.4399.com/flash/209723.htm,万圣节逃生屋
http://www.4399.com/flash/209722.htm,救援机修工男孩
http://www.4399.com/flash/209718.htm,救援爱跳舞的女孩
http://www.4399.com/flash/209709.htm,未解的谜题4
http://www.4399.com/flash/209719.htm,逃离暗黑之堡
http://www.4399.com/flash/209706.htm,逃离孔雀森林
http://www.4399.com/flash/209705.htm,逃离惊悚地带
http://www.4399.com/flash/209703.htm,未解的谜题3
http://www.4399.com/flash/209696.htm,牧师逃走
http://www.4399.com/flash/209695.htm,大狗快逃跑
http://www.4399.com/flash/209694.htm,咖啡馆逃生
http://www.4399.com/flash/1382.htm,宠物连连看2.5版
http://www.4399.com/flash/12669.htm,果蔬连连看
http://www.4399.com/flash/17801.htm,宠物连连看3.1
http://www.4399.com/flash/20660.htm,森林冰火人中文版
http://www.4399.com/flash/93551.htm,小鳄鱼爱洗澡中文版
http://www.4399.com/flash/113377.htm,森林冰火人4无敌版
http://www.4399.com/flash/10393.htm,石头连连看
http://www.4399.com/flash/79068.htm,高楼爆破3无敌版
http://www.4399.com/flash/853.htm,五子连珠
http://www.4399.com/flash/17403.htm,青蛙祖玛
http://www.4399.com/flash/57474.htm,蝴蝶连连看
http://www.4399.com/flash/4781.htm,花花连连看
http://www.4399.com/flash/136516.htm,消灭星星豪华版
http://www.4399.com/flash/54423.htm,4399打豆豆
http://www.4399.com/flash/2231.htm,宠物连连看2.6
http://www.4399.com/flash/63033.htm,森林冰火人双人迷宫
http://www.4399.com/flash/68259.htm,河马饲养员
http://www.4399.com/flash/106202.htm,消灭星星中文版
http://www.4399.com/flash/62002.htm,疯狂过山车2
http://www.4399.com/flash/100125.htm,装载卡车4
http://www.4399.com/flash/131178.htm,帮鸟儿解冻3
http://www.4399.com/flash/106933.htm,坏蛋冰淇淋2无敌版
http://www.4399.com/flash/171900.htm,装载卡车5
http://www.4399.com/flash/147327.htm,亚当找夏娃3
http://www.4399.com/flash/10919.htm,宠物连连看3.0版
http://www.4399.com/flash/71760.htm,小婴儿逃出系列3
http://www.4399.com/flash/156918.htm,坏小孩回家4
http://www.4399.com/flash/37529.htm,小火车过隧道无敌版
http://www.4399.com/flash/50350.htm,唤醒嗜睡的小人
http://www.4399.com/flash/41285.htm,朵拉的迷你高尔夫
http://www.4399.com/flash/130836.htm,消你妹
http://www.4399.com/flash/128302.htm,消灭星星3电脑版
http://www.4399.com/flash/103266.htm,炮兵突击
http://www.4399.com/flash/96689.htm,愤怒的小鸟太空版HD
http://www.4399.com/flash/57317.htm,激光炮轰小怪2
http://www.4399.com/flash/4782.htm,汽车标志连连看
http://www.4399.com/flash/89614.htm,托马斯过河
http://www.4399.com/flash/88882.htm,海绵宝宝3D大富翁2
http://www.4399.com/flash/138881.htm,激光炮轰小怪3加强版
http://www.4399.com/flash/21223.htm,小球进洞
http://www.4399.com/flash/89107.htm,黑太狼吃羊2
http://www.4399.com/flash/152489.htm,史上最贱小游戏之体育
http://www.4399.com/flash/80211.htm,中国熊猫2无敌版
http://www.4399.com/flash/92102.htm,连连看3.1原版
http://www.4399.com/flash/76887.htm,宠物连连看可爱版
http://www.4399.com/flash/66922.htm,亚当找夏娃中文版
http://www.4399.com/flash/65959.htm,高楼爆破无敌版
http://www.4399.com/flash/34726.htm,4399水果连连看
http://www.4399.com/flash/47634.htm,让子弹飞
http://www.4399.com/flash/122189.htm,史上最贱小游戏3
http://www.4399.com/flash/184591.htm,捣蛋猪HD8.0
http://www.4399.com/flash/50306.htm,奇妙水世界
http://www.4399.com/flash/143168.htm,手纸没有了
http://www.4399.com/flash/79452.htm,森林冰火人3
http://www.4399.com/flash/73311.htm,破蛋专家
http://www.4399.com/flash/92953.htm,逗小猴开心7
http://www.4399.com/flash/132546.htm,亚当找夏娃2
http://www.4399.com/flash/80972.htm,宠物连连看经典版2
http://www.4399.com/flash/138976.htm,盗金父子
http://www.4399.com/flash/69774.htm,高楼爆破2无敌版
http://www.4399.com/flash/42075.htm,光头小子找出口
http://www.4399.com/flash/86544.htm,鸡蛋大逃亡2
http://www.4399.com/flash/30543.htm,小婴儿逃出系列1
http://www.4399.com/flash/63828.htm,红球与绿球
http://www.4399.com/flash/106849.htm,坏蛋冰淇淋2
http://www.4399.com/flash/41483.htm,装载卡车
http://www.4399.com/flash/16395.htm,小婴儿逃出系列2
http://www.4399.com/flash/158011.htm,小汽车的英雄梦
http://www.4399.com/flash/73122.htm,装载卡车3
http://www.4399.com/flash/102581.htm,帮鸟儿解冻
http://www.4399.com/flash/33249.htm,帮小狗取手绢
http://www.4399.com/flash/9840.htm,在线弹钢琴
http://www.4399.com/flash/78828.htm,益智乐高2中文版
http://www.4399.com/flash/35965.htm,直升机打气球
http://www.4399.com/flash/92108.htm,连连看原版
http://www.4399.com/flash/97275.htm,3D旋转麻将连连看
http://www.4399.com/flash/46428.htm,空姐阿Sue
http://www.4399.com/flash/24571.htm,宠物连连看3.1无敌版
http://www.4399.com/flash/8670.htm,宠物连连看特别版
http://www.4399.com/flash/50909.htm,植物战僵尸3D连连看
http://www.4399.com/flash/27265.htm,火柴人逃狱记
http://www.4399.com/flash/157666.htm,史上最贱小游戏13
http://www.4399.com/flash/113790.htm,找你妹正式版
http://www.4399.com/flash/123789.htm,恐龙觅食
http://www.4399.com/flash/128952.htm,坏蛋冰淇淋3
http://www.4399.com/flash/48349.htm,爱吃水果的虫子
http://www.4399.com/flash/1244.htm,红孩儿连连看
http://www.4399.com/flash/152162.htm,盗金父子2
http://www.4399.com/flash/8954.htm,阿sue家做客
http://www.4399.com/flash/142569.htm,一把火
http://www.4399.com/flash/91402.htm,保护橙子增强版3
http://www.4399.com/flash/56745.htm,动画师和动画
http://www.4399.com/flash/117146.htm,火柴人智闯飞艇
http://www.4399.com/flash/1287.htm,新麻雀连连看
http://www.4399.com/flash/134715.htm,捣蛋猪HD3.8
http://www.4399.com/flash/62725.htm,蜗牛鲍勃2中文版
http://www.4399.com/flash/123611.htm,小汽车的爱情梦
http://www.4399.com/flash/135633.htm,糖果去哪儿了2
http://www.4399.com/flash/151340.htm,熊猫逃生记之日本
http://www.4399.com/flash/209693.htm,逃离上锁的村舍
http://www.4399.com/flash/209689.htm,未解的谜题
http://www.4399.com/flash/209688.htm,救援活泼的男孩
http://www.4399.com/flash/209686.htm,逃离飞镖屋
http://www.4399.com/flash/209685.htm,救援棕色的兔子
http://www.4399.com/flash/209684.htm,救援胆小的小男孩
http://www.4399.com/flash/209669.htm,空荡厨房逃脱
http://www.4399.com/flash/209666.htm,逃离陷阱隧道5
http://www.4399.com/flash/209664.htm,逃离昏暗老旧房
http://www.4399.com/flash/209656.htm,科学实验室大撤离
http://www.4399.com/flash/209655.htm,逃离万圣节庄园
http://www.4399.com/flash/209653.htm,逃离医学中心
http://www.4399.com/flash/209651.htm,逃离幻想蘑菇世界
http://www.4399.com/flash/209650.htm,救援男水管工
http://www.4399.com/flash/209649.htm,逃离山毛榉树林
http://www.4399.com/flash/209648.htm,逃离简易房屋2
http://www.4399.com/flash/209641.htm,寻找丢失的冰淇淋
http://www.4399.com/flash/209637.htm,无人市政厅逃生
http://www.4399.com/flash/209618.htm,寻找丢失的象牙
http://www.4399.com/flash/209615.htm,快速逃离神秘之地4
http://www.4399.com/flash/209611.htm,拯救旧屋中的女孩
http://www.4399.com/flash/209609.htm,毛茸茸的兔子逃跑
http://www.4399.com/flash/209608.htm,逃离梦幻南瓜乐园
http://www.4399.com/flash/209607.htm,救援银狐犬
http://www.4399.com/flash/209606.htm,逃离秋季城市公园5
http://www.4399.com/flash/209605.htm,救援隐形女子
http://www.4399.com/flash/209604.htm,逃离简易房屋5
http://www.4399.com/flash/209603.htm,救援女播音员
http://www.4399.com/flash/209602.htm,城堡餐厅逃脱
http://www.4399.com/flash/209601.htm,寻找威斯克的钻石
http://www.4399.com/flash/209600.htm,骑行小丑逃脱
http://www.4399.com/flash/209590.htm,救援小绿猴
http://www.4399.com/flash/209589.htm,救援黄色三眼小怪
http://www.4399.com/flash/209588.htm,逃离预定的房间
http://www.4399.com/flash/209587.htm,救援闪电男孩
http://www.4399.com/flash/209586.htm,救援椭蠊科
http://www.4399.com/flash/209584.htm,逃离冒险丛林2
http://www.4399.com/flash/209573.htm,救援雪猴
http://www.4399.com/flash/209572.htm,逃离废弃的教室
http://www.4399.com/flash/209571.htm,逃出恐惧房间8
http://www.4399.com/flash/209570.htm,救援幽灵战士
http://www.4399.com/flash/209569.htm,寻找万圣节王冠
http://www.4399.com/flash/209567.htm,大别墅逃生2
http://www.4399.com/flash/209566.htm,救援小猴足球将
http://www.4399.com/flash/209560.htm,救援乖巧的大象
http://www.4399.com/flash/209559.htm,救援吹泡泡的男孩
http://www.4399.com/flash/209558.htm,逃离被遗弃的度假别墅
http://www.4399.com/flash/209557.htm,救援搞笑的小丑
http://www.4399.com/flash/209544.htm,逃离乡村房间
http://www.4399.com/flash/209542.htm,逃离聚光房屋
http://www.4399.com/flash/209541.htm,逃离破旧的房屋
http://www.4399.com/flash/209540.htm,救援送信少年
http://www.4399.com/flash/209539.htm,逃离万圣节挑战屋
http://www.4399.com/flash/209538.htm,救援绿色女巫
http://www.4399.com/flash/209537.htm,逃离燃烧的农舍
http://www.4399.com/flash/209527.htm,逃离日式风房屋
http://www.4399.com/flash/1382.htm,宠物连连看2.5版
http://www.4399.com/flash/12669.htm,果蔬连连看
http://www.4399.com/flash/17801.htm,宠物连连看3.1
http://www.4399.com/flash/20660.htm,森林冰火人中文版
http://www.4399.com/flash/93551.htm,小鳄鱼爱洗澡中文版
http://www.4399.com/flash/113377.htm,森林冰火人4无敌版
http://www.4399.com/flash/10393.htm,石头连连看
http://www.4399.com/flash/79068.htm,高楼爆破3无敌版
http://www.4399.com/flash/853.htm,五子连珠
http://www.4399.com/flash/17403.htm,青蛙祖玛
http://www.4399.com/flash/57474.htm,蝴蝶连连看
http://www.4399.com/flash/4781.htm,花花连连看
http://www.4399.com/flash/136516.htm,消灭星星豪华版
http://www.4399.com/flash/54423.htm,4399打豆豆
http://www.4399.com/flash/2231.htm,宠物连连看2.6
http://www.4399.com/flash/63033.htm,森林冰火人双人迷宫
http://www.4399.com/flash/68259.htm,河马饲养员
http://www.4399.com/flash/106202.htm,消灭星星中文版
http://www.4399.com/flash/62002.htm,疯狂过山车2
http://www.4399.com/flash/100125.htm,装载卡车4
http://www.4399.com/flash/131178.htm,帮鸟儿解冻3
http://www.4399.com/flash/106933.htm,坏蛋冰淇淋2无敌版
http://www.4399.com/flash/171900.htm,装载卡车5
http://www.4399.com/flash/147327.htm,亚当找夏娃3
http://www.4399.com/flash/10919.htm,宠物连连看3.0版
http://www.4399.com/flash/71760.htm,小婴儿逃出系列3
http://www.4399.com/flash/156918.htm,坏小孩回家4
http://www.4399.com/flash/37529.htm,小火车过隧道无敌版
http://www.4399.com/flash/50350.htm,唤醒嗜睡的小人
http://www.4399.com/flash/41285.htm,朵拉的迷你高尔夫
http://www.4399.com/flash/130836.htm,消你妹
http://www.4399.com/flash/128302.htm,消灭星星3电脑版
http://www.4399.com/flash/103266.htm,炮兵突击
http://www.4399.com/flash/96689.htm,愤怒的小鸟太空版HD
http://www.4399.com/flash/57317.htm,激光炮轰小怪2
http://www.4399.com/flash/4782.htm,汽车标志连连看
http://www.4399.com/flash/89614.htm,托马斯过河
http://www.4399.com/flash/88882.htm,海绵宝宝3D大富翁2
http://www.4399.com/flash/138881.htm,激光炮轰小怪3加强版
http://www.4399.com/flash/21223.htm,小球进洞
http://www.4399.com/flash/89107.htm,黑太狼吃羊2
http://www.4399.com/flash/152489.htm,史上最贱小游戏之体育
http://www.4399.com/flash/80211.htm,中国熊猫2无敌版
http://www.4399.com/flash/92102.htm,连连看3.1原版
http://www.4399.com/flash/76887.htm,宠物连连看可爱版
http://www.4399.com/flash/66922.htm,亚当找夏娃中文版
http://www.4399.com/flash/65959.htm,高楼爆破无敌版
http://www.4399.com/flash/34726.htm,4399水果连连看
http://www.4399.com/flash/47634.htm,让子弹飞
http://www.4399.com/flash/122189.htm,史上最贱小游戏3
http://www.4399.com/flash/184591.htm,捣蛋猪HD8.0
http://www.4399.com/flash/50306.htm,奇妙水世界
http://www.4399.com/flash/143168.htm,手纸没有了
http://www.4399.com/flash/79452.htm,森林冰火人3
http://www.4399.com/flash/73311.htm,破蛋专家
http://www.4399.com/flash/92953.htm,逗小猴开心7
http://www.4399.com/flash/132546.htm,亚当找夏娃2
http://www.4399.com/flash/80972.htm,宠物连连看经典版2
http://www.4399.com/flash/138976.htm,盗金父子
http://www.4399.com/flash/69774.htm,高楼爆破2无敌版
http://www.4399.com/flash/42075.htm,光头小子找出口
http://www.4399.com/flash/86544.htm,鸡蛋大逃亡2
http://www.4399.com/flash/30543.htm,小婴儿逃出系列1
http://www.4399.com/flash/63828.htm,红球与绿球
http://www.4399.com/flash/106849.htm,坏蛋冰淇淋2
http://www.4399.com/flash/41483.htm,装载卡车
http://www.4399.com/flash/16395.htm,小婴儿逃出系列2
http://www.4399.com/flash/158011.htm,小汽车的英雄梦
http://www.4399.com/flash/73122.htm,装载卡车3
http://www.4399.com/flash/102581.htm,帮鸟儿解冻
http://www.4399.com/flash/33249.htm,帮小狗取手绢
http://www.4399.com/flash/9840.htm,在线弹钢琴
http://www.4399.com/flash/78828.htm,益智乐高2中文版
http://www.4399.com/flash/35965.htm,直升机打气球
http://www.4399.com/flash/92108.htm,连连看原版
http://www.4399.com/flash/97275.htm,3D旋转麻将连连看
http://www.4399.com/flash/46428.htm,空姐阿Sue
http://www.4399.com/flash/24571.htm,宠物连连看3.1无敌版
http://www.4399.com/flash/8670.htm,宠物连连看特别版
http://www.4399.com/flash/50909.htm,植物战僵尸3D连连看
http://www.4399.com/flash/27265.htm,火柴人逃狱记
http://www.4399.com/flash/157666.htm,史上最贱小游戏13
http://www.4399.com/flash/113790.htm,找你妹正式版
http://www.4399.com/flash/123789.htm,恐龙觅食
http://www.4399.com/flash/128952.htm,坏蛋冰淇淋3
http://www.4399.com/flash/48349.htm,爱吃水果的虫子
http://www.4399.com/flash/1244.htm,红孩儿连连看
http://www.4399.com/flash/152162.htm,盗金父子2
http://www.4399.com/flash/8954.htm,阿sue家做客
http://www.4399.com/flash/142569.htm,一把火
http://www.4399.com/flash/91402.htm,保护橙子增强版3
http://www.4399.com/flash/56745.htm,动画师和动画
http://www.4399.com/flash/117146.htm,火柴人智闯飞艇
http://www.4399.com/flash/1287.htm,新麻雀连连看
http://www.4399.com/flash/134715.htm,捣蛋猪HD3.8
http://www.4399.com/flash/62725.htm,蜗牛鲍勃2中文版
http://www.4399.com/flash/123611.htm,小汽车的爱情梦
http://www.4399.com/flash/135633.htm,糖果去哪儿了2
http://www.4399.com/flash/151340.htm,熊猫逃生记之日本
http://www.4399.com/flash/209526.htm,救援红色松鼠
http://www.4399.com/flash/209525.htm,救援行动不便的老人
http://www.4399.com/flash/209524.htm,逃离暗黑森林
http://www.4399.com/flash/209523.htm,逃离简约风房屋
http://www.4399.com/flash/209522.htm,逃离无名之地
http://www.4399.com/flash/209520.htm,逃离万圣节冒险屋
http://www.4399.com/flash/209506.htm,救援雄性鹦鹉
http://www.4399.com/flash/209505.htm,救援飞天扫帚男孩
http://www.4399.com/flash/209504.htm,救援火鸡
http://www.4399.com/flash/209503.htm,救援紫色小怪
http://www.4399.com/flash/209502.htm,救援前沿战士
http://www.4399.com/flash/209501.htm,救援海龟
http://www.4399.com/flash/209500.htm,救援猫武士
http://www.4399.com/flash/209487.htm,逃离新住所
http://www.4399.com/flash/209486.htm,救援红色生物
http://www.4399.com/flash/209482.htm,救援小豪猪
http://www.4399.com/flash/209481.htm,逃离无人的墓园
http://www.4399.com/flash/209480.htm,逃离被遗弃的小学
http://www.4399.com/flash/209479.htm,逃离自助餐厅
http://www.4399.com/flash/209478.htm,救援传统的女孩
http://www.4399.com/flash/209467.htm,救援南瓜小男孩
http://www.4399.com/flash/209464.htm,逃出恐惧房间6
http://www.4399.com/flash/209462.htm,救援骑自行车的男孩
http://www.4399.com/flash/209461.htm,救援娇小的女孩
http://www.4399.com/flash/209460.htm,救援动漫女孩
http://www.4399.com/flash/209459.htm,逃离秋季城市公园
http://www.4399.com/flash/209452.htm,救援黑胡子大叔
http://www.4399.com/flash/209451.htm,救援香蕉男孩
http://www.4399.com/flash/209450.htm,逃离万圣节儿童房屋
http://www.4399.com/flash/209441.htm,万圣节派对现场
http://www.4399.com/flash/209440.htm,救援两只小猫
http://www.4399.com/flash/209439.htm,逃离整洁的洗衣房
http://www.4399.com/flash/209436.htm,拿着冰淇淋的女士
http://www.4399.com/flash/209435.htm,救援快乐王子
http://www.4399.com/flash/209434.htm,逃离幻想乡村
http://www.4399.com/flash/209433.htm,救援可爱的女巫
http://www.4399.com/flash/209431.htm,逃离阴森的洞穴
http://www.4399.com/flash/209430.htm,复古城堡逃脱7
http://www.4399.com/flash/209413.htm,石头纪元逃脱
http://www.4399.com/flash/209412.htm,中世纪卧室逃生
http://www.4399.com/flash/209411.htm,部落猎人逃走
http://www.4399.com/flash/209410.htm,找到森林之家钥匙
http://www.4399.com/flash/209409.htm,五彩神石
http://www.4399.com/flash/209407.htm,救援被捆绑的人
http://www.4399.com/flash/209396.htm,终极冒险逃脱
http://www.4399.com/flash/209395.htm,逃出可怕的门
http://www.4399.com/flash/209394.htm,帮助可爱幻想龙
http://www.4399.com/flash/209393.htm,梳妆女孩逃脱
http://www.4399.com/flash/209392.htm,卡通小闹钟逃走
http://www.4399.com/flash/209382.htm,黄色三角龙逃脱
http://www.4399.com/flash/209380.htm,救援红狐狸
http://www.4399.com/flash/209379.htm,失地逃脱
http://www.4399.com/flash/209378.htm,离开万圣节糖果屋
http://www.4399.com/flash/209377.htm,女孩逃离南瓜地
http://www.4399.com/flash/209376.htm,万圣节洞穴逃出去
http://www.4399.com/flash/209370.htm,救援淘气的宝贝
http://www.4399.com/flash/1382.htm,宠物连连看2.5版
http://www.4399.com/flash/12669.htm,果蔬连连看
http://www.4399.com/flash/17801.htm,宠物连连看3.1
http://www.4399.com/flash/20660.htm,森林冰火人中文版
http://www.4399.com/flash/93551.htm,小鳄鱼爱洗澡中文版
http://www.4399.com/flash/113377.htm,森林冰火人4无敌版
http://www.4399.com/flash/10393.htm,石头连连看
http://www.4399.com/flash/79068.htm,高楼爆破3无敌版
http://www.4399.com/flash/853.htm,五子连珠
http://www.4399.com/flash/17403.htm,青蛙祖玛
http://www.4399.com/flash/57474.htm,蝴蝶连连看
http://www.4399.com/flash/4781.htm,花花连连看
http://www.4399.com/flash/136516.htm,消灭星星豪华版
http://www.4399.com/flash/54423.htm,4399打豆豆
http://www.4399.com/flash/2231.htm,宠物连连看2.6
http://www.4399.com/flash/63033.htm,森林冰火人双人迷宫
http://www.4399.com/flash/68259.htm,河马饲养员
http://www.4399.com/flash/106202.htm,消灭星星中文版
http://www.4399.com/flash/62002.htm,疯狂过山车2
http://www.4399.com/flash/100125.htm,装载卡车4
http://www.4399.com/flash/131178.htm,帮鸟儿解冻3
http://www.4399.com/flash/106933.htm,坏蛋冰淇淋2无敌版
http://www.4399.com/flash/171900.htm,装载卡车5
http://www.4399.com/flash/147327.htm,亚当找夏娃3
http://www.4399.com/flash/10919.htm,宠物连连看3.0版
http://www.4399.com/flash/71760.htm,小婴儿逃出系列3
http://www.4399.com/flash/156918.htm,坏小孩回家4
http://www.4399.com/flash/37529.htm,小火车过隧道无敌版
http://www.4399.com/flash/50350.htm,唤醒嗜睡的小人
http://www.4399.com/flash/41285.htm,朵拉的迷你高尔夫
http://www.4399.com/flash/130836.htm,消你妹
http://www.4399.com/flash/128302.htm,消灭星星3电脑版
http://www.4399.com/flash/103266.htm,炮兵突击
http://www.4399.com/flash/96689.htm,愤怒的小鸟太空版HD
http://www.4399.com/flash/57317.htm,激光炮轰小怪2
http://www.4399.com/flash/4782.htm,汽车标志连连看
http://www.4399.com/flash/89614.htm,托马斯过河
http://www.4399.com/flash/88882.htm,海绵宝宝3D大富翁2
http://www.4399.com/flash/138881.htm,激光炮轰小怪3加强版
http://www.4399.com/flash/21223.htm,小球进洞
http://www.4399.com/flash/89107.htm,黑太狼吃羊2
http://www.4399.com/flash/152489.htm,史上最贱小游戏之体育
http://www.4399.com/flash/80211.htm,中国熊猫2无敌版
http://www.4399.com/flash/92102.htm,连连看3.1原版
http://www.4399.com/flash/76887.htm,宠物连连看可爱版
http://www.4399.com/flash/66922.htm,亚当找夏娃中文版
http://www.4399.com/flash/65959.htm,高楼爆破无敌版
http://www.4399.com/flash/34726.htm,4399水果连连看
http://www.4399.com/flash/47634.htm,让子弹飞
http://www.4399.com/flash/122189.htm,史上最贱小游戏3
http://www.4399.com/flash/184591.htm,捣蛋猪HD8.0
http://www.4399.com/flash/50306.htm,奇妙水世界
http://www.4399.com/flash/143168.htm,手纸没有了
http://www.4399.com/flash/79452.htm,森林冰火人3
http://www.4399.com/flash/73311.htm,破蛋专家
http://www.4399.com/flash/92953.htm,逗小猴开心7
http://www.4399.com/flash/132546.htm,亚当找夏娃2
http://www.4399.com/flash/80972.htm,宠物连连看经典版2
http://www.4399.com/flash/138976.htm,盗金父子
http://www.4399.com/flash/69774.htm,高楼爆破2无敌版
http://www.4399.com/flash/42075.htm,光头小子找出口
http://www.4399.com/flash/86544.htm,鸡蛋大逃亡2
http://www.4399.com/flash/30543.htm,小婴儿逃出系列1
http://www.4399.com/flash/63828.htm,红球与绿球
http://www.4399.com/flash/106849.htm,坏蛋冰淇淋2
http://www.4399.com/flash/41483.htm,装载卡车
http://www.4399.com/flash/16395.htm,小婴儿逃出系列2
http://www.4399.com/flash/158011.htm,小汽车的英雄梦
http://www.4399.com/flash/73122.htm,装载卡车3
http://www.4399.com/flash/102581.htm,帮鸟儿解冻
http://www.4399.com/flash/33249.htm,帮小狗取手绢
http://www.4399.com/flash/9840.htm,在线弹钢琴
http://www.4399.com/flash/78828.htm,益智乐高2中文版
http://www.4399.com/flash/35965.htm,直升机打气球
http://www.4399.com/flash/92108.htm,连连看原版
http://www.4399.com/flash/97275.htm,3D旋转麻将连连看
http://www.4399.com/flash/46428.htm,空姐阿Sue
http://www.4399.com/flash/24571.htm,宠物连连看3.1无敌版
http://www.4399.com/flash/8670.htm,宠物连连看特别版
http://www.4399.com/flash/50909.htm,植物战僵尸3D连连看
http://www.4399.com/flash/27265.htm,火柴人逃狱记
http://www.4399.com/flash/157666.htm,史上最贱小游戏13
http://www.4399.com/flash/113790.htm,找你妹正式版
http://www.4399.com/flash/123789.htm,恐龙觅食
http://www.4399.com/flash/128952.htm,坏蛋冰淇淋3
http://www.4399.com/flash/48349.htm,爱吃水果的虫子
http://www.4399.com/flash/1244.htm,红孩儿连连看
http://www.4399.com/flash/152162.htm,盗金父子2
http://www.4399.com/flash/8954.htm,阿sue家做客
http://www.4399.com/flash/142569.htm,一把火
http://www.4399.com/flash/91402.htm,保护橙子增强版3
http://www.4399.com/flash/56745.htm,动画师和动画
http://www.4399.com/flash/117146.htm,火柴人智闯飞艇
http://www.4399.com/flash/1287.htm,新麻雀连连看
http://www.4399.com/flash/134715.htm,捣蛋猪HD3.8
http://www.4399.com/flash/62725.htm,蜗牛鲍勃2中文版
http://www.4399.com/flash/123611.htm,小汽车的爱情梦
http://www.4399.com/flash/135633.htm,糖果去哪儿了2
http://www.4399.com/flash/151340.htm,熊猫逃生记之日本
http://www.4399.com/flash/209358.htm,万圣节冒险门逃生
http://www.4399.com/flash/209357.htm,大别墅逃生
http://www.4399.com/flash/209356.htm,开小车的女孩逃跑
http://www.4399.com/flash/209355.htm,小兔和小鸡逃脱
http://www.4399.com/flash/209354.htm,废弃厂房围墙逃生
http://www.4399.com/flash/209344.htm,找到我的手提相机
http://www.4399.com/flash/209342.htm,逃出恐惧房间5
http://www.4399.com/flash/209341.htm,小猪快逃跑2
http://www.4399.com/flash/209340.htm,逃离梦幻屋
http://www.4399.com/flash/209339.htm,紫色温馨小屋逃脱
http://www.4399.com/flash/209337.htm,轻松逃生9
http://www.4399.com/flash/209327.htm,有机化学实验室逃脱
http://www.4399.com/flash/209325.htm,考古博物馆逃生
http://www.4399.com/flash/209324.htm,别墅救援
http://www.4399.com/flash/209323.htm,可爱中国羊逃走
http://www.4399.com/flash/209322.htm,布莱顿女学生逃跑
http://www.4399.com/flash/209321.htm,复古城堡逃脱6
http://www.4399.com/flash/209319.htm,卡通小羊逃走
http://www.4399.com/flash/209318.htm,童趣房间逃脱
http://www.4399.com/flash/209305.htm,大蜗牛逃逸
http://www.4399.com/flash/209304.htm,沙堡逃脱4
http://www.4399.com/flash/209303.htm,沙堡逃脱3
http://www.4399.com/flash/209300.htm,黄色生物逃跑
http://www.4399.com/flash/209299.htm,小公主逃走
http://www.4399.com/flash/209297.htm,大海龟逃离
http://www.4399.com/flash/209281.htm,安全控制室逃生
http://www.4399.com/flash/209280.htm,小女的私人房间
http://www.4399.com/flash/209277.htm,结实的房子逃脱
http://www.4399.com/flash/209275.htm,小红帽女孩逃脱
http://www.4399.com/flash/209262.htm,帮助小老虎
http://www.4399.com/flash/209261.htm,逃出万圣节女巫门
http://www.4399.com/flash/209259.htm,瓷器小象屋
http://www.4399.com/flash/209258.htm,沙漠木屋逃生
http://www.4399.com/flash/209256.htm,大山堡逃脱
http://www.4399.com/flash/209253.htm,沙堡逃脱
http://www.4399.com/flash/209252.htm,梦境洞穴逃生
http://www.4399.com/flash/209251.htm,逃离简易房屋6
http://www.4399.com/flash/209249.htm,可爱的大象逃脱
http://www.4399.com/flash/209248.htm,废旧老学校逃脱
http://www.4399.com/flash/209247.htm,黑夜树屋逃脱
http://www.4399.com/flash/209230.htm,小猴逃跑
http://www.4399.com/flash/209229.htm,被困的看守逃跑
http://www.4399.com/flash/209228.htm,退休老人逃跑
http://www.4399.com/flash/209218.htm,逃离废弃超市
http://www.4399.com/flash/209216.htm,逃离皇家酒店
http://www.4399.com/flash/209215.htm,黑夜农舍逃脱
http://www.4399.com/flash/209214.htm,神奇的动物园逃脱
http://www.4399.com/flash/209217.htm,寻找彩色粉笔逃脱
http://www.4399.com/flash/209213.htm,复古豪宅逃脱
http://www.4399.com/flash/209212.htm,宠物猫逃跑
http://www.4399.com/flash/209211.htm,喝牛奶的女孩逃离
http://www.4399.com/flash/209209.htm,数学家房子逃脱
http://www.4399.com/flash/209190.htm,雪地小屋逃脱
http://www.4399.com/flash/209189.htm,热带度假胜地逃脱
http://www.4399.com/flash/209188.htm,乒乓球男孩大逃离
http://www.4399.com/flash/209187.htm,洛克逃离水族馆
http://www.4399.com/flash/1382.htm,宠物连连看2.5版
http://www.4399.com/flash/12669.htm,果蔬连连看
http://www.4399.com/flash/17801.htm,宠物连连看3.1
http://www.4399.com/flash/20660.htm,森林冰火人中文版
http://www.4399.com/flash/93551.htm,小鳄鱼爱洗澡中文版
http://www.4399.com/flash/113377.htm,森林冰火人4无敌版
http://www.4399.com/flash/10393.htm,石头连连看
http://www.4399.com/flash/79068.htm,高楼爆破3无敌版
http://www.4399.com/flash/853.htm,五子连珠
http://www.4399.com/flash/17403.htm,青蛙祖玛
http://www.4399.com/flash/57474.htm,蝴蝶连连看
http://www.4399.com/flash/4781.htm,花花连连看
http://www.4399.com/flash/136516.htm,消灭星星豪华版
http://www.4399.com/flash/54423.htm,4399打豆豆
http://www.4399.com/flash/2231.htm,宠物连连看2.6
http://www.4399.com/flash/63033.htm,森林冰火人双人迷宫
http://www.4399.com/flash/68259.htm,河马饲养员
http://www.4399.com/flash/106202.htm,消灭星星中文版
http://www.4399.com/flash/62002.htm,疯狂过山车2
http://www.4399.com/flash/100125.htm,装载卡车4
http://www.4399.com/flash/131178.htm,帮鸟儿解冻3
http://www.4399.com/flash/106933.htm,坏蛋冰淇淋2无敌版
http://www.4399.com/flash/171900.htm,装载卡车5
http://www.4399.com/flash/147327.htm,亚当找夏娃3
http://www.4399.com/flash/10919.htm,宠物连连看3.0版
http://www.4399.com/flash/71760.htm,小婴儿逃出系列3
http://www.4399.com/flash/156918.htm,坏小孩回家4
http://www.4399.com/flash/37529.htm,小火车过隧道无敌版
http://www.4399.com/flash/50350.htm,唤醒嗜睡的小人
http://www.4399.com/flash/41285.htm,朵拉的迷你高尔夫
http://www.4399.com/flash/130836.htm,消你妹
http://www.4399.com/flash/128302.htm,消灭星星3电脑版
http://www.4399.com/flash/103266.htm,炮兵突击
http://www.4399.com/flash/96689.htm,愤怒的小鸟太空版HD
http://www.4399.com/flash/57317.htm,激光炮轰小怪2
http://www.4399.com/flash/4782.htm,汽车标志连连看
http://www.4399.com/flash/89614.htm,托马斯过河
http://www.4399.com/flash/88882.htm,海绵宝宝3D大富翁2
http://www.4399.com/flash/138881.htm,激光炮轰小怪3加强版
http://www.4399.com/flash/21223.htm,小球进洞
http://www.4399.com/flash/89107.htm,黑太狼吃羊2
http://www.4399.com/flash/152489.htm,史上最贱小游戏之体育
http://www.4399.com/flash/80211.htm,中国熊猫2无敌版
http://www.4399.com/flash/92102.htm,连连看3.1原版
http://www.4399.com/flash/76887.htm,宠物连连看可爱版
http://www.4399.com/flash/66922.htm,亚当找夏娃中文版
http://www.4399.com/flash/65959.htm,高楼爆破无敌版
http://www.4399.com/flash/34726.htm,4399水果连连看
http://www.4399.com/flash/47634.htm,让子弹飞
http://www.4399.com/flash/122189.htm,史上最贱小游戏3
http://www.4399.com/flash/184591.htm,捣蛋猪HD8.0
http://www.4399.com/flash/50306.htm,奇妙水世界
http://www.4399.com/flash/143168.htm,手纸没有了
http://www.4399.com/flash/79452.htm,森林冰火人3
http://www.4399.com/flash/73311.htm,破蛋专家
http://www.4399.com/flash/92953.htm,逗小猴开心7
http://www.4399.com/flash/132546.htm,亚当找夏娃2
http://www.4399.com/flash/80972.htm,宠物连连看经典版2
http://www.4399.com/flash/138976.htm,盗金父子
http://www.4399.com/flash/69774.htm,高楼爆破2无敌版
http://www.4399.com/flash/42075.htm,光头小子找出口
http://www.4399.com/flash/86544.htm,鸡蛋大逃亡2
http://www.4399.com/flash/30543.htm,小婴儿逃出系列1
http://www.4399.com/flash/63828.htm,红球与绿球
http://www.4399.com/flash/106849.htm,坏蛋冰淇淋2
http://www.4399.com/flash/41483.htm,装载卡车
http://www.4399.com/flash/16395.htm,小婴儿逃出系列2
http://www.4399.com/flash/158011.htm,小汽车的英雄梦
http://www.4399.com/flash/73122.htm,装载卡车3
http://www.4399.com/flash/102581.htm,帮鸟儿解冻
http://www.4399.com/flash/33249.htm,帮小狗取手绢
http://www.4399.com/flash/9840.htm,在线弹钢琴
http://www.4399.com/flash/78828.htm,益智乐高2中文版
http://www.4399.com/flash/35965.htm,直升机打气球
http://www.4399.com/flash/92108.htm,连连看原版
http://www.4399.com/flash/97275.htm,3D旋转麻将连连看
http://www.4399.com/flash/46428.htm,空姐阿Sue
http://www.4399.com/flash/24571.htm,宠物连连看3.1无敌版
http://www.4399.com/flash/8670.htm,宠物连连看特别版
http://www.4399.com/flash/50909.htm,植物战僵尸3D连连看
http://www.4399.com/flash/27265.htm,火柴人逃狱记
http://www.4399.com/flash/157666.htm,史上最贱小游戏13
http://www.4399.com/flash/113790.htm,找你妹正式版
http://www.4399.com/flash/123789.htm,恐龙觅食
http://www.4399.com/flash/128952.htm,坏蛋冰淇淋3
http://www.4399.com/flash/48349.htm,爱吃水果的虫子
http://www.4399.com/flash/1244.htm,红孩儿连连看
http://www.4399.com/flash/152162.htm,盗金父子2
http://www.4399.com/flash/8954.htm,阿sue家做客
http://www.4399.com/flash/142569.htm,一把火
http://www.4399.com/flash/91402.htm,保护橙子增强版3
http://www.4399.com/flash/56745.htm,动画师和动画
http://www.4399.com/flash/117146.htm,火柴人智闯飞艇
http://www.4399.com/flash/1287.htm,新麻雀连连看
http://www.4399.com/flash/134715.htm,捣蛋猪HD3.8
http://www.4399.com/flash/62725.htm,蜗牛鲍勃2中文版
http://www.4399.com/flash/123611.htm,小汽车的爱情梦
http://www.4399.com/flash/135633.htm,糖果去哪儿了2
http://www.4399.com/flash/151340.htm,熊猫逃生记之日本
http://www.4399.com/flash/209186.htm,找到警官的钱包
http://www.4399.com/flash/209185.htm,找到国王的王冠
http://www.4399.com/flash/209183.htm,找到金面具
http://www.4399.com/flash/209182.htm,找到我的冠军奖杯
http://www.4399.com/flash/209181.htm,农舍救援
http://www.4399.com/flash/209179.htm,梦境外围逃脱
http://www.4399.com/flash/209178.htm,遇难滑翔机逃离
http://www.4399.com/flash/209161.htm,寻找山林宝藏
http://www.4399.com/flash/209160.htm,救援小黑兔
http://www.4399.com/flash/209159.htm,昏暗儿童房逃生29
http://www.4399.com/flash/209158.htm,救援飞翔的雄鹰
http://www.4399.com/flash/209157.htm,逃离光源房屋
http://www.4399.com/flash/209156.htm,快速逃离神秘之地3
http://www.4399.com/flash/209143.htm,救援披萨厨师
http://www.4399.com/flash/209142.htm,救援俏丽小皇后
http://www.4399.com/flash/209141.htm,救援日本小学生
http://www.4399.com/flash/209140.htm,快速逃离神秘之地2
http://www.4399.com/flash/209139.htm,快速逃离神秘之地5
http://www.4399.com/flash/209138.htm,逃离豪华白色房屋
http://www.4399.com/flash/209122.htm,逃出欧式小镇4
http://www.4399.com/flash/209121.htm,逃离停车场
http://www.4399.com/flash/209120.htm,救援花园小虫
http://www.4399.com/flash/209119.htm,救援小魔女
http://www.4399.com/flash/209118.htm,救援受困的主厨
http://www.4399.com/flash/209117.htm,逃离幻想香蕉岛
http://www.4399.com/flash/209098.htm,救援巨大的鳄鱼
http://www.4399.com/flash/209097.htm,逃离简易房屋4
http://www.4399.com/flash/209096.htm,逃离飞镖主题房屋
http://www.4399.com/flash/209095.htm,复古城堡逃脱3
http://www.4399.com/flash/209094.htm,逃离大罐子77
http://www.4399.com/flash/209093.htm,外星战士营救
http://www.4399.com/flash/209089.htm,愉快的乡村逃脱
http://www.4399.com/flash/209088.htm,淘气的婴儿逃跑
http://www.4399.com/flash/209085.htm,快速逃离神秘之地
http://www.4399.com/flash/209083.htm,逃离温泉度假酒店
http://www.4399.com/flash/209079.htm,休闲娱乐室逃生
http://www.4399.com/flash/209078.htm,送货员逃跑
http://www.4399.com/flash/209077.htm,可爱小熊逃脱
http://www.4399.com/flash/209068.htm,救援优雅的女皇
http://www.4399.com/flash/209067.htm,逃离明星健身房
http://www.4399.com/flash/209066.htm,逃离宇航员之家
http://www.4399.com/flash/209065.htm,逃离古老的监狱
http://www.4399.com/flash/209064.htm,逃离大罐子76
http://www.4399.com/flash/209054.htm,精致小屋后院逃生
http://www.4399.com/flash/209052.htm,森林房屋大逃离
http://www.4399.com/flash/209051.htm,小奶猫逃脱
http://www.4399.com/flash/209041.htm,装修房逃生
http://www.4399.com/flash/209040.htm,逃离乡村加油站
http://www.4399.com/flash/209039.htm,逃离荒废的房子
http://www.4399.com/flash/209038.htm,大型超市逃跑
http://www.4399.com/flash/209036.htm,逃离乳制品储藏室
http://www.4399.com/flash/209035.htm,救援慵懒的龙
http://www.4399.com/flash/209034.htm,逃离大罐子75
http://www.4399.com/flash/209033.htm,小小精灵逃脱
http://www.4399.com/flash/209032.htm,逃出压抑的房间
http://www.4399.com/flash/209031.htm,青堡寺逃脱
http://www.4399.com/flash/1382.htm,宠物连连看2.5版
http://www.4399.com/flash/12669.htm,果蔬连连看
http://www.4399.com/flash/17801.htm,宠物连连看3.1
http://www.4399.com/flash/20660.htm,森林冰火人中文版
http://www.4399.com/flash/93551.htm,小鳄鱼爱洗澡中文版
http://www.4399.com/flash/113377.htm,森林冰火人4无敌版
http://www.4399.com/flash/10393.htm,石头连连看
http://www.4399.com/flash/79068.htm,高楼爆破3无敌版
http://www.4399.com/flash/853.htm,五子连珠
http://www.4399.com/flash/17403.htm,青蛙祖玛
http://www.4399.com/flash/57474.htm,蝴蝶连连看
http://www.4399.com/flash/4781.htm,花花连连看
http://www.4399.com/flash/136516.htm,消灭星星豪华版
http://www.4399.com/flash/54423.htm,4399打豆豆
http://www.4399.com/flash/2231.htm,宠物连连看2.6
http://www.4399.com/flash/63033.htm,森林冰火人双人迷宫
http://www.4399.com/flash/68259.htm,河马饲养员
http://www.4399.com/flash/106202.htm,消灭星星中文版
http://www.4399.com/flash/62002.htm,疯狂过山车2
http://www.4399.com/flash/100125.htm,装载卡车4
http://www.4399.com/flash/131178.htm,帮鸟儿解冻3
http://www.4399.com/flash/106933.htm,坏蛋冰淇淋2无敌版
http://www.4399.com/flash/171900.htm,装载卡车5
http://www.4399.com/flash/147327.htm,亚当找夏娃3
http://www.4399.com/flash/10919.htm,宠物连连看3.0版
http://www.4399.com/flash/71760.htm,小婴儿逃出系列3
http://www.4399.com/flash/156918.htm,坏小孩回家4
http://www.4399.com/flash/37529.htm,小火车过隧道无敌版
http://www.4399.com/flash/50350.htm,唤醒嗜睡的小人
http://www.4399.com/flash/41285.htm,朵拉的迷你高尔夫
http://www.4399.com/flash/130836.htm,消你妹
http://www.4399.com/flash/128302.htm,消灭星星3电脑版
http://www.4399.com/flash/103266.htm,炮兵突击
http://www.4399.com/flash/96689.htm,愤怒的小鸟太空版HD
http://www.4399.com/flash/57317.htm,激光炮轰小怪2
http://www.4399.com/flash/4782.htm,汽车标志连连看
http://www.4399.com/flash/89614.htm,托马斯过河
http://www.4399.com/flash/88882.htm,海绵宝宝3D大富翁2
http://www.4399.com/flash/138881.htm,激光炮轰小怪3加强版
http://www.4399.com/flash/21223.htm,小球进洞
http://www.4399.com/flash/89107.htm,黑太狼吃羊2
http://www.4399.com/flash/152489.htm,史上最贱小游戏之体育
http://www.4399.com/flash/80211.htm,中国熊猫2无敌版
http://www.4399.com/flash/92102.htm,连连看3.1原版
http://www.4399.com/flash/76887.htm,宠物连连看可爱版
http://www.4399.com/flash/66922.htm,亚当找夏娃中文版
http://www.4399.com/flash/65959.htm,高楼爆破无敌版
http://www.4399.com/flash/34726.htm,4399水果连连看
http://www.4399.com/flash/47634.htm,让子弹飞
http://www.4399.com/flash/122189.htm,史上最贱小游戏3
http://www.4399.com/flash/184591.htm,捣蛋猪HD8.0
http://www.4399.com/flash/50306.htm,奇妙水世界
http://www.4399.com/flash/143168.htm,手纸没有了
http://www.4399.com/flash/79452.htm,森林冰火人3
http://www.4399.com/flash/73311.htm,破蛋专家
http://www.4399.com/flash/92953.htm,逗小猴开心7
http://www.4399.com/flash/132546.htm,亚当找夏娃2
http://www.4399.com/flash/80972.htm,宠物连连看经典版2
http://www.4399.com/flash/138976.htm,盗金父子
http://www.4399.com/flash/69774.htm,高楼爆破2无敌版
http://www.4399.com/flash/42075.htm,光头小子找出口
http://www.4399.com/flash/86544.htm,鸡蛋大逃亡2
http://www.4399.com/flash/30543.htm,小婴儿逃出系列1
http://www.4399.com/flash/63828.htm,红球与绿球
http://www.4399.com/flash/106849.htm,坏蛋冰淇淋2
http://www.4399.com/flash/41483.htm,装载卡车
http://www.4399.com/flash/16395.htm,小婴儿逃出系列2
http://www.4399.com/flash/158011.htm,小汽车的英雄梦
http://www.4399.com/flash/73122.htm,装载卡车3
http://www.4399.com/flash/102581.htm,帮鸟儿解冻
http://www.4399.com/flash/33249.htm,帮小狗取手绢
http://www.4399.com/flash/9840.htm,在线弹钢琴
http://www.4399.com/flash/78828.htm,益智乐高2中文版
http://www.4399.com/flash/35965.htm,直升机打气球
http://www.4399.com/flash/92108.htm,连连看原版
http://www.4399.com/flash/97275.htm,3D旋转麻将连连看
http://www.4399.com/flash/46428.htm,空姐阿Sue
http://www.4399.com/flash/24571.htm,宠物连连看3.1无敌版
http://www.4399.com/flash/8670.htm,宠物连连看特别版
http://www.4399.com/flash/50909.htm,植物战僵尸3D连连看
http://www.4399.com/flash/27265.htm,火柴人逃狱记
http://www.4399.com/flash/157666.htm,史上最贱小游戏13
http://www.4399.com/flash/113790.htm,找你妹正式版
http://www.4399.com/flash/123789.htm,恐龙觅食
http://www.4399.com/flash/128952.htm,坏蛋冰淇淋3
http://www.4399.com/flash/48349.htm,爱吃水果的虫子
http://www.4399.com/flash/1244.htm,红孩儿连连看
http://www.4399.com/flash/152162.htm,盗金父子2
http://www.4399.com/flash/8954.htm,阿sue家做客
http://www.4399.com/flash/142569.htm,一把火
http://www.4399.com/flash/91402.htm,保护橙子增强版3
http://www.4399.com/flash/56745.htm,动画师和动画
http://www.4399.com/flash/117146.htm,火柴人智闯飞艇
http://www.4399.com/flash/1287.htm,新麻雀连连看
http://www.4399.com/flash/134715.htm,捣蛋猪HD3.8
http://www.4399.com/flash/62725.htm,蜗牛鲍勃2中文版
http://www.4399.com/flash/123611.htm,小汽车的爱情梦
http://www.4399.com/flash/135633.htm,糖果去哪儿了2
http://www.4399.com/flash/151340.htm,熊猫逃生记之日本
http://www.4399.com/flash/209030.htm,大礼堂逃脱
http://www.4399.com/flash/209029.htm,废糖厂逃逸
http://www.4399.com/flash/209012.htm,逃离黄金房屋
http://www.4399.com/flash/209011.htm,救援得意的女子
http://www.4399.com/flash/209010.htm,逃出欧式小镇3
http://www.4399.com/flash/209009.htm,逃离大罐子74
http://www.4399.com/flash/209008.htm,逃离大罐子73
http://www.4399.com/flash/209001.htm,逃离迷你屋
http://www.4399.com/flash/209000.htm,救援海洋鱼
http://www.4399.com/flash/208999.htm,救援勇猛的战士
http://www.4399.com/flash/208998.htm,逃离酒红色房屋
http://www.4399.com/flash/208997.htm,逃离大罐子72
http://www.4399.com/flash/208996.htm,逃离大罐子71
http://www.4399.com/flash/208988.htm,度假胜地逃脱
http://www.4399.com/flash/208987.htm,外国男孩大逃脱
http://www.4399.com/flash/208986.htm,废弃之地寻出口
http://www.4399.com/flash/208985.htm,寻找搜救犬
http://www.4399.com/flash/208982.htm,无人诡异酒店逃脱
http://www.4399.com/flash/208981.htm,可爱儿童逃跑
http://www.4399.com/flash/208980.htm,逃出欧式小镇2
http://www.4399.com/flash/208974.htm,可爱的情侣逃脱
http://www.4399.com/flash/208972.htm,维多利亚城堡逃脱
http://www.4399.com/flash/208971.htm,神像森林逃生
http://www.4399.com/flash/208970.htm,白母鸡营救
http://www.4399.com/flash/208968.htm,无辜的男孩逃脱
http://www.4399.com/flash/208953.htm,趣味寻宝5
http://www.4399.com/flash/208949.htm,逃出神秘林中宅院
http://www.4399.com/flash/208944.htm,逃离大罐子70
http://www.4399.com/flash/208943.htm,逃离大罐子69
http://www.4399.com/flash/208941.htm,愤怒牛仔逃跑
http://www.4399.com/flash/208948.htm,救援小猴机械师
http://www.4399.com/flash/208947.htm,逃离滑冰场
http://www.4399.com/flash/208946.htm,困在木头屋的女孩
http://www.4399.com/flash/208945.htm,逃出欧式小镇
http://www.4399.com/flash/208937.htm,逃出废弃饮品店
http://www.4399.com/flash/208929.htm,拯救木屋中的女孩
http://www.4399.com/flash/208928.htm,哭泣女孩逃脱
http://www.4399.com/flash/208927.htm,神秘住宅逃脱
http://www.4399.com/flash/208926.htm,经济客房逃生
http://www.4399.com/flash/208925.htm,女学生逃跑2
http://www.4399.com/flash/208919.htm,愤怒动物逃脱
http://www.4399.com/flash/208909.htm,神秘山林逃脱
http://www.4399.com/flash/208908.htm,营救顽皮猴
http://www.4399.com/flash/208907.htm,诡异的下水道逃生
http://www.4399.com/flash/208906.htm,复古城堡逃脱2
http://www.4399.com/flash/208905.htm,三角龙逃脱
http://www.4399.com/flash/208893.htm,梦幻蜜蜂逃脱
http://www.4399.com/flash/208892.htm,脏乱房间逃生
http://www.4399.com/flash/208889.htm,逃出服装室
http://www.4399.com/flash/208869.htm,寻找钻石链
http://www.4399.com/flash/208885.htm,滑冰企鹅逃脱
http://www.4399.com/flash/208884.htm,大豪宅逃脱25
http://www.4399.com/flash/208883.htm,足球更衣室逃脱
http://www.4399.com/flash/208871.htm,秘密花园乐趣逃脱
http://www.4399.com/flash/208870.htm,逃离骑士城堡
http://www.4399.com/flash/208868.htm,逃离监狱的男人
http://www.4399.com/flash/1382.htm,宠物连连看2.5版
http://www.4399.com/flash/12669.htm,果蔬连连看
http://www.4399.com/flash/17801.htm,宠物连连看3.1
http://www.4399.com/flash/20660.htm,森林冰火人中文版
http://www.4399.com/flash/93551.htm,小鳄鱼爱洗澡中文版
http://www.4399.com/flash/113377.htm,森林冰火人4无敌版
http://www.4399.com/flash/10393.htm,石头连连看
http://www.4399.com/flash/79068.htm,高楼爆破3无敌版
http://www.4399.com/flash/853.htm,五子连珠
http://www.4399.com/flash/17403.htm,青蛙祖玛
http://www.4399.com/flash/57474.htm,蝴蝶连连看
http://www.4399.com/flash/4781.htm,花花连连看
http://www.4399.com/flash/136516.htm,消灭星星豪华版
http://www.4399.com/flash/54423.htm,4399打豆豆
http://www.4399.com/flash/2231.htm,宠物连连看2.6
http://www.4399.com/flash/63033.htm,森林冰火人双人迷宫
http://www.4399.com/flash/68259.htm,河马饲养员
http://www.4399.com/flash/106202.htm,消灭星星中文版
http://www.4399.com/flash/62002.htm,疯狂过山车2
http://www.4399.com/flash/100125.htm,装载卡车4
http://www.4399.com/flash/131178.htm,帮鸟儿解冻3
http://www.4399.com/flash/106933.htm,坏蛋冰淇淋2无敌版
http://www.4399.com/flash/171900.htm,装载卡车5
http://www.4399.com/flash/147327.htm,亚当找夏娃3
http://www.4399.com/flash/10919.htm,宠物连连看3.0版
http://www.4399.com/flash/71760.htm,小婴儿逃出系列3
http://www.4399.com/flash/156918.htm,坏小孩回家4
http://www.4399.com/flash/37529.htm,小火车过隧道无敌版
http://www.4399.com/flash/50350.htm,唤醒嗜睡的小人
http://www.4399.com/flash/41285.htm,朵拉的迷你高尔夫
http://www.4399.com/flash/130836.htm,消你妹
http://www.4399.com/flash/128302.htm,消灭星星3电脑版
http://www.4399.com/flash/103266.htm,炮兵突击
http://www.4399.com/flash/96689.htm,愤怒的小鸟太空版HD
http://www.4399.com/flash/57317.htm,激光炮轰小怪2
http://www.4399.com/flash/4782.htm,汽车标志连连看
http://www.4399.com/flash/89614.htm,托马斯过河
http://www.4399.com/flash/88882.htm,海绵宝宝3D大富翁2
http://www.4399.com/flash/138881.htm,激光炮轰小怪3加强版
http://www.4399.com/flash/21223.htm,小球进洞
http://www.4399.com/flash/89107.htm,黑太狼吃羊2
http://www.4399.com/flash/152489.htm,史上最贱小游戏之体育
http://www.4399.com/flash/80211.htm,中国熊猫2无敌版
http://www.4399.com/flash/92102.htm,连连看3.1原版
http://www.4399.com/flash/76887.htm,宠物连连看可爱版
http://www.4399.com/flash/66922.htm,亚当找夏娃中文版
http://www.4399.com/flash/65959.htm,高楼爆破无敌版
http://www.4399.com/flash/34726.htm,4399水果连连看
http://www.4399.com/flash/47634.htm,让子弹飞
http://www.4399.com/flash/122189.htm,史上最贱小游戏3
http://www.4399.com/flash/184591.htm,捣蛋猪HD8.0
http://www.4399.com/flash/50306.htm,奇妙水世界
http://www.4399.com/flash/143168.htm,手纸没有了
http://www.4399.com/flash/79452.htm,森林冰火人3
http://www.4399.com/flash/73311.htm,破蛋专家
http://www.4399.com/flash/92953.htm,逗小猴开心7
http://www.4399.com/flash/132546.htm,亚当找夏娃2
http://www.4399.com/flash/80972.htm,宠物连连看经典版2
http://www.4399.com/flash/138976.htm,盗金父子
http://www.4399.com/flash/69774.htm,高楼爆破2无敌版
http://www.4399.com/flash/42075.htm,光头小子找出口
http://www.4399.com/flash/86544.htm,鸡蛋大逃亡2
http://www.4399.com/flash/30543.htm,小婴儿逃出系列1
http://www.4399.com/flash/63828.htm,红球与绿球
http://www.4399.com/flash/106849.htm,坏蛋冰淇淋2
http://www.4399.com/flash/41483.htm,装载卡车
http://www.4399.com/flash/16395.htm,小婴儿逃出系列2
http://www.4399.com/flash/158011.htm,小汽车的英雄梦
http://www.4399.com/flash/73122.htm,装载卡车3
http://www.4399.com/flash/102581.htm,帮鸟儿解冻
http://www.4399.com/flash/33249.htm,帮小狗取手绢
http://www.4399.com/flash/9840.htm,在线弹钢琴
http://www.4399.com/flash/78828.htm,益智乐高2中文版
http://www.4399.com/flash/35965.htm,直升机打气球
http://www.4399.com/flash/92108.htm,连连看原版
http://www.4399.com/flash/97275.htm,3D旋转麻将连连看
http://www.4399.com/flash/46428.htm,空姐阿Sue
http://www.4399.com/flash/24571.htm,宠物连连看3.1无敌版
http://www.4399.com/flash/8670.htm,宠物连连看特别版
http://www.4399.com/flash/50909.htm,植物战僵尸3D连连看
http://www.4399.com/flash/27265.htm,火柴人逃狱记
http://www.4399.com/flash/157666.htm,史上最贱小游戏13
http://www.4399.com/flash/113790.htm,找你妹正式版
http://www.4399.com/flash/123789.htm,恐龙觅食
http://www.4399.com/flash/128952.htm,坏蛋冰淇淋3
http://www.4399.com/flash/48349.htm,爱吃水果的虫子
http://www.4399.com/flash/1244.htm,红孩儿连连看
http://www.4399.com/flash/152162.htm,盗金父子2
http://www.4399.com/flash/8954.htm,阿sue家做客
http://www.4399.com/flash/142569.htm,一把火
http://www.4399.com/flash/91402.htm,保护橙子增强版3
http://www.4399.com/flash/56745.htm,动画师和动画
http://www.4399.com/flash/117146.htm,火柴人智闯飞艇
http://www.4399.com/flash/1287.htm,新麻雀连连看
http://www.4399.com/flash/134715.htm,捣蛋猪HD3.8
http://www.4399.com/flash/62725.htm,蜗牛鲍勃2中文版
http://www.4399.com/flash/123611.htm,小汽车的爱情梦
http://www.4399.com/flash/135633.htm,糖果去哪儿了2
http://www.4399.com/flash/151340.htm,熊猫逃生记之日本
http://www.4399.com/flash/208867.htm,逃离神秘世界3
http://www.4399.com/flash/208859.htm,逃离空荡大船
http://www.4399.com/flash/208858.htm,豪华别墅房逃生
http://www.4399.com/flash/208857.htm,复古城堡逃脱
http://www.4399.com/flash/208856.htm,粉红小房逃脱
http://www.4399.com/flash/208851.htm,灰浣熊逃跑
http://www.4399.com/flash/208850.htm,无人生还
http://www.4399.com/flash/208838.htm,寻找车库通道逃生
http://www.4399.com/flash/208837.htm,拯救幼小猴子
http://www.4399.com/flash/208835.htm,接待员逃跑
http://www.4399.com/flash/208834.htm,老皇后营救
http://www.4399.com/flash/208833.htm,生病女孩逃脱
http://www.4399.com/flash/208832.htm,空屋营救
http://www.4399.com/flash/208831.htm,老年兔逃脱
http://www.4399.com/flash/208823.htm,逃离神秘世界2
http://www.4399.com/flash/208821.htm,现代经典别墅逃脱
http://www.4399.com/flash/208820.htm,魔术师室的神鸟
http://www.4399.com/flash/208813.htm,非洲斑马救援
http://www.4399.com/flash/208811.htm,牛角小怪逃脱
http://www.4399.com/flash/208810.htm,小机灵女孩逃脱
http://www.4399.com/flash/208809.htm,寻找钻石狮子雕像
http://www.4399.com/flash/208798.htm,白色鸭子逃脱
http://www.4399.com/flash/208797.htm,白色鸽子逃走
http://www.4399.com/flash/208793.htm,逃离木制公寓
http://www.4399.com/flash/208792.htm,黄金国寻宝
http://www.4399.com/flash/208790.htm,黑暗仓库逃生
http://www.4399.com/flash/208776.htm,公司办公室逃生
http://www.4399.com/flash/208774.htm,卡通鸭子老师逃跑
http://www.4399.com/flash/208773.htm,女猎人逃脱
http://www.4399.com/flash/208772.htm,野生动物园逃离
http://www.4399.com/flash/208771.htm,地下矿井逃生
http://www.4399.com/flash/208770.htm,寻找珍藏金币
http://www.4399.com/flash/208761.htm,储藏石屋逃生
http://www.4399.com/flash/208760.htm,活泼鹦鹉救援
http://www.4399.com/flash/208759.htm,度假情侣逃脱
http://www.4399.com/flash/208758.htm,寻找魔剑
http://www.4399.com/flash/208757.htm,部落少女逃脱
http://www.4399.com/flash/208743.htm,棕色青蛙逃生
http://www.4399.com/flash/208742.htm,可爱的海狸逃脱
http://www.4399.com/flash/208738.htm,老旧村屋逃生
http://www.4399.com/flash/208737.htm,寻找金属探测器4
http://www.4399.com/flash/208736.htm,清冷小屋逃脱
http://www.4399.com/flash/208734.htm,救援潦草的猫
http://www.4399.com/flash/208729.htm,救援大野鸭
http://www.4399.com/flash/208728.htm,逃离简易房屋
http://www.4399.com/flash/208727.htm,逃离巨蛙森林
http://www.4399.com/flash/208726.htm,救援矮人战士
http://www.4399.com/flash/208725.htm,逃离魔鬼果森林
http://www.4399.com/flash/208715.htm,逃离城堡大厦
http://www.4399.com/flash/208714.htm,救援卡通三角龙
http://www.4399.com/flash/208713.htm,救援爱唱歌的洋葱
http://www.4399.com/flash/208712.htm,救援布里吉德女孩
http://www.4399.com/flash/208711.htm,救援过生日的小鸡
http://www.4399.com/flash/208710.htm,橘色狐狸逃脱
http://www.4399.com/flash/208709.htm,诡异手术室逃生
http://www.4399.com/flash/208707.htm,调皮橘猫逃脱
http://www.4399.com/flash/1382.htm,宠物连连看2.5版
http://www.4399.com/flash/12669.htm,果蔬连连看
http://www.4399.com/flash/17801.htm,宠物连连看3.1
http://www.4399.com/flash/20660.htm,森林冰火人中文版
http://www.4399.com/flash/93551.htm,小鳄鱼爱洗澡中文版
http://www.4399.com/flash/113377.htm,森林冰火人4无敌版
http://www.4399.com/flash/10393.htm,石头连连看
http://www.4399.com/flash/79068.htm,高楼爆破3无敌版
http://www.4399.com/flash/853.htm,五子连珠
http://www.4399.com/flash/17403.htm,青蛙祖玛
http://www.4399.com/flash/57474.htm,蝴蝶连连看
http://www.4399.com/flash/4781.htm,花花连连看
http://www.4399.com/flash/136516.htm,消灭星星豪华版
http://www.4399.com/flash/54423.htm,4399打豆豆
http://www.4399.com/flash/2231.htm,宠物连连看2.6
http://www.4399.com/flash/63033.htm,森林冰火人双人迷宫
http://www.4399.com/flash/68259.htm,河马饲养员
http://www.4399.com/flash/106202.htm,消灭星星中文版
http://www.4399.com/flash/62002.htm,疯狂过山车2
http://www.4399.com/flash/100125.htm,装载卡车4
http://www.4399.com/flash/131178.htm,帮鸟儿解冻3
http://www.4399.com/flash/106933.htm,坏蛋冰淇淋2无敌版
http://www.4399.com/flash/171900.htm,装载卡车5
http://www.4399.com/flash/147327.htm,亚当找夏娃3
http://www.4399.com/flash/10919.htm,宠物连连看3.0版
http://www.4399.com/flash/71760.htm,小婴儿逃出系列3
http://www.4399.com/flash/156918.htm,坏小孩回家4
http://www.4399.com/flash/37529.htm,小火车过隧道无敌版
http://www.4399.com/flash/50350.htm,唤醒嗜睡的小人
http://www.4399.com/flash/41285.htm,朵拉的迷你高尔夫
http://www.4399.com/flash/130836.htm,消你妹
http://www.4399.com/flash/128302.htm,消灭星星3电脑版
http://www.4399.com/flash/103266.htm,炮兵突击
http://www.4399.com/flash/96689.htm,愤怒的小鸟太空版HD
http://www.4399.com/flash/57317.htm,激光炮轰小怪2
http://www.4399.com/flash/4782.htm,汽车标志连连看
http://www.4399.com/flash/89614.htm,托马斯过河
http://www.4399.com/flash/88882.htm,海绵宝宝3D大富翁2
http://www.4399.com/flash/138881.htm,激光炮轰小怪3加强版
http://www.4399.com/flash/21223.htm,小球进洞
http://www.4399.com/flash/89107.htm,黑太狼吃羊2
http://www.4399.com/flash/152489.htm,史上最贱小游戏之体育
http://www.4399.com/flash/80211.htm,中国熊猫2无敌版
http://www.4399.com/flash/92102.htm,连连看3.1原版
http://www.4399.com/flash/76887.htm,宠物连连看可爱版
http://www.4399.com/flash/66922.htm,亚当找夏娃中文版
http://www.4399.com/flash/65959.htm,高楼爆破无敌版
http://www.4399.com/flash/34726.htm,4399水果连连看
http://www.4399.com/flash/47634.htm,让子弹飞
http://www.4399.com/flash/122189.htm,史上最贱小游戏3
http://www.4399.com/flash/184591.htm,捣蛋猪HD8.0
http://www.4399.com/flash/50306.htm,奇妙水世界
http://www.4399.com/flash/143168.htm,手纸没有了
http://www.4399.com/flash/79452.htm,森林冰火人3
http://www.4399.com/flash/73311.htm,破蛋专家
http://www.4399.com/flash/92953.htm,逗小猴开心7
http://www.4399.com/flash/132546.htm,亚当找夏娃2
http://www.4399.com/flash/80972.htm,宠物连连看经典版2
http://www.4399.com/flash/138976.htm,盗金父子
http://www.4399.com/flash/69774.htm,高楼爆破2无敌版
http://www.4399.com/flash/42075.htm,光头小子找出口
http://www.4399.com/flash/86544.htm,鸡蛋大逃亡2
http://www.4399.com/flash/30543.htm,小婴儿逃出系列1
http://www.4399.com/flash/63828.htm,红球与绿球
http://www.4399.com/flash/106849.htm,坏蛋冰淇淋2
http://www.4399.com/flash/41483.htm,装载卡车
http://www.4399.com/flash/16395.htm,小婴儿逃出系列2
http://www.4399.com/flash/158011.htm,小汽车的英雄梦
http://www.4399.com/flash/73122.htm,装载卡车3
http://www.4399.com/flash/102581.htm,帮鸟儿解冻
http://www.4399.com/flash/33249.htm,帮小狗取手绢
http://www.4399.com/flash/9840.htm,在线弹钢琴
http://www.4399.com/flash/78828.htm,益智乐高2中文版
http://www.4399.com/flash/35965.htm,直升机打气球
http://www.4399.com/flash/92108.htm,连连看原版
http://www.4399.com/flash/97275.htm,3D旋转麻将连连看
http://www.4399.com/flash/46428.htm,空姐阿Sue
http://www.4399.com/flash/24571.htm,宠物连连看3.1无敌版
http://www.4399.com/flash/8670.htm,宠物连连看特别版
http://www.4399.com/flash/50909.htm,植物战僵尸3D连连看
http://www.4399.com/flash/27265.htm,火柴人逃狱记
http://www.4399.com/flash/157666.htm,史上最贱小游戏13
http://www.4399.com/flash/113790.htm,找你妹正式版
http://www.4399.com/flash/123789.htm,恐龙觅食
http://www.4399.com/flash/128952.htm,坏蛋冰淇淋3
http://www.4399.com/flash/48349.htm,爱吃水果的虫子
http://www.4399.com/flash/1244.htm,红孩儿连连看
http://www.4399.com/flash/152162.htm,盗金父子2
http://www.4399.com/flash/8954.htm,阿sue家做客
http://www.4399.com/flash/142569.htm,一把火
http://www.4399.com/flash/91402.htm,保护橙子增强版3
http://www.4399.com/flash/56745.htm,动画师和动画
http://www.4399.com/flash/117146.htm,火柴人智闯飞艇
http://www.4399.com/flash/1287.htm,新麻雀连连看
http://www.4399.com/flash/134715.htm,捣蛋猪HD3.8
http://www.4399.com/flash/62725.htm,蜗牛鲍勃2中文版
http://www.4399.com/flash/123611.htm,小汽车的爱情梦
http://www.4399.com/flash/135633.htm,糖果去哪儿了2
http://www.4399.com/flash/151340.htm,熊猫逃生记之日本
http://www.4399.com/flash/208706.htm,女医生逃跑
http://www.4399.com/flash/208704.htm,有趣的松鼠逃跑
http://www.4399.com/flash/208703.htm,寻找木屋的钥匙
http://www.4399.com/flash/208701.htm,可爱卡通熊逃脱
http://www.4399.com/flash/208692.htm,秃鹰逃脱
http://www.4399.com/flash/208688.htm,救援双峰驼
http://www.4399.com/flash/208687.htm,逃出废弃的庄园
http://www.4399.com/flash/208686.htm,救援五彩毛毛虫
http://www.4399.com/flash/208685.htm,逃离大罐子68
http://www.4399.com/flash/208684.htm,逃离大罐子67
http://www.4399.com/flash/208681.htm,空荡的房间快逃脱
http://www.4399.com/flash/208664.htm,音乐家工作室逃脱
http://www.4399.com/flash/208662.htm,逃离蚊群之地
http://www.4399.com/flash/208661.htm,岛上小女孩逃跑
http://www.4399.com/flash/208660.htm,诡异医院逃离
http://www.4399.com/flash/208659.htm,猎石奇缘
http://www.4399.com/flash/208656.htm,逃离整洁的厨房
http://www.4399.com/flash/208655.htm,逃离大罐子66
http://www.4399.com/flash/208654.htm,逃离大罐子65
http://www.4399.com/flash/208649.htm,逃离陷阱隧道3
http://www.4399.com/flash/208644.htm,封闭监狱逃离
http://www.4399.com/flash/208642.htm,逃离高山之地
http://www.4399.com/flash/208639.htm,寻找魔法杯
http://www.4399.com/flash/208628.htm,救援小锯鳄宝宝
http://www.4399.com/flash/208627.htm,逃离路西法村庄
http://www.4399.com/flash/208626.htm,寻找黄金书
http://www.4399.com/flash/208625.htm,逃离大罐子64
http://www.4399.com/flash/208624.htm,逃离大罐子63
http://www.4399.com/flash/208620.htm,逃离陷阱隧道2
http://www.4399.com/flash/208619.htm,空荡幼儿园逃学
http://www.4399.com/flash/208615.htm,成年老虎逃脱
http://www.4399.com/flash/208614.htm,汽车陈列室逃生
http://www.4399.com/flash/208612.htm,黑蝎子森林逃脱
http://www.4399.com/flash/208609.htm,海滩别墅大逃脱
http://www.4399.com/flash/208608.htm,猫头鹰逃跑
http://www.4399.com/flash/208598.htm,救援男信使
http://www.4399.com/flash/208597.htm,救援受困的母鸡
http://www.4399.com/flash/208596.htm,逃离陷阱隧道
http://www.4399.com/flash/208595.htm,逃离大罐子62
http://www.4399.com/flash/208594.htm,逃离大罐子61
http://www.4399.com/flash/208585.htm,逃离大罐子60
http://www.4399.com/flash/208584.htm,逃离大罐子59
http://www.4399.com/flash/208568.htm,农场女孩逃跑
http://www.4399.com/flash/208564.htm,寻找黄金宝藏
http://www.4399.com/flash/208563.htm,逃离肮脏下水道
http://www.4399.com/flash/208562.htm,救援护士小姐
http://www.4399.com/flash/208558.htm,逃离大罐子58
http://www.4399.com/flash/208557.htm,逃离大罐子57
http://www.4399.com/flash/208556.htm,展览室逃脱
http://www.4399.com/flash/208554.htm,逃出阴森房屋
http://www.4399.com/flash/208551.htm,蜜蜂女孩逃跑
http://www.4399.com/flash/208549.htm,古石室逃生
http://www.4399.com/flash/208539.htm,救援拉塞尔猎犬
http://www.4399.com/flash/208538.htm,逃离魔鬼森林
http://www.4399.com/flash/208537.htm,救援鸸鹋鸟
http://www.4399.com/flash/208536.htm,逃离大罐子56
http://www.4399.com/flash/1382.htm,宠物连连看2.5版
http://www.4399.com/flash/12669.htm,果蔬连连看
http://www.4399.com/flash/17801.htm,宠物连连看3.1
http://www.4399.com/flash/20660.htm,森林冰火人中文版
http://www.4399.com/flash/93551.htm,小鳄鱼爱洗澡中文版
http://www.4399.com/flash/113377.htm,森林冰火人4无敌版
http://www.4399.com/flash/10393.htm,石头连连看
http://www.4399.com/flash/79068.htm,高楼爆破3无敌版
http://www.4399.com/flash/853.htm,五子连珠
http://www.4399.com/flash/17403.htm,青蛙祖玛
http://www.4399.com/flash/57474.htm,蝴蝶连连看
http://www.4399.com/flash/4781.htm,花花连连看
http://www.4399.com/flash/136516.htm,消灭星星豪华版
http://www.4399.com/flash/54423.htm,4399打豆豆
http://www.4399.com/flash/2231.htm,宠物连连看2.6
http://www.4399.com/flash/63033.htm,森林冰火人双人迷宫
http://www.4399.com/flash/68259.htm,河马饲养员
http://www.4399.com/flash/106202.htm,消灭星星中文版
http://www.4399.com/flash/62002.htm,疯狂过山车2
http://www.4399.com/flash/100125.htm,装载卡车4
http://www.4399.com/flash/131178.htm,帮鸟儿解冻3
http://www.4399.com/flash/106933.htm,坏蛋冰淇淋2无敌版
http://www.4399.com/flash/171900.htm,装载卡车5
http://www.4399.com/flash/147327.htm,亚当找夏娃3
http://www.4399.com/flash/10919.htm,宠物连连看3.0版
http://www.4399.com/flash/71760.htm,小婴儿逃出系列3
http://www.4399.com/flash/156918.htm,坏小孩回家4
http://www.4399.com/flash/37529.htm,小火车过隧道无敌版
http://www.4399.com/flash/50350.htm,唤醒嗜睡的小人
http://www.4399.com/flash/41285.htm,朵拉的迷你高尔夫
http://www.4399.com/flash/130836.htm,消你妹
http://www.4399.com/flash/128302.htm,消灭星星3电脑版
http://www.4399.com/flash/103266.htm,炮兵突击
http://www.4399.com/flash/96689.htm,愤怒的小鸟太空版HD
http://www.4399.com/flash/57317.htm,激光炮轰小怪2
http://www.4399.com/flash/4782.htm,汽车标志连连看
http://www.4399.com/flash/89614.htm,托马斯过河
http://www.4399.com/flash/88882.htm,海绵宝宝3D大富翁2
http://www.4399.com/flash/138881.htm,激光炮轰小怪3加强版
http://www.4399.com/flash/21223.htm,小球进洞
http://www.4399.com/flash/89107.htm,黑太狼吃羊2
http://www.4399.com/flash/152489.htm,史上最贱小游戏之体育
http://www.4399.com/flash/80211.htm,中国熊猫2无敌版
http://www.4399.com/flash/92102.htm,连连看3.1原版
http://www.4399.com/flash/76887.htm,宠物连连看可爱版
http://www.4399.com/flash/66922.htm,亚当找夏娃中文版
http://www.4399.com/flash/65959.htm,高楼爆破无敌版
http://www.4399.com/flash/34726.htm,4399水果连连看
http://www.4399.com/flash/47634.htm,让子弹飞
http://www.4399.com/flash/122189.htm,史上最贱小游戏3
http://www.4399.com/flash/184591.htm,捣蛋猪HD8.0
http://www.4399.com/flash/50306.htm,奇妙水世界
http://www.4399.com/flash/143168.htm,手纸没有了
http://www.4399.com/flash/79452.htm,森林冰火人3
http://www.4399.com/flash/73311.htm,破蛋专家
http://www.4399.com/flash/92953.htm,逗小猴开心7
http://www.4399.com/flash/132546.htm,亚当找夏娃2
http://www.4399.com/flash/80972.htm,宠物连连看经典版2
http://www.4399.com/flash/138976.htm,盗金父子
http://www.4399.com/flash/69774.htm,高楼爆破2无敌版
http://www.4399.com/flash/42075.htm,光头小子找出口
http://www.4399.com/flash/86544.htm,鸡蛋大逃亡2
http://www.4399.com/flash/30543.htm,小婴儿逃出系列1
http://www.4399.com/flash/63828.htm,红球与绿球
http://www.4399.com/flash/106849.htm,坏蛋冰淇淋2
http://www.4399.com/flash/41483.htm,装载卡车
http://www.4399.com/flash/16395.htm,小婴儿逃出系列2
http://www.4399.com/flash/158011.htm,小汽车的英雄梦
http://www.4399.com/flash/73122.htm,装载卡车3
http://www.4399.com/flash/102581.htm,帮鸟儿解冻
http://www.4399.com/flash/33249.htm,帮小狗取手绢
http://www.4399.com/flash/9840.htm,在线弹钢琴
http://www.4399.com/flash/78828.htm,益智乐高2中文版
http://www.4399.com/flash/35965.htm,直升机打气球
http://www.4399.com/flash/92108.htm,连连看原版
http://www.4399.com/flash/97275.htm,3D旋转麻将连连看
http://www.4399.com/flash/46428.htm,空姐阿Sue
http://www.4399.com/flash/24571.htm,宠物连连看3.1无敌版
http://www.4399.com/flash/8670.htm,宠物连连看特别版
http://www.4399.com/flash/50909.htm,植物战僵尸3D连连看
http://www.4399.com/flash/27265.htm,火柴人逃狱记
http://www.4399.com/flash/157666.htm,史上最贱小游戏13
http://www.4399.com/flash/113790.htm,找你妹正式版
http://www.4399.com/flash/123789.htm,恐龙觅食
http://www.4399.com/flash/128952.htm,坏蛋冰淇淋3
http://www.4399.com/flash/48349.htm,爱吃水果的虫子
http://www.4399.com/flash/1244.htm,红孩儿连连看
http://www.4399.com/flash/152162.htm,盗金父子2
http://www.4399.com/flash/8954.htm,阿sue家做客
http://www.4399.com/flash/142569.htm,一把火
http://www.4399.com/flash/91402.htm,保护橙子增强版3
http://www.4399.com/flash/56745.htm,动画师和动画
http://www.4399.com/flash/117146.htm,火柴人智闯飞艇
http://www.4399.com/flash/1287.htm,新麻雀连连看
http://www.4399.com/flash/134715.htm,捣蛋猪HD3.8
http://www.4399.com/flash/62725.htm,蜗牛鲍勃2中文版
http://www.4399.com/flash/123611.htm,小汽车的爱情梦
http://www.4399.com/flash/135633.htm,糖果去哪儿了2
http://www.4399.com/flash/151340.htm,熊猫逃生记之日本
http://www.4399.com/flash/208535.htm,逃离大罐子55
http://www.4399.com/flash/208532.htm,逃离无人机械室
http://www.4399.com/flash/208531.htm,逃出绿油深山
http://www.4399.com/flash/208529.htm,拯救绿龟
http://www.4399.com/flash/208507.htm,救援被诅咒的女孩
http://www.4399.com/flash/208506.htm,大豪宅逃脱23
http://www.4399.com/flash/208505.htm,逃离豪华的别墅
http://www.4399.com/flash/208504.htm,大熊猫逃逸
http://www.4399.com/flash/208503.htm,救援蓝色阿切尔
http://www.4399.com/flash/208502.htm,从木屋中逃生
http://www.4399.com/flash/208501.htm,逃离大罐子54
http://www.4399.com/flash/208500.htm,逃离大罐子53
http://www.4399.com/flash/208488.htm,童话森林大逃脱
http://www.4399.com/flash/208483.htm,夜后花园逃脱
http://www.4399.com/flash/208482.htm,破落小镇逃脱
http://www.4399.com/flash/208481.htm,逃离冰淇淋风格房屋
http://www.4399.com/flash/208480.htm,逃离整洁的医院
http://www.4399.com/flash/208479.htm,逃离黑暗的房屋
http://www.4399.com/flash/208478.htm,逃离大罐子52
http://www.4399.com/flash/208477.htm,逃离大罐子51
http://www.4399.com/flash/208473.htm,宽敞的健身房逃脱
http://www.4399.com/flash/208472.htm,拯救小熊崽
http://www.4399.com/flash/208457.htm,救援沉稳的狮子
http://www.4399.com/flash/208456.htm,救援宠物布朗尼
http://www.4399.com/flash/208455.htm,救援粉红生物
http://www.4399.com/flash/208454.htm,逃离淳朴的房屋5
http://www.4399.com/flash/208453.htm,昏暗儿童房逃生23
http://www.4399.com/flash/208452.htm,逃离大罐子50
http://www.4399.com/flash/208451.htm,逃离大罐子49
http://www.4399.com/flash/208450.htm,岛滩逃生
http://www.4399.com/flash/208446.htm,逃离神秘世界
http://www.4399.com/flash/208445.htm,漂亮银狐逃脱
http://www.4399.com/flash/208444.htm,洗车站逃生
http://www.4399.com/flash/208443.htm,拳击男孩逃跑
http://www.4399.com/flash/208449.htm,寻找淘气少年
http://www.4399.com/flash/208442.htm,白鸭逃亡
http://www.4399.com/flash/208440.htm,海王逃脱
http://www.4399.com/flash/208416.htm,逃离宝藏书屋
http://www.4399.com/flash/208415.htm,逃出红色小房子
http://www.4399.com/flash/208414.htm,逃离深山洞穴
http://www.4399.com/flash/208413.htm,逃离淳朴的房屋4
http://www.4399.com/flash/208412.htm,逃离大罐子48
http://www.4399.com/flash/208411.htm,紫色恐龙逃脱
http://www.4399.com/flash/208410.htm,逃离大罐子47
http://www.4399.com/flash/208409.htm,远古废石庙逃生
http://www.4399.com/flash/208398.htm,救援漂亮小黄鸭
http://www.4399.com/flash/208397.htm,逃离机械院子
http://www.4399.com/flash/208396.htm,逃离豪华车库
http://www.4399.com/flash/208395.htm,逃离大罐子46
http://www.4399.com/flash/208394.htm,逃离大罐子45
http://www.4399.com/flash/208379.htm,逃离私人岛屿2
http://www.4399.com/flash/208377.htm,小猫咪大逃脱
http://www.4399.com/flash/208373.htm,逃出夜晚下的房子
http://www.4399.com/flash/208366.htm,昏暗儿童房逃生22
http://www.4399.com/flash/208365.htm,牛角怪逃脱
http://www.4399.com/flash/208364.htm,逃离教练的家
http://www.4399.com/flash/1382.htm,宠物连连看2.5版
http://www.4399.com/flash/12669.htm,果蔬连连看
http://www.4399.com/flash/17801.htm,宠物连连看3.1
http://www.4399.com/flash/20660.htm,森林冰火人中文版
http://www.4399.com/flash/93551.htm,小鳄鱼爱洗澡中文版
http://www.4399.com/flash/113377.htm,森林冰火人4无敌版
http://www.4399.com/flash/10393.htm,石头连连看
http://www.4399.com/flash/79068.htm,高楼爆破3无敌版
http://www.4399.com/flash/853.htm,五子连珠
http://www.4399.com/flash/17403.htm,青蛙祖玛
http://www.4399.com/flash/57474.htm,蝴蝶连连看
http://www.4399.com/flash/4781.htm,花花连连看
http://www.4399.com/flash/136516.htm,消灭星星豪华版
http://www.4399.com/flash/54423.htm,4399打豆豆
http://www.4399.com/flash/2231.htm,宠物连连看2.6
http://www.4399.com/flash/63033.htm,森林冰火人双人迷宫
http://www.4399.com/flash/68259.htm,河马饲养员
http://www.4399.com/flash/106202.htm,消灭星星中文版
http://www.4399.com/flash/62002.htm,疯狂过山车2
http://www.4399.com/flash/100125.htm,装载卡车4
http://www.4399.com/flash/131178.htm,帮鸟儿解冻3
http://www.4399.com/flash/106933.htm,坏蛋冰淇淋2无敌版
http://www.4399.com/flash/171900.htm,装载卡车5
http://www.4399.com/flash/147327.htm,亚当找夏娃3
http://www.4399.com/flash/10919.htm,宠物连连看3.0版
http://www.4399.com/flash/71760.htm,小婴儿逃出系列3
http://www.4399.com/flash/156918.htm,坏小孩回家4
http://www.4399.com/flash/37529.htm,小火车过隧道无敌版
http://www.4399.com/flash/50350.htm,唤醒嗜睡的小人
http://www.4399.com/flash/41285.htm,朵拉的迷你高尔夫
http://www.4399.com/flash/130836.htm,消你妹
http://www.4399.com/flash/128302.htm,消灭星星3电脑版
http://www.4399.com/flash/103266.htm,炮兵突击
http://www.4399.com/flash/96689.htm,愤怒的小鸟太空版HD
http://www.4399.com/flash/57317.htm,激光炮轰小怪2
http://www.4399.com/flash/4782.htm,汽车标志连连看
http://www.4399.com/flash/89614.htm,托马斯过河
http://www.4399.com/flash/88882.htm,海绵宝宝3D大富翁2
http://www.4399.com/flash/138881.htm,激光炮轰小怪3加强版
http://www.4399.com/flash/21223.htm,小球进洞
http://www.4399.com/flash/89107.htm,黑太狼吃羊2
http://www.4399.com/flash/152489.htm,史上最贱小游戏之体育
http://www.4399.com/flash/80211.htm,中国熊猫2无敌版
http://www.4399.com/flash/92102.htm,连连看3.1原版
http://www.4399.com/flash/76887.htm,宠物连连看可爱版
http://www.4399.com/flash/66922.htm,亚当找夏娃中文版
http://www.4399.com/flash/65959.htm,高楼爆破无敌版
http://www.4399.com/flash/34726.htm,4399水果连连看
http://www.4399.com/flash/47634.htm,让子弹飞
http://www.4399.com/flash/122189.htm,史上最贱小游戏3
http://www.4399.com/flash/184591.htm,捣蛋猪HD8.0
http://www.4399.com/flash/50306.htm,奇妙水世界
http://www.4399.com/flash/143168.htm,手纸没有了
http://www.4399.com/flash/79452.htm,森林冰火人3
http://www.4399.com/flash/73311.htm,破蛋专家
http://www.4399.com/flash/92953.htm,逗小猴开心7
http://www.4399.com/flash/132546.htm,亚当找夏娃2
http://www.4399.com/flash/80972.htm,宠物连连看经典版2
http://www.4399.com/flash/138976.htm,盗金父子
http://www.4399.com/flash/69774.htm,高楼爆破2无敌版
http://www.4399.com/flash/42075.htm,光头小子找出口
http://www.4399.com/flash/86544.htm,鸡蛋大逃亡2
http://www.4399.com/flash/30543.htm,小婴儿逃出系列1
http://www.4399.com/flash/63828.htm,红球与绿球
http://www.4399.com/flash/106849.htm,坏蛋冰淇淋2
http://www.4399.com/flash/41483.htm,装载卡车
http://www.4399.com/flash/16395.htm,小婴儿逃出系列2
http://www.4399.com/flash/158011.htm,小汽车的英雄梦
http://www.4399.com/flash/73122.htm,装载卡车3
http://www.4399.com/flash/102581.htm,帮鸟儿解冻
http://www.4399.com/flash/33249.htm,帮小狗取手绢
http://www.4399.com/flash/9840.htm,在线弹钢琴
http://www.4399.com/flash/78828.htm,益智乐高2中文版
http://www.4399.com/flash/35965.htm,直升机打气球
http://www.4399.com/flash/92108.htm,连连看原版
http://www.4399.com/flash/97275.htm,3D旋转麻将连连看
http://www.4399.com/flash/46428.htm,空姐阿Sue
http://www.4399.com/flash/24571.htm,宠物连连看3.1无敌版
http://www.4399.com/flash/8670.htm,宠物连连看特别版
http://www.4399.com/flash/50909.htm,植物战僵尸3D连连看
http://www.4399.com/flash/27265.htm,火柴人逃狱记
http://www.4399.com/flash/157666.htm,史上最贱小游戏13
http://www.4399.com/flash/113790.htm,找你妹正式版
http://www.4399.com/flash/123789.htm,恐龙觅食
http://www.4399.com/flash/128952.htm,坏蛋冰淇淋3
http://www.4399.com/flash/48349.htm,爱吃水果的虫子
http://www.4399.com/flash/1244.htm,红孩儿连连看
http://www.4399.com/flash/152162.htm,盗金父子2
http://www.4399.com/flash/8954.htm,阿sue家做客
http://www.4399.com/flash/142569.htm,一把火
http://www.4399.com/flash/91402.htm,保护橙子增强版3
http://www.4399.com/flash/56745.htm,动画师和动画
http://www.4399.com/flash/117146.htm,火柴人智闯飞艇
http://www.4399.com/flash/1287.htm,新麻雀连连看
http://www.4399.com/flash/134715.htm,捣蛋猪HD3.8
http://www.4399.com/flash/62725.htm,蜗牛鲍勃2中文版
http://www.4399.com/flash/123611.htm,小汽车的爱情梦
http://www.4399.com/flash/135633.htm,糖果去哪儿了2
http://www.4399.com/flash/151340.htm,熊猫逃生记之日本
http://www.4399.com/flash/208363.htm,救援害怕的男孩
http://www.4399.com/flash/208362.htm,鳄鱼大逃脱
http://www.4399.com/flash/208361.htm,逃离大罐子44
http://www.4399.com/flash/208360.htm,逃离大罐子43
http://www.4399.com/flash/208356.htm,逃跑的宇航员
http://www.4399.com/flash/208355.htm,小梅花鹿逃脱
http://www.4399.com/flash/208341.htm,苏格兰猎犬逃脱
http://www.4399.com/flash/208338.htm,昏暗儿童房逃生24
http://www.4399.com/flash/208337.htm,逃离黑暗城堡
http://www.4399.com/flash/208332.htm,拘留所大逃脱
http://www.4399.com/flash/208331.htm,救援胆小的女孩
http://www.4399.com/flash/208330.htm,宇航员大逃生
http://www.4399.com/flash/208329.htm,救援小野兔
http://www.4399.com/flash/208328.htm,逃离厨师的家
http://www.4399.com/flash/208327.htm,逃离大罐子42
http://www.4399.com/flash/208326.htm,逃离大罐子41
http://www.4399.com/flash/208309.htm,女巫救援
http://www.4399.com/flash/208308.htm,救援笨重的女孩
http://www.4399.com/flash/208307.htm,昏暗儿童房逃生21
http://www.4399.com/flash/208306.htm,逃离奇幻秘谷
http://www.4399.com/flash/208305.htm,地下密室寻出口
http://www.4399.com/flash/208302.htm,黑暗城堡大逃脱
http://www.4399.com/flash/208301.htm,逃离大罐子40
http://www.4399.com/flash/208300.htm,逃离大罐子39
http://www.4399.com/flash/208299.htm,逃出奢华的房子
http://www.4399.com/flash/208298.htm,江林白鹭出逃
http://www.4399.com/flash/208297.htm,小猪猪大逃脱
http://www.4399.com/flash/208292.htm,逃离大道大厦
http://www.4399.com/flash/208291.htm,逃离破损的房子
http://www.4399.com/flash/208289.htm,逃离大罐子38
http://www.4399.com/flash/208287.htm,逃离大罐子37
http://www.4399.com/flash/208278.htm,受困猎人救援
http://www.4399.com/flash/208277.htm,红色洞穴逃亡
http://www.4399.com/flash/208275.htm,大猫逃脱
http://www.4399.com/flash/208274.htm,找到魔法球
http://www.4399.com/flash/208272.htm,运动员男孩逃跑
http://www.4399.com/flash/208270.htm,逃离幻想蝙蝠洞穴
http://www.4399.com/flash/208269.htm,救援吃瓜群众
http://www.4399.com/flash/208267.htm,逃离大罐子36
http://www.4399.com/flash/208266.htm,逃离大罐子35
http://www.4399.com/flash/208255.htm,逃离荒��沙漠之地
http://www.4399.com/flash/208253.htm,空置收容所逃脱
http://www.4399.com/flash/208252.htm,拯救可怜女生
http://www.4399.com/flash/208247.htm,小斑马救援
http://www.4399.com/flash/208245.htm,秋季林中逃脱
http://www.4399.com/flash/208243.htm,寻找指南针
http://www.4399.com/flash/208242.htm,小黄狗逃脱
http://www.4399.com/flash/208241.htm,逃离传统的厨房
http://www.4399.com/flash/208240.htm,逃离大罐子34
http://www.4399.com/flash/208239.htm,逃离大罐子33
http://www.4399.com/flash/208236.htm,帅气男孩逃脱
http://www.4399.com/flash/208234.htm,骡子逃跑
http://www.4399.com/flash/208222.htm,逃离大罐子32
http://www.4399.com/flash/208221.htm,逃离大罐子31
http://www.4399.com/flash/208216.htm,逃离国王城堡
http://www.4399.com/flash/208214.htm,逃离娱乐中心
http://www.4399.com/flash/1382.htm,宠物连连看2.5版
http://www.4399.com/flash/12669.htm,果蔬连连看
http://www.4399.com/flash/17801.htm,宠物连连看3.1
http://www.4399.com/flash/20660.htm,森林冰火人中文版
http://www.4399.com/flash/93551.htm,小鳄鱼爱洗澡中文版
http://www.4399.com/flash/113377.htm,森林冰火人4无敌版
http://www.4399.com/flash/10393.htm,石头连连看
http://www.4399.com/flash/79068.htm,高楼爆破3无敌版
http://www.4399.com/flash/853.htm,五子连珠
http://www.4399.com/flash/17403.htm,青蛙祖玛
http://www.4399.com/flash/57474.htm,蝴蝶连连看
http://www.4399.com/flash/4781.htm,花花连连看
http://www.4399.com/flash/136516.htm,消灭星星豪华版
http://www.4399.com/flash/54423.htm,4399打豆豆
http://www.4399.com/flash/2231.htm,宠物连连看2.6
http://www.4399.com/flash/63033.htm,森林冰火人双人迷宫
http://www.4399.com/flash/68259.htm,河马饲养员
http://www.4399.com/flash/106202.htm,消灭星星中文版
http://www.4399.com/flash/62002.htm,疯狂过山车2
http://www.4399.com/flash/100125.htm,装载卡车4
http://www.4399.com/flash/131178.htm,帮鸟儿解冻3
http://www.4399.com/flash/106933.htm,坏蛋冰淇淋2无敌版
http://www.4399.com/flash/171900.htm,装载卡车5
http://www.4399.com/flash/147327.htm,亚当找夏娃3
http://www.4399.com/flash/10919.htm,宠物连连看3.0版
http://www.4399.com/flash/71760.htm,小婴儿逃出系列3
http://www.4399.com/flash/156918.htm,坏小孩回家4
http://www.4399.com/flash/37529.htm,小火车过隧道无敌版
http://www.4399.com/flash/50350.htm,唤醒嗜睡的小人
http://www.4399.com/flash/41285.htm,朵拉的迷你高尔夫
http://www.4399.com/flash/130836.htm,消你妹
http://www.4399.com/flash/128302.htm,消灭星星3电脑版
http://www.4399.com/flash/103266.htm,炮兵突击
http://www.4399.com/flash/96689.htm,愤怒的小鸟太空版HD
http://www.4399.com/flash/57317.htm,激光炮轰小怪2
http://www.4399.com/flash/4782.htm,汽车标志连连看
http://www.4399.com/flash/89614.htm,托马斯过河
http://www.4399.com/flash/88882.htm,海绵宝宝3D大富翁2
http://www.4399.com/flash/138881.htm,激光炮轰小怪3加强版
http://www.4399.com/flash/21223.htm,小球进洞
http://www.4399.com/flash/89107.htm,黑太狼吃羊2
http://www.4399.com/flash/152489.htm,史上最贱小游戏之体育
http://www.4399.com/flash/80211.htm,中国熊猫2无敌版
http://www.4399.com/flash/92102.htm,连连看3.1原版
http://www.4399.com/flash/76887.htm,宠物连连看可爱版
http://www.4399.com/flash/66922.htm,亚当找夏娃中文版
http://www.4399.com/flash/65959.htm,高楼爆破无敌版
http://www.4399.com/flash/34726.htm,4399水果连连看
http://www.4399.com/flash/47634.htm,让子弹飞
http://www.4399.com/flash/122189.htm,史上最贱小游戏3
http://www.4399.com/flash/184591.htm,捣蛋猪HD8.0
http://www.4399.com/flash/50306.htm,奇妙水世界
http://www.4399.com/flash/143168.htm,手纸没有了
http://www.4399.com/flash/79452.htm,森林冰火人3
http://www.4399.com/flash/73311.htm,破蛋专家
http://www.4399.com/flash/92953.htm,逗小猴开心7
http://www.4399.com/flash/132546.htm,亚当找夏娃2
http://www.4399.com/flash/80972.htm,宠物连连看经典版2
http://www.4399.com/flash/138976.htm,盗金父子
http://www.4399.com/flash/69774.htm,高楼爆破2无敌版
http://www.4399.com/flash/42075.htm,光头小子找出口
http://www.4399.com/flash/86544.htm,鸡蛋大逃亡2
http://www.4399.com/flash/30543.htm,小婴儿逃出系列1
http://www.4399.com/flash/63828.htm,红球与绿球
http://www.4399.com/flash/106849.htm,坏蛋冰淇淋2
http://www.4399.com/flash/41483.htm,装载卡车
http://www.4399.com/flash/16395.htm,小婴儿逃出系列2
http://www.4399.com/flash/158011.htm,小汽车的英雄梦
http://www.4399.com/flash/73122.htm,装载卡车3
http://www.4399.com/flash/102581.htm,帮鸟儿解冻
http://www.4399.com/flash/33249.htm,帮小狗取手绢
http://www.4399.com/flash/9840.htm,在线弹钢琴
http://www.4399.com/flash/78828.htm,益智乐高2中文版
http://www.4399.com/flash/35965.htm,直升机打气球
http://www.4399.com/flash/92108.htm,连连看原版
http://www.4399.com/flash/97275.htm,3D旋转麻将连连看
http://www.4399.com/flash/46428.htm,空姐阿Sue
http://www.4399.com/flash/24571.htm,宠物连连看3.1无敌版
http://www.4399.com/flash/8670.htm,宠物连连看特别版
http://www.4399.com/flash/50909.htm,植物战僵尸3D连连看
http://www.4399.com/flash/27265.htm,火柴人逃狱记
http://www.4399.com/flash/157666.htm,史上最贱小游戏13
http://www.4399.com/flash/113790.htm,找你妹正式版
http://www.4399.com/flash/123789.htm,恐龙觅食
http://www.4399.com/flash/128952.htm,坏蛋冰淇淋3
http://www.4399.com/flash/48349.htm,爱吃水果的虫子
http://www.4399.com/flash/1244.htm,红孩儿连连看
http://www.4399.com/flash/152162.htm,盗金父子2
http://www.4399.com/flash/8954.htm,阿sue家做客
http://www.4399.com/flash/142569.htm,一把火
http://www.4399.com/flash/91402.htm,保护橙子增强版3
http://www.4399.com/flash/56745.htm,动画师和动画
http://www.4399.com/flash/117146.htm,火柴人智闯飞艇
http://www.4399.com/flash/1287.htm,新麻雀连连看
http://www.4399.com/flash/134715.htm,捣蛋猪HD3.8
http://www.4399.com/flash/62725.htm,蜗牛鲍勃2中文版
http://www.4399.com/flash/123611.htm,小汽车的爱情梦
http://www.4399.com/flash/135633.htm,糖果去哪儿了2
http://www.4399.com/flash/151340.htm,熊猫逃生记之日本
http://www.4399.com/flash/208213.htm,杂乱房间逃生
http://www.4399.com/flash/208212.htm,救援小鹈鹕
http://www.4399.com/flash/208211.htm,避暑别墅大逃脱
http://www.4399.com/flash/208210.htm,学童救援
http://www.4399.com/flash/208208.htm,昏暗儿童房逃生20
http://www.4399.com/flash/208206.htm,豺狼逃走
http://www.4399.com/flash/208191.htm,微笑男孩救援
http://www.4399.com/flash/208189.htm,逃出大学公寓
http://www.4399.com/flash/208187.htm,金币袋丢失
http://www.4399.com/flash/208185.htm,可爱橘猫逃脱
http://www.4399.com/flash/208183.htm,叶仙子逃脱
http://www.4399.com/flash/208181.htm,野兽逃脱
http://www.4399.com/flash/208180.htm,寻找遗失的魔法之戒
http://www.4399.com/flash/208179.htm,救援乖巧的小男孩
http://www.4399.com/flash/208178.htm,逃离吴哥窟蛇庙
http://www.4399.com/flash/208177.htm,逃离大罐子30
http://www.4399.com/flash/208176.htm,逃离大罐子29
http://www.4399.com/flash/208172.htm,餐厅内逃生
http://www.4399.com/flash/208169.htm,寻找房屋的钥匙
http://www.4399.com/flash/208161.htm,逃离有趣的部落
http://www.4399.com/flash/208170.htm,废弃办公室逃脱
http://www.4399.com/flash/208158.htm,大棕熊逃跑
http://www.4399.com/flash/208156.htm,小怪尤尔逃脱
http://www.4399.com/flash/208149.htm,逃离大罐子28
http://www.4399.com/flash/208148.htm,逃离大罐子27
http://www.4399.com/flash/208147.htm,逃离完善的别墅
http://www.4399.com/flash/208146.htm,逃离黑暗深处
http://www.4399.com/flash/208145.htm,救援愤怒的男孩
http://www.4399.com/flash/208142.htm,野兔救助
http://www.4399.com/flash/208141.htm,可爱绿鸭逃脱
http://www.4399.com/flash/208140.htm,逃离淳朴的房屋3
http://www.4399.com/flash/208139.htm,秘鲁男孩救援
http://www.4399.com/flash/208138.htm,绿洲沙漠逃脱
http://www.4399.com/flash/208137.htm,魔兔救援
http://www.4399.com/flash/208135.htm,小怪物逃跑
http://www.4399.com/flash/208134.htm,勤劳园丁救援
http://www.4399.com/flash/208133.htm,长尾猴子逃脱
http://www.4399.com/flash/208129.htm,古山寺逃脱
http://www.4399.com/flash/208111.htm,逃离独立公寓
http://www.4399.com/flash/208110.htm,救援青蛇
http://www.4399.com/flash/208108.htm,救援蓝色剑精灵
http://www.4399.com/flash/208106.htm,逃离大罐子26
http://www.4399.com/flash/208103.htm,逃离大罐子25
http://www.4399.com/flash/208089.htm,豪华游艇大逃生
http://www.4399.com/flash/208087.htm,科德先生逃脱
http://www.4399.com/flash/208085.htm,昏暗儿童房逃生19
http://www.4399.com/flash/208083.htm,酒店客房逃生
http://www.4399.com/flash/208082.htm,炫酷男孩逃脱
http://www.4399.com/flash/208080.htm,救援卡通生物
http://www.4399.com/flash/208078.htm,救援黑狐
http://www.4399.com/flash/208077.htm,救援黑熊
http://www.4399.com/flash/208076.htm,逃离大罐子24
http://www.4399.com/flash/208075.htm,逃离大罐子23
http://www.4399.com/flash/208059.htm,逃离遗弃的城堡
http://www.4399.com/flash/208057.htm,温柔的大象逃脱
http://www.4399.com/flash/208052.htm,废弃游乐园大逃脱
http://www.4399.com/flash/1382.htm,宠物连连看2.5版
http://www.4399.com/flash/12669.htm,果蔬连连看
http://www.4399.com/flash/17801.htm,宠物连连看3.1
http://www.4399.com/flash/20660.htm,森林冰火人中文版
http://www.4399.com/flash/93551.htm,小鳄鱼爱洗澡中文版
http://www.4399.com/flash/113377.htm,森林冰火人4无敌版
http://www.4399.com/flash/10393.htm,石头连连看
http://www.4399.com/flash/79068.htm,高楼爆破3无敌版
http://www.4399.com/flash/853.htm,五子连珠
http://www.4399.com/flash/17403.htm,青蛙祖玛
http://www.4399.com/flash/57474.htm,蝴蝶连连看
http://www.4399.com/flash/4781.htm,花花连连看
http://www.4399.com/flash/136516.htm,消灭星星豪华版
http://www.4399.com/flash/54423.htm,4399打豆豆
http://www.4399.com/flash/2231.htm,宠物连连看2.6
http://www.4399.com/flash/63033.htm,森林冰火人双人迷宫
http://www.4399.com/flash/68259.htm,河马饲养员
http://www.4399.com/flash/106202.htm,消灭星星中文版
http://www.4399.com/flash/62002.htm,疯狂过山车2
http://www.4399.com/flash/100125.htm,装载卡车4
http://www.4399.com/flash/131178.htm,帮鸟儿解冻3
http://www.4399.com/flash/106933.htm,坏蛋冰淇淋2无敌版
http://www.4399.com/flash/171900.htm,装载卡车5
http://www.4399.com/flash/147327.htm,亚当找夏娃3
http://www.4399.com/flash/10919.htm,宠物连连看3.0版
http://www.4399.com/flash/71760.htm,小婴儿逃出系列3
http://www.4399.com/flash/156918.htm,坏小孩回家4
http://www.4399.com/flash/37529.htm,小火车过隧道无敌版
http://www.4399.com/flash/50350.htm,唤醒嗜睡的小人
http://www.4399.com/flash/41285.htm,朵拉的迷你高尔夫
http://www.4399.com/flash/130836.htm,消你妹
http://www.4399.com/flash/128302.htm,消灭星星3电脑版
http://www.4399.com/flash/103266.htm,炮兵突击
http://www.4399.com/flash/96689.htm,愤怒的小鸟太空版HD
http://www.4399.com/flash/57317.htm,激光炮轰小怪2
http://www.4399.com/flash/4782.htm,汽车标志连连看
http://www.4399.com/flash/89614.htm,托马斯过河
http://www.4399.com/flash/88882.htm,海绵宝宝3D大富翁2
http://www.4399.com/flash/138881.htm,激光炮轰小怪3加强版
http://www.4399.com/flash/21223.htm,小球进洞
http://www.4399.com/flash/89107.htm,黑太狼吃羊2
http://www.4399.com/flash/152489.htm,史上最贱小游戏之体育
http://www.4399.com/flash/80211.htm,中国熊猫2无敌版
http://www.4399.com/flash/92102.htm,连连看3.1原版
http://www.4399.com/flash/76887.htm,宠物连连看可爱版
http://www.4399.com/flash/66922.htm,亚当找夏娃中文版
http://www.4399.com/flash/65959.htm,高楼爆破无敌版
http://www.4399.com/flash/34726.htm,4399水果连连看
http://www.4399.com/flash/47634.htm,让子弹飞
http://www.4399.com/flash/122189.htm,史上最贱小游戏3
http://www.4399.com/flash/184591.htm,捣蛋猪HD8.0
http://www.4399.com/flash/50306.htm,奇妙水世界
http://www.4399.com/flash/143168.htm,手纸没有了
http://www.4399.com/flash/79452.htm,森林冰火人3
http://www.4399.com/flash/73311.htm,破蛋专家
http://www.4399.com/flash/92953.htm,逗小猴开心7
http://www.4399.com/flash/132546.htm,亚当找夏娃2
http://www.4399.com/flash/80972.htm,宠物连连看经典版2
http://www.4399.com/flash/138976.htm,盗金父子
http://www.4399.com/flash/69774.htm,高楼爆破2无敌版
http://www.4399.com/flash/42075.htm,光头小子找出口
http://www.4399.com/flash/86544.htm,鸡蛋大逃亡2
http://www.4399.com/flash/30543.htm,小婴儿逃出系列1
http://www.4399.com/flash/63828.htm,红球与绿球
http://www.4399.com/flash/106849.htm,坏蛋冰淇淋2
http://www.4399.com/flash/41483.htm,装载卡车
http://www.4399.com/flash/16395.htm,小婴儿逃出系列2
http://www.4399.com/flash/158011.htm,小汽车的英雄梦
http://www.4399.com/flash/73122.htm,装载卡车3
http://www.4399.com/flash/102581.htm,帮鸟儿解冻
http://www.4399.com/flash/33249.htm,帮小狗取手绢
http://www.4399.com/flash/9840.htm,在线弹钢琴
http://www.4399.com/flash/78828.htm,益智乐高2中文版
http://www.4399.com/flash/35965.htm,直升机打气球
http://www.4399.com/flash/92108.htm,连连看原版
http://www.4399.com/flash/97275.htm,3D旋转麻将连连看
http://www.4399.com/flash/46428.htm,空姐阿Sue
http://www.4399.com/flash/24571.htm,宠物连连看3.1无敌版
http://www.4399.com/flash/8670.htm,宠物连连看特别版
http://www.4399.com/flash/50909.htm,植物战僵尸3D连连看
http://www.4399.com/flash/27265.htm,火柴人逃狱记
http://www.4399.com/flash/157666.htm,史上最贱小游戏13
http://www.4399.com/flash/113790.htm,找你妹正式版
http://www.4399.com/flash/123789.htm,恐龙觅食
http://www.4399.com/flash/128952.htm,坏蛋冰淇淋3
http://www.4399.com/flash/48349.htm,爱吃水果的虫子
http://www.4399.com/flash/1244.htm,红孩儿连连看
http://www.4399.com/flash/152162.htm,盗金父子2
http://www.4399.com/flash/8954.htm,阿sue家做客
http://www.4399.com/flash/142569.htm,一把火
http://www.4399.com/flash/91402.htm,保护橙子增强版3
http://www.4399.com/flash/56745.htm,动画师和动画
http://www.4399.com/flash/117146.htm,火柴人智闯飞艇
http://www.4399.com/flash/1287.htm,新麻雀连连看
http://www.4399.com/flash/134715.htm,捣蛋猪HD3.8
http://www.4399.com/flash/62725.htm,蜗牛鲍勃2中文版
http://www.4399.com/flash/123611.htm,小汽车的爱情梦
http://www.4399.com/flash/135633.htm,糖果去哪儿了2
http://www.4399.com/flash/151340.htm,熊猫逃生记之日本
